PdfType: central
Format: lhagrid1
---
0.001  0.001039345108679769  0.00108023825493656  0.001122740346477083  0.0011669146874283855  0.001212827072625273  0.0012605458856074806  0.0013101422004725427  0.0013616898877360855  0.0014152657243572044  0.0014709495080927908  0.0015288241763511529  0.0015889759297219475  0.0016514943603663948  0.0017164725854590347  0.0017840073858797646  0.0018541993503627147  0.0019271530253166913  0.0020029770705403223  0.0020817844210638168  0.0021636924553584207  0.0022488231701640942  0.0023373033621957836  0.002429264816998964  0.0025248445052357274  0.002624184786693745  0.0027274336223220047  0.0028347447946091204  0.002946278136632426  0.0030621997701190534  0.0031826823528735516  0.003307905335940545  0.00343805523088551  0.0035733258875917493  0.0037139187829872754  0.0038600433211317454  0.004011917145110291  0.004169766461198885  0.004333826375784006  0.004504341245538478  0.004681565041374952  0.0048657617267192565  0.005057205650666887  0.005256181956608318  0.0054629870069317086  0.005677928824435604  0.00590132755110901  0.00613351592496231  0.006374839775619047  0.006625658539406893  0.0068863457947148906  0.0071572898184144185  0.007438894164172531  0.0077315782635192  0.008035778050563503  0.008351946611289428  0.008680554858398231  0.009022092232702608  0.009377067432117183  0.009746009169331356  0.010129466959292725  0.010528011937674223  0.010942237711543916  0.01137276124350448  0.011820223770619224  0.012285291759493422  0.012768657898933363  0.013271042131661682  0.013793192726625698  0.014335887393495787  0.014899934441013804  0.01548617398091692  0.016095479179229908  0.01672875755678966  0.017386952340939052  0.018071043870403265  0.018782051055441146  0.01952103289544644  0.02028909005625913  0.021087366509536257  0.021917051236624074  0.022779379999469117  0.023675637181205977  0.024607157699163294  0.02557532899313709  0.026581593091892907  0.02762744876097482  0.02871445373502013  0.02984422703790468  0.03101845139417473  0.03223887573535667  0.03350731780487783  0.0348256668654783  0.036195886513145974  0.037620017601766274  0.039100181282842573  0.04063858216481469  0.04223751159668103  0.043899351080815434  0.04562657582006143  0.047421758404387476  0.049287572642593834  0.05122679754477868  0.053242321461494525  0.0553371463857602  0.0575143924243362  0.059777302444922596  0.062129246906201474  0.06457372887791815  0.06711438925847778  0.06975501219782888  0.07249953073371104  0.07535203264966117  0.07831676656350356  0.08139814825539268  0.08460076724483306  0.08792939362647283  0.09138898517485256  0.09498469472869094  0.09872187786570592  0.10260610087940301  0.10664314906971037  0.11083903535981095  0.11520000925200348  0.11973256613593385  0.1244434569630598  0.12933969830175757  0.13442858278804865  0.13971768998751175  0.1452148976845567  0.15092839361587698  0.15686668766555661  0.16303862453999335  0.16945339694151929  0.17612055926033943  0.1830500418051792  0.19025216559384006  0.19773765772569113  0.20551766735899143  0.21360378231684338  0.22200804634650934  0.23074297705779595  0.23982158456722816  0.2492573908757802  0.25906445000902345  0.2692573689496928  0.2798513293938472  0.290862110363026  0.30230611170608596  0.3142003785257203  0.32656262656603935  0.3394112685990307  0.3527654418491979  0.36664503649722135  0.38107072530510205  0.39606399440690976  0.41164717531099304  0.4278434781613236  0.4446770263075113  0.46217289223497693  0.48035713490880483  0.4992568385868943  0.5189001531602135  0.5393163360802504  0.5605357959361028  0.5825901377461097  0.6055122100314914  0.6293361537421076  0.6540974531071988  0.679832988486861  0.7065810913029688  0.734381601131354  0.7632759250402892  0.7933070992636506  0.8245198533006114  0.8569606765373503  0.8906778874900009  0.9257217057719621  0.9621443268927803  1.0  
0.1e+001 0.1e+007
-14 -12 12 14
4.15891037508293e+02 2.52182763207941e+00 3.47422939574893e+00 4.25673214880653e+02
4.15891037508293e+02 2.52182763207941e+00 3.47422939574893e+00 4.25673214880653e+02
4.32219782923404e+02 2.77979787217661e+00 3.78781397963987e+00 4.43552765279139e+02
4.32219782923404e+02 2.77979787217661e+00 3.78781397963987e+00 4.43552765279139e+02
4.48548528338514e+02 3.03776811227381e+00 4.10139856353080e+00 4.61432315677625e+02
4.48548528338514e+02 3.03776811227381e+00 4.10139856353080e+00 4.61432315677625e+02
4.64877273753625e+02 3.29573835237101e+00 4.41498314742174e+00 4.79311866076111e+02
4.64877273753625e+02 3.29573835237101e+00 4.41498314742174e+00 4.79311866076111e+02
4.81206019168735e+02 3.55370859246821e+00 4.72856773131268e+00 4.97191416474597e+02
4.81206019168735e+02 3.55370859246821e+00 4.72856773131268e+00 4.97191416474597e+02
5.06006347894010e+02 3.95223048287528e+00 5.21157316250285e+00 5.24369340659570e+02
5.06006347894010e+02 3.95223048287528e+00 5.21157316250285e+00 5.24369340659570e+02
5.23207836762138e+02 4.24149468001604e+00 5.55956873164203e+00 5.43264690947843e+02
5.23207836762138e+02 4.24149468001604e+00 5.55956873164203e+00 5.43264690947843e+02
5.40994083549829e+02 4.55193015654196e+00 5.93080122221826e+00 5.62840924412977e+02
5.40994083549829e+02 4.55193015654196e+00 5.93080122221826e+00 5.62840924412977e+02
5.59384966874982e+02 4.88508644079161e+00 6.32682224742939e+00 5.83122576292131e+02
5.59384966874982e+02 4.88508644079161e+00 6.32682224742939e+00 5.83122576292131e+02
5.78458268104879e+02 5.24563134277245e+00 6.75239446295091e+00 6.04203035273485e+02
5.78458268104879e+02 5.24563134277245e+00 6.75239446295091e+00 6.04203035273485e+02
5.98475412304848e+02 5.64817745592061e+00 7.22251387257702e+00 6.26394157452323e+02
5.98475412304848e+02 5.64817745592061e+00 7.22251387257702e+00 6.26394157452323e+02
6.19381039159794e+02 6.09085912655159e+00 7.73510741906494e+00 6.49631708284724e+02
6.19381039159794e+02 6.09085912655159e+00 7.73510741906494e+00 6.49631708284724e+02
6.41117906402255e+02 6.57167415357619e+00 8.28796361965000e+00 6.73849138571590e+02
6.41117906402255e+02 6.57167415357619e+00 8.28796361965000e+00 6.73849138571590e+02
6.63626825836164e+02 7.08847379458050e+00 8.87872332287336e+00 6.98977501051368e+02
6.63626825836164e+02 7.08847379458050e+00 8.87872332287336e+00 6.98977501051368e+02
6.86846597185765e+02 7.63895204044968e+00 9.50486984820982e+00 7.24945363987238e+02
6.86846597185765e+02 7.63895204044968e+00 9.50486984820982e+00 7.24945363987238e+02
7.10713939695745e+02 8.22063410500036e+00 1.01637184672829e+01 7.51678721640459e+02
7.10713939695745e+02 8.22063410500036e+00 1.01637184672829e+01 7.51678721640459e+02
7.35163421406142e+02 8.83086407216781e+00 1.08524051827027e+01 7.79100901517683e+02
7.35163421406142e+02 8.83086407216781e+00 1.08524051827027e+01 7.79100901517683e+02
7.60127386022979e+02 9.46679163908938e+00 1.15678747576262e+01 8.07132468275966e+02
7.60127386022979e+02 9.46679163908938e+00 1.15678747576262e+01 8.07132468275966e+02
7.85522500310162e+02 1.01898468848404e+01 1.22756555379972e+01 8.35467165691632e+02
7.85522500310162e+02 1.01898468848404e+01 1.22756555379972e+01 8.35467165691632e+02
8.11212899617270e+02 1.10241295911945e+01 1.29544558087628e+01 8.63846231065905e+02
8.11212899617270e+02 1.10241295911945e+01 1.29544558087628e+01 8.63846231065905e+02
8.36883618643353e+02 1.19532887460877e+01 1.35873362698028e+01 8.91895807908473e+02
8.36883618643353e+02 1.19532887460877e+01 1.35873362698028e+01 8.91895807908473e+02
8.62534657388411e+02 1.29773243495198e+01 1.41742969211172e+01 9.19615896219336e+02
8.62534657388411e+02 1.29773243495198e+01 1.41742969211172e+01 9.19615896219336e+02
8.88166015852444e+02 1.40962364014909e+01 1.47153377627060e+01 9.47006495998494e+02
8.88166015852444e+02 1.40962364014909e+01 1.47153377627060e+01 9.47006495998494e+02
9.13777694035452e+02 1.53100249020010e+01 1.52104587945691e+01 9.74067607245946e+02
9.13777694035452e+02 1.53100249020010e+01 1.52104587945691e+01 9.74067607245946e+02
9.39369691937436e+02 1.66186898510500e+01 1.56596600167066e+01 1.00079922996169e+03
9.39369691937436e+02 1.66186898510500e+01 1.56596600167066e+01 1.00079922996169e+03
9.64942009558395e+02 1.80222312486381e+01 1.60629414291184e+01 1.02720136414574e+03
9.64942009558395e+02 1.80222312486381e+01 1.60629414291184e+01 1.02720136414574e+03
9.90302744407995e+02 1.95105842730790e+01 1.64589049008862e+01 1.05328226202458e+03
9.90302744407995e+02 1.95105842730790e+01 1.64589049008862e+01 1.05328226202458e+03
1.01464347174904e+03 2.10413490013054e+01 1.70101679457959e+01 1.07907668762882e+03
1.01464347174904e+03 2.10413490013054e+01 1.70101679457959e+01 1.07907668762882e+03
1.03797756857428e+03 2.25500364373898e+01 1.77479429718584e+01 1.10480859943189e+03
1.03797756857428e+03 2.25500364373898e+01 1.77479429718584e+01 1.10480859943189e+03
1.06031133817198e+03 2.40062591287209e+01 1.86869373807885e+01 1.13058352749206e+03
1.06031133817198e+03 2.40062591287209e+01 1.86869373807885e+01 1.13058352749206e+03
1.08164478054216e+03 2.54100170752985e+01 1.98271511725864e+01 1.15640147180934e+03
1.08164478054216e+03 2.54100170752985e+01 1.98271511725864e+01 1.15640147180934e+03
1.10197789568481e+03 2.67613102771228e+01 2.11685843472519e+01 1.18226243238371e+03
1.10197789568481e+03 2.67613102771228e+01 2.11685843472519e+01 1.18226243238371e+03
1.12131068359993e+03 2.80601387341936e+01 2.27112369047851e+01 1.20816640921519e+03
1.12131068359993e+03 2.80601387341936e+01 2.27112369047851e+01 1.20816640921519e+03
1.13964314428753e+03 2.93065024465111e+01 2.44551088451861e+01 1.23411340230378e+03
1.13964314428753e+03 2.93065024465111e+01 2.44551088451861e+01 1.23411340230378e+03
1.15697527774760e+03 3.05004014140752e+01 2.64002001684547e+01 1.26010341164946e+03
1.15697527774760e+03 3.05004014140752e+01 2.64002001684547e+01 1.26010341164946e+03
1.17351369247765e+03 3.18125621193344e+01 2.86097015541237e+01 1.28585180883540e+03
1.17351369247765e+03 3.18125621193344e+01 2.86097015541237e+01 1.28585180883540e+03
1.18953717550154e+03 3.33248445471476e+01 3.10715845450567e+01 1.31123064758800e+03
1.18953717550154e+03 3.33248445471476e+01 3.10715845450567e+01 1.31123064758800e+03
1.20585415155649e+03 3.50796486205821e+01 3.36232316274675e+01 1.33620516387665e+03
1.20585415155649e+03 3.50796486205821e+01 3.36232316274675e+01 1.33620516387665e+03
1.22246462064248e+03 3.70769743396379e+01 3.62646428013562e+01 1.36077535770136e+03
1.22246462064248e+03 3.70769743396379e+01 3.62646428013562e+01 1.36077535770136e+03
1.23936858275952e+03 3.93168217043150e+01 3.89958180667227e+01 1.38494122906213e+03
1.23936858275952e+03 3.93168217043150e+01 3.89958180667227e+01 1.38494122906213e+03
1.25656603790760e+03 4.17991907146134e+01 4.18167574235670e+01 1.40870277795896e+03
1.25656603790760e+03 4.17991907146134e+01 4.18167574235670e+01 1.40870277795896e+03
1.27405698608673e+03 4.45240813705330e+01 4.47274608718892e+01 1.43206000439185e+03
1.27405698608673e+03 4.45240813705330e+01 4.47274608718892e+01 1.43206000439185e+03
1.29184142729691e+03 4.74914936720740e+01 4.77279284116892e+01 1.45501290836079e+03
1.29184142729691e+03 4.74914936720740e+01 4.77279284116892e+01 1.45501290836079e+03
1.30969757668643e+03 5.07106392479284e+01 5.08280611981614e+01 1.47754802756555e+03
1.30969757668643e+03 5.07106392479284e+01 5.08280611981614e+01 1.47754802756555e+03
1.32682085589691e+03 5.42149355160777e+01 5.40637780739649e+01 1.49961652424580e+03
1.32682085589691e+03 5.42149355160777e+01 5.40637780739649e+01 1.49961652424580e+03
1.34300465643084e+03 5.78336559940734e+01 5.73718883595672e+01 1.52150302681838e+03
1.34300465643084e+03 5.78336559940734e+01 5.73718883595672e+01 1.52150302681838e+03
1.35816209375469e+03 6.14950055187427e+01 6.07258186430231e+01 1.54332722933040e+03
1.35816209375469e+03 6.14950055187427e+01 6.07258186430231e+01 1.54332722933040e+03
1.37229316786844e+03 6.51989840900856e+01 6.41255689243326e+01 1.56508913178185e+03
1.37229316786844e+03 6.51989840900856e+01 6.41255689243326e+01 1.56508913178185e+03
1.38539787877211e+03 6.89455917081021e+01 6.75711392034956e+01 1.58678873417273e+03
1.38539787877211e+03 6.89455917081021e+01 6.75711392034956e+01 1.58678873417273e+03
1.39747622646568e+03 7.27348283727923e+01 7.10625294805123e+01 1.60842603650304e+03
1.39747622646568e+03 7.27348283727923e+01 7.10625294805123e+01 1.60842603650304e+03
1.40852821094917e+03 7.65666940841559e+01 7.45997397553824e+01 1.63000103877279e+03
1.40852821094917e+03 7.65666940841559e+01 7.45997397553824e+01 1.63000103877279e+03
1.41855383222257e+03 8.04411888421933e+01 7.81827700281062e+01 1.65151374098197e+03
1.41855383222257e+03 8.04411888421933e+01 7.81827700281062e+01 1.65151374098197e+03
1.42782243936916e+03 8.45024781618454e+01 8.19018535914312e+01 1.67263217993736e+03
1.42782243936916e+03 8.45024781618454e+01 8.19018535914312e+01 1.67263217993736e+03
1.43665634531984e+03 8.87951567319513e+01 8.57807667004886e+01 1.69324592064664e+03
1.43665634531984e+03 8.87951567319513e+01 8.57807667004886e+01 1.69324592064664e+03
1.44586012843299e+03 9.32858071345296e+01 8.97835905126191e+01 1.71340380087012e+03
1.44586012843299e+03 9.32858071345296e+01 8.97835905126191e+01 1.71340380087012e+03
1.45543378870861e+03 9.79744293695802e+01 9.39103250278227e+01 1.73310582060782e+03
1.45543378870861e+03 9.79744293695802e+01 9.39103250278227e+01 1.73310582060782e+03
1.46537732614670e+03 1.02861023437103e+02 9.81609702460995e+01 1.75235197985973e+03
1.46537732614670e+03 1.02861023437103e+02 9.81609702460995e+01 1.75235197985973e+03
1.47569074074726e+03 1.07945589337099e+02 1.02535526167449e+02 1.77114227862584e+03
1.47569074074726e+03 1.07945589337099e+02 1.02535526167449e+02 1.77114227862584e+03
1.48637403251029e+03 1.13228127069566e+02 1.07033992791872e+02 1.78947671690617e+03
1.48637403251029e+03 1.13228127069566e+02 1.07033992791872e+02 1.78947671690617e+03
1.49742720143580e+03 1.18708636634507e+02 1.11656370119369e+02 1.80735529470071e+03
1.49742720143580e+03 1.18708636634507e+02 1.11656370119369e+02 1.80735529470071e+03
1.50844796653688e+03 1.24395549493942e+02 1.16434041953395e+02 1.82430944204013e+03
1.50844796653688e+03 1.24395549493942e+02 1.16434041953395e+02 1.82430944204013e+03
1.51816478442770e+03 1.30315516098966e+02 1.21466207284230e+02 1.83885808707494e+03
1.51816478442770e+03 1.30315516098966e+02 1.21466207284230e+02 1.83885808707494e+03
1.52630830602498e+03 1.36324370934640e+02 1.26662632819126e+02 1.85133319299835e+03
1.52630830602498e+03 1.36324370934640e+02 1.26662632819126e+02 1.85133319299835e+03
1.53277800324953e+03 1.42368307683430e+02 1.31989641147757e+02 1.86185865710294e+03
1.53277800324953e+03 1.42368307683430e+02 1.31989641147757e+02 1.86185865710294e+03
1.53757387610136e+03 1.48447326345338e+02 1.37447232270123e+02 1.87043447938870e+03
1.53757387610136e+03 1.48447326345338e+02 1.37447232270123e+02 1.87043447938870e+03
1.54069592458046e+03 1.54561426920363e+02 1.43035406186224e+02 1.87706065985564e+03
1.54069592458046e+03 1.54561426920363e+02 1.43035406186224e+02 1.87706065985564e+03
1.54214414868683e+03 1.60710609408505e+02 1.48754162896060e+02 1.88173719850375e+03
1.54214414868683e+03 1.60710609408505e+02 1.48754162896060e+02 1.88173719850375e+03
1.54191854842047e+03 1.66894873809765e+02 1.54603502399631e+02 1.88446409533303e+03
1.54191854842047e+03 1.66894873809765e+02 1.54603502399631e+02 1.88446409533303e+03
1.54001912378139e+03 1.73114220124141e+02 1.60583424696938e+02 1.88524135034349e+03
1.54001912378139e+03 1.73114220124141e+02 1.60583424696938e+02 1.88524135034349e+03
1.53601442714402e+03 1.79346011369042e+02 1.66806238000966e+02 1.88320527594817e+03
1.53601442714402e+03 1.79346011369042e+02 1.66806238000966e+02 1.88320527594817e+03
1.53016480478675e+03 1.85574369121711e+02 1.73277504901119e+02 1.87854031204214e+03
1.53016480478675e+03 1.85574369121711e+02 1.73277504901119e+02 1.87854031204214e+03
1.52374180009543e+03 1.91772642931055e+02 1.79898026407118e+02 1.87272753047491e+03
1.52374180009543e+03 1.91772642931055e+02 1.79898026407118e+02 1.87272753047491e+03
1.51674541307005e+03 1.97940832797072e+02 1.86667802518963e+02 1.86576693124647e+03
1.51674541307005e+03 1.97940832797072e+02 1.86667802518963e+02 1.86576693124647e+03
1.50917564371060e+03 2.04078938719764e+02 1.93586833236655e+02 1.85765851435682e+03
1.50917564371060e+03 2.04078938719764e+02 1.93586833236655e+02 1.85765851435682e+03
1.50103249201709e+03 2.10186960699130e+02 2.00655118560193e+02 1.84840227980596e+03
1.50103249201709e+03 2.10186960699130e+02 2.00655118560193e+02 1.84840227980596e+03
1.49231595798952e+03 2.16264898735170e+02 2.07872658489577e+02 1.83799822759390e+03
1.49231595798952e+03 2.16264898735170e+02 2.07872658489577e+02 1.83799822759390e+03
1.48302604162789e+03 2.22312752827883e+02 2.15239453024807e+02 1.82644635772063e+03
1.48302604162789e+03 2.22312752827883e+02 2.15239453024807e+02 1.82644635772063e+03
1.47298587047795e+03 2.28376274021094e+02 2.22669107790819e+02 1.81382143641261e+03
1.47298587047795e+03 2.28376274021094e+02 2.22669107790819e+02 1.81382143641261e+03
1.46170382638138e+03 2.34582627644192e+02 2.29921489049790e+02 1.80033127689152e+03
1.46170382638138e+03 2.34582627644192e+02 2.29921489049790e+02 1.80033127689152e+03
1.44961135696376e+03 2.40954450679769e+02 2.36884288588732e+02 1.78683956674433e+03
1.44961135696376e+03 2.40954450679769e+02 2.36884288588732e+02 1.78683956674433e+03
1.43685039693359e+03 2.47499190088559e+02 2.43520560014786e+02 1.77363043604530e+03
1.43685039693359e+03 2.47499190088559e+02 2.43520560014786e+02 1.77363043604530e+03
1.42342094629085e+03 2.54216845870561e+02 2.49830303327952e+02 1.76070388479441e+03
1.42342094629085e+03 2.54216845870561e+02 2.49830303327952e+02 1.76070388479441e+03
1.40932300503556e+03 2.61107418025775e+02 2.55813518528231e+02 1.74805991299167e+03
1.40932300503556e+03 2.61107418025775e+02 2.55813518528231e+02 1.74805991299167e+03
1.39455657316771e+03 2.68170906554201e+02 2.61470205615622e+02 1.73569852063708e+03
1.39455657316771e+03 2.68170906554201e+02 2.61470205615622e+02 1.73569852063708e+03
1.37912165068730e+03 2.75407311455840e+02 2.66800364590126e+02 1.72361970773064e+03
1.37912165068730e+03 2.75407311455840e+02 2.66800364590126e+02 1.72361970773064e+03
1.36301823759433e+03 2.82816632730691e+02 2.71803995451741e+02 1.71182347427234e+03
1.36301823759433e+03 2.82816632730691e+02 2.71803995451741e+02 1.71182347427234e+03
1.34544880696867e+03 2.89949873536463e+02 2.76453273773081e+02 1.69950808142958e+03
1.34544880696867e+03 2.89949873536463e+02 2.76453273773081e+02 1.69950808142958e+03
1.32636095542947e+03 2.96632203642942e+02 2.80826594865270e+02 1.68636827628542e+03
1.32636095542947e+03 2.96632203642942e+02 2.80826594865270e+02 1.68636827628542e+03
1.30624630113502e+03 3.02736457720738e+02 2.85164092466134e+02 1.67219624561816e+03
1.30624630113502e+03 3.02736457720738e+02 2.85164092466134e+02 1.67219624561816e+03
1.28510484408533e+03 3.08262635769853e+02 2.89465766575671e+02 1.65699198942781e+03
1.28510484408533e+03 3.08262635769853e+02 2.89465766575671e+02 1.65699198942781e+03
1.26293658428041e+03 3.13210737790286e+02 2.93731617193882e+02 1.64075550771436e+03
1.26293658428041e+03 3.13210737790286e+02 2.93731617193882e+02 1.64075550771436e+03
1.23974152172024e+03 3.17580763782036e+02 2.97961644320766e+02 1.62348680047782e+03
1.23974152172024e+03 3.17580763782036e+02 2.97961644320766e+02 1.62348680047782e+03
1.21551965640484e+03 3.21372713745105e+02 3.02155847956325e+02 1.60518586771818e+03
1.21551965640484e+03 3.21372713745105e+02 3.02155847956325e+02 1.60518586771818e+03
1.19027098833419e+03 3.24586587679491e+02 3.06314228100557e+02 1.58585270943544e+03
1.19027098833419e+03 3.24586587679491e+02 3.06314228100557e+02 1.58585270943544e+03
1.16416043040952e+03 3.27199175957736e+02 3.10291064046430e+02 1.56520794590503e+03
1.16416043040952e+03 3.27199175957736e+02 3.10291064046430e+02 1.56520794590503e+03
1.13759403222281e+03 3.29153331687803e+02 3.13727561344245e+02 1.54256368659594e+03
1.13759403222281e+03 3.29153331687803e+02 3.13727561344245e+02 1.54256368659594e+03
1.11136932069421e+03 3.30898051711985e+02 3.16651544421391e+02 1.51872167034080e+03
1.11136932069421e+03 3.30898051711985e+02 3.16651544421391e+02 1.51872167034080e+03
1.08571557165882e+03 3.32562415216671e+02 3.19071012341806e+02 1.49391238383008e+03
1.08571557165882e+03 3.32562415216671e+02 3.19071012341806e+02 1.49391238383008e+03
1.06063278511664e+03 3.34146422201862e+02 3.20985965105489e+02 1.46813582706378e+03
1.06063278511664e+03 3.34146422201862e+02 3.20985965105489e+02 1.46813582706378e+03
1.03612096106767e+03 3.35650072667558e+02 3.22396402712440e+02 1.44139200004190e+03
1.03612096106767e+03 3.35650072667558e+02 3.22396402712440e+02 1.44139200004190e+03
1.01218009951191e+03 3.37073366613759e+02 3.23302325162660e+02 1.41368090276445e+03
1.01218009951191e+03 3.37073366613759e+02 3.23302325162660e+02 1.41368090276445e+03
9.88810200449362e+02 3.38416304040465e+02 3.23703732456148e+02 1.38500253523142e+03
9.88810200449362e+02 3.38416304040465e+02 3.23703732456148e+02 1.38500253523142e+03
9.66011263880024e+02 3.39678884947675e+02 3.23600624592905e+02 1.35535689744281e+03
9.66011263880024e+02 3.39678884947675e+02 3.23600624592905e+02 1.35535689744281e+03
9.43314545842911e+02 3.40478983079980e+02 3.22834269405163e+02 1.32450806907016e+03
9.43314545842911e+02 3.40478983079980e+02 3.22834269405163e+02 1.32450806907016e+03
9.20438647776748e+02 3.40744847419382e+02 3.21510941712916e+02 1.29267680223435e+03
9.20438647776748e+02 3.40744847419382e+02 3.21510941712916e+02 1.29267680223435e+03
8.96977520089533e+02 3.40533624857915e+02 3.19989435965862e+02 1.26055098746637e+03
8.96977520089533e+02 3.40533624857915e+02 3.19989435965862e+02 1.26055098746637e+03
8.72931162781264e+02 3.39845315395579e+02 3.18269752164000e+02 1.22813062476623e+03
8.72931162781264e+02 3.39845315395579e+02 3.18269752164000e+02 1.22813062476623e+03
8.48299575851943e+02 3.38679919032375e+02 3.16351890307332e+02 1.19541571413393e+03
8.48299575851943e+02 3.38679919032375e+02 3.16351890307332e+02 1.19541571413393e+03
8.23082759301569e+02 3.37037435768302e+02 3.14235850395856e+02 1.16240625556946e+03
8.23082759301569e+02 3.37037435768302e+02 3.14235850395856e+02 1.16240625556946e+03
7.97280713130143e+02 3.34917865603361e+02 3.11921632429574e+02 1.12910224907283e+03
7.97280713130143e+02 3.34917865603361e+02 3.11921632429574e+02 1.12910224907283e+03
7.70893437337663e+02 3.32321208537551e+02 3.09409236408485e+02 1.09550369464403e+03
7.70893437337663e+02 3.32321208537551e+02 3.09409236408485e+02 1.09550369464403e+03
7.43999263073902e+02 3.29062686703718e+02 3.06602541655833e+02 1.06166380799407e+03
7.43999263073902e+02 3.29062686703718e+02 3.06602541655833e+02 1.06166380799407e+03
7.16770053290086e+02 3.24736887061660e+02 3.03290653996960e+02 1.02769934738798e+03
7.16770053290086e+02 3.24736887061660e+02 3.03290653996960e+02 1.02769934738798e+03
6.89674551947201e+02 3.19725935866789e+02 2.99632305599629e+02 9.93846233154215e+02
6.89674551947201e+02 3.19725935866789e+02 2.99632305599629e+02 9.93846233154215e+02
6.62829244705314e+02 3.14124793764562e+02 2.95666942350884e+02 9.60163092896477e+02
6.62829244705314e+02 3.14124793764562e+02 2.95666942350884e+02 9.60163092896477e+02
6.36234131564426e+02 3.07933460754979e+02 2.91394564250722e+02 9.26649926614767e+02
6.36234131564426e+02 3.07933460754979e+02 2.91394564250722e+02 9.26649926614767e+02
6.09889212524535e+02 3.01151936838041e+02 2.86815171299146e+02 8.93306734309087e+02
6.09889212524535e+02 3.01151936838041e+02 2.86815171299146e+02 8.93306734309087e+02
5.83794487585643e+02 2.93780222013748e+02 2.81928763496153e+02 8.60133515979436e+02
5.83794487585643e+02 2.93780222013748e+02 2.81928763496153e+02 8.60133515979436e+02
5.57949956747748e+02 2.85818316282100e+02 2.76735340841745e+02 8.27130271625815e+02
5.57949956747748e+02 2.85818316282100e+02 2.76735340841745e+02 8.27130271625815e+02
5.32355620010852e+02 2.77266219643096e+02 2.71234903335922e+02 7.94297001248222e+02
5.32355620010852e+02 2.77266219643096e+02 2.71234903335922e+02 7.94297001248222e+02
5.07372762767680e+02 2.67899722055868e+02 2.64948465948116e+02 7.61824935124743e+02
5.07372762767680e+02 2.67899722055868e+02 2.64948465948116e+02 7.61824935124743e+02
4.82999581001589e+02 2.57856109426946e+02 2.57870691195029e+02 7.29701363762572e+02
4.82999581001589e+02 2.57856109426946e+02 2.57870691195029e+02 7.29701363762572e+02
4.59064211761354e+02 2.47540794796527e+02 2.50212473251320e+02 6.97809528896683e+02
4.59064211761354e+02 2.47540794796527e+02 2.50212473251320e+02 6.97809528896683e+02
4.35566655046972e+02 2.36953778164614e+02 2.41973812116991e+02 6.66149430527076e+02
4.35566655046972e+02 2.36953778164614e+02 2.41973812116991e+02 6.66149430527076e+02
4.12506910858445e+02 2.26095059531206e+02 2.33154707792040e+02 6.34721068653751e+02
4.12506910858445e+02 2.26095059531206e+02 2.33154707792040e+02 6.34721068653751e+02
3.89884979195773e+02 2.14964638896302e+02 2.23755160276468e+02 6.03524443276708e+02
3.89884979195773e+02 2.14964638896302e+02 2.23755160276468e+02 6.03524443276708e+02
3.67700860058955e+02 2.03562516259903e+02 2.13775169570275e+02 5.72559554395946e+02
3.67700860058955e+02 2.03562516259903e+02 2.13775169570275e+02 5.72559554395946e+02
3.45954553447992e+02 1.91888691622009e+02 2.03214735673460e+02 5.41826402011466e+02
3.45954553447992e+02 1.91888691622009e+02 2.03214735673460e+02 5.41826402011466e+02
3.24758469023351e+02 1.80064019587972e+02 1.92183020998122e+02 5.11476922577169e+02
3.24758469023351e+02 1.80064019587972e+02 1.92183020998122e+02 5.11476922577169e+02
3.04333430752153e+02 1.68325913857711e+02 1.80894470430929e+02 4.81809588754217e+02
3.04333430752153e+02 1.68325913857711e+02 1.80894470430929e+02 4.81809588754217e+02
2.84318153241671e+02 1.56898584472095e+02 1.69828069002447e+02 4.52633170264524e+02
2.84318153241671e+02 1.56898584472095e+02 1.69828069002447e+02 4.52633170264524e+02
2.64636109358777e+02 1.45829523391750e+02 1.59085274872731e+02 4.23907160889895e+02
2.64636109358777e+02 1.45829523391750e+02 1.59085274872731e+02 4.23907160889895e+02
2.45287299103471e+02 1.35118730616677e+02 1.48666088041782e+02 3.95631560630329e+02
2.45287299103471e+02 1.35118730616677e+02 1.48666088041782e+02 3.95631560630329e+02
2.26271722475752e+02 1.24766206146875e+02 1.38570508509599e+02 3.67806369485826e+02
2.26271722475752e+02 1.24766206146875e+02 1.38570508509599e+02 3.67806369485826e+02
2.07589379475622e+02 1.14771949982345e+02 1.28798536276182e+02 3.40431587456386e+02
2.07589379475622e+02 1.14771949982345e+02 1.28798536276182e+02 3.40431587456386e+02
1.89240270103079e+02 1.05135962123086e+02 1.19350171341531e+02 3.13507214542009e+02
1.89240270103079e+02 1.05135962123086e+02 1.19350171341531e+02 3.13507214542009e+02
1.71224394358124e+02 9.58582425690991e+01 1.10225413705646e+02 2.87033250742696e+02
1.71224394358124e+02 9.58582425690991e+01 1.10225413705646e+02 2.87033250742696e+02
1.54467269338840e+02 8.72812324464852e+01 1.01635429490920e+02 2.62287470306016e+02
1.54467269338840e+02 8.72812324464852e+01 1.01635429490920e+02 2.62287470306016e+02
1.39020511721883e+02 7.93447668591502e+01 9.35084805593729e+01 2.39344392485842e+02
1.39020511721883e+02 7.93447668591502e+01 9.35084805593729e+01 2.39344392485842e+02
1.24663297540134e+02 7.18114321071747e+01 8.56301220243371e+01 2.17905544621012e+02
1.24663297540134e+02 7.18114321071747e+01 8.56301220243371e+01 2.17905544621012e+02
1.11395626793592e+02 6.46812281905587e+01 7.80003538858123e+01 1.97970926711525e+02
1.11395626793592e+02 6.46812281905587e+01 7.80003538858123e+01 1.97970926711525e+02
9.92174994822578e+01 5.79541551093021e+01 7.06191761437984e+01 1.79540538757381e+02
9.92174994822578e+01 5.79541551093021e+01 7.06191761437984e+01 1.79540538757381e+02
8.81289156061313e+01 5.16302128634050e+01 6.34865887982955e+01 1.62614380758581e+02
8.81289156061313e+01 5.16302128634050e+01 6.34865887982955e+01 1.62614380758581e+02
7.81298751652126e+01 4.57094014528673e+01 5.66025918493036e+01 1.47192452715125e+02
7.81298751652126e+01 4.57094014528673e+01 5.66025918493036e+01 1.47192452715125e+02
6.92203781595015e+01 4.01917208776891e+01 4.99671852968226e+01 1.33274754627011e+02
6.92203781595015e+01 4.01917208776891e+01 4.99671852968226e+01 1.33274754627011e+02
6.15271440505664e+01 3.51841103188572e+01 4.37403050368246e+01 1.21024222071808e+02
6.15271440505664e+01 3.51841103188572e+01 4.37403050368246e+01 1.21024222071808e+02
5.52739154517251e+01 3.08753872754670e+01 3.82043423838336e+01 1.10728542761221e+02
5.52739154517251e+01 3.08753872754670e+01 3.82043423838336e+01 1.10728542761221e+02
4.95351752648950e+01 2.69231106214167e+01 3.31481312154582e+01 1.01109942447680e+02
4.95351752648950e+01 2.69231106214167e+01 3.31481312154582e+01 1.01109942447680e+02
4.41468971529509e+01 2.32665906474486e+01 2.85342472575789e+01 9.19419654234113e+01
4.41468971529509e+01 2.32665906474486e+01 2.85342472575789e+01 9.19419654234113e+01
3.91090811158930e+01 1.99058273535628e+01 2.43626905101958e+01 8.32246116884156e+01
3.91090811158930e+01 1.99058273535628e+01 2.43626905101958e+01 8.32246116884156e+01
3.44217271537211e+01 1.68408207397593e+01 2.06334609733089e+01 7.49578812426928e+01
3.44217271537211e+01 1.68408207397593e+01 2.06334609733089e+01 7.49578812426928e+01
3.00848352664354e+01 1.40715708060380e+01 1.73465586469180e+01 6.71417740862429e+01
3.00848352664354e+01 1.40715708060380e+01 1.73465586469180e+01 6.71417740862429e+01
2.60984054540358e+01 1.15980775523991e+01 1.45019835310234e+01 5.97762902190660e+01
2.60984054540358e+01 1.15980775523991e+01 1.45019835310234e+01 5.97762902190660e+01
2.24624377165223e+01 9.42034097884247e+00 1.20997356256249e+01 5.28614296411619e+01
2.24624377165223e+01 9.42034097884247e+00 1.20997356256249e+01 5.28614296411619e+01
1.93787879178318e+01 7.67229960851073e+00 1.02460775654569e+01 4.67205457192339e+01
1.93787879178318e+01 7.67229960851073e+00 1.02460775654569e+01 4.67205457192339e+01
1.67499157602739e+01 6.26637567028701e+00 8.79643419152341e+00 4.12374450445751e+01
1.67499157602739e+01 6.26637567028701e+00 8.79643419152341e+00 4.12374450445751e+01
1.43520786305308e+01 5.01375166507585e+00 7.46841418930032e+00 3.61244399054793e+01
1.43520786305308e+01 5.01375166507585e+00 7.46841418930032e+00 3.61244399054793e+01
1.21852765286025e+01 3.91442759287726e+00 6.26201755878760e+00 3.13815303019466e+01
1.21852765286025e+01 3.91442759287726e+00 6.26201755878760e+00 3.13815303019466e+01
1.02495094544891e+01 2.96840345369124e+00 5.17724429998523e+00 2.70087162339769e+01
1.02495094544891e+01 2.96840345369124e+00 5.17724429998523e+00 2.70087162339769e+01
8.54477740819040e+00 2.17567924751777e+00 4.21409441289324e+00 2.30059977015703e+01
8.54477740819040e+00 2.17567924751777e+00 4.21409441289324e+00 2.30059977015703e+01
7.07108038970655e+00 1.53625497435687e+00 3.37256789751160e+00 1.93733747047268e+01
7.07108038970655e+00 1.53625497435687e+00 3.37256789751160e+00 1.93733747047268e+01
5.82841839903752e+00 1.05013063420854e+00 2.65266475384033e+00 1.61108472434463e+01
5.82841839903752e+00 1.05013063420854e+00 2.65266475384033e+00 1.61108472434463e+01
4.83807285313925e+00 7.23308437472180e-01 2.07154127406723e+00 1.33003608740403e+01
4.83807285313925e+00 7.23308437472180e-01 2.07154127406723e+00 1.33003608740403e+01
4.13392031710149e+00 5.65342929867133e-01 1.65650749352507e+00 1.10723596349837e+01
4.13392031710149e+00 5.65342929867133e-01 1.65650749352507e+00 1.10723596349837e+01
3.51410492698728e+00 4.42295588250790e-01 1.30130077747951e+00 9.10349015957316e+00
3.51410492698728e+00 4.42295588250790e-01 1.30130077747951e+00 9.10349015957316e+00
2.94944751891875e+00 3.34805002753193e-01 9.90560388954513e-01 7.34701027894883e+00
2.94944751891875e+00 3.34805002753193e-01 9.90560388954513e-01 7.34701027894883e+00
2.43994809289592e+00 2.42871173374343e-01 7.24286327950084e-01 5.80291999311074e+00
2.43994809289592e+00 2.42871173374343e-01 7.24286327950084e-01 5.80291999311074e+00
1.98560664891878e+00 1.66494100114240e-01 5.02478594466221e-01 4.47121930205889e+00
1.98560664891878e+00 1.66494100114240e-01 5.02478594466221e-01 4.47121930205889e+00
1.58642318698732e+00 1.05673782972883e-01 3.25137188502923e-01 3.35190820579326e+00
1.58642318698732e+00 1.05673782972883e-01 3.25137188502923e-01 3.35190820579326e+00
1.24239770710155e+00 6.04102219502726e-02 1.92262110060192e-01 2.44498670431387e+00
1.24239770710155e+00 6.04102219502726e-02 1.92262110060192e-01 2.44498670431387e+00
9.53530209261469e-01 3.07034170464090e-02 1.03853359138027e-01 1.75045479762072e+00
9.53530209261469e-01 3.07034170464090e-02 1.03853359138027e-01 1.75045479762072e+00
7.37764419399019e-01 1.69660185938068e-02 6.14044364472639e-02 1.29985921197425e+00
7.37764419399019e-01 1.69660185938068e-02 6.14044364472639e-02 1.29985921197425e+00
5.75858167209573e-01 1.32427125741011e-02 4.79287813449735e-02 1.01483957488326e+00
5.75858167209573e-01 1.32427125741011e-02 4.79287813449735e-02 1.01483957488326e+00
4.33934887603412e-01 9.97895326796045e-03 3.61163584984013e-02 7.64951847873048e-01
4.33934887603412e-01 9.97895326796045e-03 3.61163584984013e-02 7.64951847873048e-01
3.11994580580536e-01 7.17474067538480e-03 2.59671679075472e-02 5.50196030943613e-01
3.11994580580536e-01 7.17474067538480e-03 2.59671679075472e-02 5.50196030943613e-01
2.52983140416009e-01 5.81767874262386e-03 2.10556011707949e-02 4.46261721317402e-01
2.52983140416009e-01 5.81767874262386e-03 2.10556011707949e-02 4.46261721317402e-01
1.34960260086956e-01 3.10355487710198e-03 1.12324676972902e-02 2.38393102064981e-01
1.34960260086956e-01 3.10355487710198e-03 1.12324676972902e-02 2.38393102064981e-01
1.69373797579030e-02 3.89431011580090e-04 1.40933422378552e-03 3.05244828125595e-02
1.69373797579030e-02 3.89431011580090e-04 1.40933422378552e-03 3.05244828125595e-02
0.00000000000000e+00 0.00000000000000e+00 0.00000000000000e+00 0.00000000000000e+00
0.00000000000000e+00 0.00000000000000e+00 0.00000000000000e+00 0.00000000000000e+00
0.00000000000000e+00 0.00000000000000e+00 0.00000000000000e+00 0.00000000000000e+00
0.00000000000000e+00 0.00000000000000e+00 0.00000000000000e+00 0.00000000000000e+00
---