PdfType: mean pdf
Format: lhagrid1
---
0.000335462624207139 0.0003463710309006274 0.0003576341550797224 0.00036926352186128497 0.00038127106381580234 0.0003936690336558968 0.00040647017885930836 0.00041968756704591215 0.000433334760600701 0.0004474257293622941 0.000461974908830598 0.0004769971710629761 0.0004925079410895705 0.0005085230804979801 0.0005250589456409216 0.0005421325913630426 0.0005597613635472953 0.0005779634229838848 0.0005967573379166424 0.0006161623750813305 0.0006361984414979815 0.000656886026263237 0.0006782463169656694 0.0007003011996857822 0.0007230732589960098 0.0007465858361683786 0.0007708629127591848 0.0007959294598549604 0.0008218110888265073 0.000848534342367202 0.0008761265780776739 0.000904616026673466 0.0009340318501926959 0.0009644042584113777 0.0009957642760127783 0.001028144033625722 0.0010615767678245902 0.0010960965882986784 0.001131738885305822 0.0011685402132570744 0.0012065381743013859 0.0012457718839868903 0.0012862812727689743 0.00132810790091753 0.00137129460927099 0.0014158857520669699 0.0014619267312809825 0.0015094650443643332 0.00155854900367558 0.001609229133464396 0.001661557238548994 0.0017155869863927364 0.001771373557858169 0.0018289742292836308 0.0018884479068219662 0.0019498554756864905 0.002013260032981634 0.002078726189211011 0.002146321116015315 0.0022161141969263554 0.00228817667812109 0.002362582366913557 0.002439407631754875 0.0025187311694025993 0.002600634004920721 0.0026852001901715994 0.00277251610532403 0.0028626713901758194 0.0029557584784924984 0.0030518723651766777 0.003151111537590623 0.0032535779755562544 0.0033593762200325727 0.003468614537268877 0.003581405384466052 0.003697863779962063 0.00381810893304646 0.0039422642439603806 0.004070457071065903 0.0042028180323541164 0.004339483100920916 0.00448059244081378 0.004626289941370487 0.004776725545525551 0.004932052921503782 0.0050924308598041534 0.005258023738861084 0.0054290019907057285 0.005605539306998253 0.005787817295640707 0.005976022686809301 0.006170348264276981 0.00637099239975214 0.006578161381185055 0.006792066618800163 0.007012927904725075 0.007240970619022846 0.007476428989320993 0.0077195437625050545 0.007970564067363739 0.008229747414588928 0.008497358299791813 0.00877367053180933 0.009058969095349312 0.009353543631732464 0.00965769775211811 0.0099717415869236 0.010295998305082321 0.010630798526108265 0.010976484976708889 0.011333413422107697 0.011701947078108788 0.012082465924322605 0.01247535739094019 0.012881024740636349 0.013299883343279362 0.013732362538576126 0.014178904704749584 0.014639967121183872 0.015116022899746895 0.015607558190822601 0.01611507683992386 0.016639098525047302 0.01718016155064106 0.017738817259669304 0.018315639346837997 0.018911218270659447 0.01952616311609745 0.020161105319857597 0.02081669494509697 0.02149360068142414 0.022192519158124924 0.022914165630936623 0.023659275844693184 0.02442861720919609 0.02522297576069832 0.026043163612484932 0.026890020817518234 0.027764419093728065 0.02866724692285061 0.02959943562746048 0.030561935156583786 0.03155573457479477 0.03258184716105461 0.033641327172517776 0.03473525866866112 0.03586476296186447 0.03703099489212036 0.038235150277614594 0.03947846218943596 0.04076220467686653 0.04208768904209137 0.04345627501606941 0.04486936703324318 0.046328406780958176 0.047834888100624084 0.049390360713005066 0.050996411591768265 0.0526546873152256 0.054366886615753174 0.05613476410508156 0.05796012654900551 0.05984484404325485 0.06179085001349449 0.0638001337647438 0.06587475538253784 0.06801683455705643 0.07022857666015625 0.07251223176717758 0.07487014681100845 0.07730474323034286 0.079818494617939 0.08241399377584457 0.0850938931107521 0.08786093443632126 0.09071795642375946 0.09366787225008011 0.09671372175216675 0.0998586118221283 0.10310576111078262 0.10645850747823715 0.10992027074098587 0.11349460482597351 0.11718516051769257 0.12099573016166687 0.12493021041154861 0.12899263203144073 0.13318714499473572 0.13751806318759918 0.1419898122549057 0.14660696685314178 0.15137425065040588 0.15629656612873077 0.16137893497943878 0.16662658751010895 0.17204485833644867 0.17763933539390564 0.1834157258272171 0.18937994539737701 0.19553810358047485 0.2018965184688568 0.2084616869688034 0.21524034440517426 0.2222394198179245 0.22946609556674957 0.23692776262760162 0.2446320652961731 0.25258687138557434 0.26080039143562317 0.26928097009658813 0.27803730964660645 0.2870783805847168 0.29641345143318176 0.3060520887374878 0.3160041272640228 0.32627978920936584 0.3368895947933197 0.3478444218635559 0.35915544629096985 0.3708342909812927 0.3828928768634796 0.3953436017036438 0.4081991910934448 0.42147281765937805 0.43517807126045227 0.4493289589881897 0.4639400243759155 0.479026198387146 0.49460291862487793 0.5106861591339111 0.5272924304008484 0.5444386601448059 0.5621424317359924 0.5804219245910645 0.5992957949638367 0.6187834143638611 0.6389046907424927 0.6596802473068237 0.6811314225196838 0.7032801508903503 0.7261490225791931 0.7497615814208984 0.7741419672966003 0.7993151545524597 0.8253068923950195 0.8521437644958496 0.879853367805481 0.9084640145301819 0.9380049705505371 0.9685065746307373 
0.1E+001 0.1E+007
12
1255476.25
1255476.25
1199560.0
1199560.0
1146167.0
1146167.0
1095182.625
1095182.625
1046496.6875
1046496.6875
1000004.9375
1000004.9375
955607.0625
955607.0625
913207.5
913207.5
872715.8125
872715.8125
834044.8125
834044.8125
797112.0
797112.0
761838.1875
761838.1875
728148.0
728148.0
695969.4375
695969.4375
665234.0625
665234.0625
635876.1875
635876.1875
607833.5
607833.5
581046.0
581046.0
555457.375
555457.375
531013.0
531013.0
507660.90625
507660.90625
485351.875
485351.875
464038.6875
464038.6875
443676.34375
443676.34375
424221.78125
424221.78125
405633.90625
405633.90625
387873.90625
387873.90625
370904.25
370904.25
354689.1875
354689.1875
339194.84375
339194.84375
324388.625
324388.625
310239.5625
310239.5625
296718.21875
296718.21875
283796.1875
283796.1875
271446.625
271446.625
259643.703125
259643.703125
248362.875
248362.875
237580.8125
237580.8125
227275.046875
227275.046875
217424.203125
217424.203125
208007.96875
208007.96875
199006.78125
199006.78125
190402.140625
190402.140625
182176.265625
182176.265625
174312.21875
174312.21875
166793.859375
166793.859375
159605.71875
159605.71875
152733.015625
152733.015625
146161.78125
146161.78125
139878.484375
139878.484375
133870.3125
133870.3125
128125.046875
128125.046875
122630.9609375
122630.9609375
117376.8828125
117376.8828125
112352.15625
112352.15625
107546.5859375
107546.5859375
102950.4453125
102950.4453125
98554.4609375
98554.4609375
94349.7421875
94349.7421875
90327.796875
90327.796875
86480.578125
86480.578125
82800.296875
82800.296875
79279.6484375
79279.6484375
75911.5234375
75911.5234375
72689.1953125
72689.1953125
69606.2421875
69606.2421875
66656.515625
66656.515625
63834.140625
63834.140625
61133.53125
61133.53125
58549.3046875
58549.3046875
56076.36328125
56076.36328125
53709.8046875
53709.8046875
51444.97265625
51444.97265625
49277.39453125
49277.39453125
47202.80859375
47202.80859375
45217.1484375
45217.1484375
43316.5234375
43316.5234375
41497.203125
41497.203125
39755.64453125
39755.64453125
38088.44921875
38088.44921875
36492.37890625
36492.37890625
34964.32421875
34964.32421875
33501.33203125
33501.33203125
32100.564453125
32100.564453125
30759.314453125
30759.314453125
29475.001953125
29475.001953125
28245.16015625
28245.16015625
27067.404296875
27067.404296875
25939.509765625
25939.509765625
24859.291015625
24859.291015625
23824.6953125
23824.6953125
22833.75
22833.75
21884.568359375
21884.568359375
20975.357421875
20975.357421875
20104.37890625
20104.37890625
19269.998046875
19269.998046875
18470.638671875
18470.638671875
17704.7890625
17704.7890625
16971.015625
16971.015625
16267.9404296875
16267.9404296875
15594.248046875
15594.248046875
14948.67578125
14948.67578125
14330.02734375
14330.02734375
13737.1484375
13737.1484375
13168.9384765625
13168.9384765625
12624.34375
12624.34375
12102.3583984375
12102.3583984375
11602.021484375
11602.021484375
11122.4111328125
11122.4111328125
10662.646484375
10662.646484375
10221.8857421875
10221.8857421875
9799.3232421875
9799.3232421875
9394.185546875
9394.185546875
9005.7392578125
9005.7392578125
8633.2763671875
8633.2763671875
8276.123046875
8276.123046875
7933.63232421875
7933.63232421875
7605.18701171875
7605.18701171875
7290.197265625
7290.197265625
6988.0947265625
6988.0947265625
6698.34130859375
6698.34130859375
6420.41650390625
6420.41650390625
6153.826171875
6153.826171875
5898.095703125
5898.095703125
5652.7705078125
5652.7705078125
5417.41748046875
5417.41748046875
5191.619140625
5191.619140625
4974.97998046875
4974.97998046875
4767.11767578125
4767.11767578125
4567.6669921875
4567.6669921875
4376.279296875
4376.279296875
4192.62158203125
4192.62158203125
4016.3720703125
4016.3720703125
3847.226318359375
3847.226318359375
3684.890380859375
3684.890380859375
3529.083984375
3529.083984375
3379.538330078125
3379.538330078125
3235.995849609375
3235.995849609375
3098.2099609375
3098.2099609375
2965.9462890625
2965.9462890625
2838.97705078125
2838.97705078125
2717.08740234375
2717.08740234375
2600.068603515625
2600.068603515625
2487.723876953125
2487.723876953125
2379.8623046875
2379.8623046875
2276.302490234375
2276.302490234375
2176.869873046875
2176.869873046875
2081.3974609375
2081.3974609375
1989.7257080078125
1989.7257080078125
1901.7008056640625
1901.7008056640625
1817.177001953125
1817.177001953125
1736.0133056640625
1736.0133056640625
1658.0751953125
1658.0751953125
1583.233642578125
1583.233642578125
1511.3653564453125
1511.3653564453125
1442.3524169921875
1442.3524169921875
1376.0806884765625
1376.0806884765625
1312.442138671875
1312.442138671875
1251.3326416015625
1251.3326416015625
1192.65234375
1192.65234375
1136.3062744140625
1136.3062744140625
1082.20263671875
1082.20263671875
1030.2540283203125
1030.2540283203125
980.3763427734375
980.3763427734375
932.4890747070312
932.4890747070312
886.515625
886.515625
842.3819580078125
842.3819580078125
800.017333984375
800.017333984375
759.3540649414062
759.3540649414062
720.3272705078125
720.3272705078125
682.8748168945312
682.8748168945312
646.9371948242188
646.9371948242188
612.4574584960938
612.4574584960938
579.3804931640625
579.3804931640625
547.6546020507812
547.6546020507812
517.2293090820312
517.2293090820312
488.056640625
488.056640625
460.0906066894531
460.0906066894531
433.28704833984375
433.28704833984375
407.60394287109375
407.60394287109375
383.00067138671875
383.00067138671875
359.4386901855469
359.4386901855469
336.8807373046875
336.8807373046875
315.29144287109375
315.29144287109375
294.6366882324219
294.6366882324219
274.6158447265625
274.6158447265625
254.86891174316406
254.86891174316406
236.00706481933594
236.00706481933594
217.97991943359375
217.97991943359375
200.5492706298828
200.5492706298828
183.92913818359375
183.92913818359375
168.09286499023438
168.09286499023438
153.01461791992188
153.01461791992188
138.66990661621094
138.66990661621094
125.03507995605469
125.03507995605469
112.08758544921875
112.08758544921875
99.87828063964844
99.87828063964844
88.43598937988281
88.43598937988281
77.60554504394531
77.60554504394531
67.36797332763672
67.36797332763672
58.31658935546875
58.31658935546875
51.149715423583984
51.149715423583984
44.40129089355469
44.40129089355469
37.84837341308594
37.84837341308594
31.612455368041992
31.612455368041992
26.429636001586914
26.429636001586914
22.125497817993164
22.125497817993164
18.984542846679688
18.984542846679688
16.213459014892578
16.213459014892578
13.652024269104004
13.652024269104004
11.715033531188965
11.715033531188965
10.342384338378906
10.342384338378906
9.105493545532227
9.105493545532227
7.963700771331787
7.963700771331787
6.905605316162109
6.905605316162109
5.922800064086914
5.922800064086914
5.013237476348877
5.013237476348877
4.174741268157959
4.174741268157959
3.402667760848999
3.402667760848999
2.7761662006378174
2.7761662006378174
2.3671014308929443
2.3671014308929443
1.987436056137085
1.987436056137085
1.6566119194030762
1.6566119194030762
1.4003164768218994
1.4003164768218994
1.1608673334121704
1.1608673334121704
0.937857985496521
0.937857985496521
0.7309051752090454
0.7309051752090454
0.5396453738212585
0.5396453738212585
0.3600424826145172
0.3600424826145172
0.1957099437713623
0.1957099437713623
0.04688180610537529
0.04688180610537529
-0.0868050679564476
-0.0868050679564476
-0.20569346845149994
-0.20569346845149994
-0.31010591983795166
-0.31010591983795166
-0.3274223208427429
-0.3274223208427429
-0.33335021138191223
-0.33335021138191223
-0.33512258529663086
-0.33512258529663086
-0.3329085111618042
-0.3329085111618042
-0.32687509059906006
-0.32687509059906006
-0.3171881437301636
-0.3171881437301636
-0.30401143431663513
-0.30401143431663513
-0.2875062823295593
-0.2875062823295593
-0.2678299844264984
-0.2678299844264984
-0.24513380229473114
-0.24513380229473114
-0.21956196427345276
-0.21956196427345276
-0.19123540818691254
-0.19123540818691254
-0.16021941602230072
-0.16021941602230072
-0.12649568915367126
-0.12649568915367126
-0.08989031612873077
-0.08989031612873077
-0.04966074973344803
-0.04966074973344803
---