PdfType: central
Format: lhagrid1
---
0.001  0.001039345108679769  0.00108023825493656  0.001122740346477083  0.0011669146874283855  0.001212827072625273  0.0012605458856074806  0.0013101422004725427  0.0013616898877360855  0.0014152657243572044  0.0014709495080927908  0.0015288241763511529  0.0015889759297219475  0.0016514943603663948  0.0017164725854590347  0.0017840073858797646  0.0018541993503627147  0.0019271530253166913  0.0020029770705403223  0.0020817844210638168  0.0021636924553584207  0.0022488231701640942  0.0023373033621957836  0.002429264816998964  0.0025248445052357274  0.002624184786693745  0.0027274336223220047  0.0028347447946091204  0.002946278136632426  0.0030621997701190534  0.0031826823528735516  0.003307905335940545  0.00343805523088551  0.0035733258875917493  0.0037139187829872754  0.0038600433211317454  0.004011917145110291  0.004169766461198885  0.004333826375784006  0.004504341245538478  0.004681565041374952  0.0048657617267192565  0.005057205650666887  0.005256181956608318  0.0054629870069317086  0.005677928824435604  0.00590132755110901  0.00613351592496231  0.006374839775619047  0.006625658539406893  0.0068863457947148906  0.0071572898184144185  0.007438894164172531  0.0077315782635192  0.008035778050563503  0.008351946611289428  0.008680554858398231  0.009022092232702608  0.009377067432117183  0.009746009169331356  0.010129466959292725  0.010528011937674223  0.010942237711543916  0.01137276124350448  0.011820223770619224  0.012285291759493422  0.012768657898933363  0.013271042131661682  0.013793192726625698  0.014335887393495787  0.014899934441013804  0.01548617398091692  0.016095479179229908  0.01672875755678966  0.017386952340939052  0.018071043870403265  0.018782051055441146  0.01952103289544644  0.02028909005625913  0.021087366509536257  0.021917051236624074  0.022779379999469117  0.023675637181205977  0.024607157699163294  0.02557532899313709  0.026581593091892907  0.02762744876097482  0.02871445373502013  0.02984422703790468  0.03101845139417473  0.03223887573535667  0.03350731780487783  0.0348256668654783  0.036195886513145974  0.037620017601766274  0.039100181282842573  0.04063858216481469  0.04223751159668103  0.043899351080815434  0.04562657582006143  0.047421758404387476  0.049287572642593834  0.05122679754477868  0.053242321461494525  0.0553371463857602  0.0575143924243362  0.059777302444922596  0.062129246906201474  0.06457372887791815  0.06711438925847778  0.06975501219782888  0.07249953073371104  0.07535203264966117  0.07831676656350356  0.08139814825539268  0.08460076724483306  0.08792939362647283  0.09138898517485256  0.09498469472869094  0.09872187786570592  0.10260610087940301  0.10664314906971037  0.11083903535981095  0.11520000925200348  0.11973256613593385  0.1244434569630598  0.12933969830175757  0.13442858278804865  0.13971768998751175  0.1452148976845567  0.15092839361587698  0.15686668766555661  0.16303862453999335  0.16945339694151929  0.17612055926033943  0.1830500418051792  0.19025216559384006  0.19773765772569113  0.20551766735899143  0.21360378231684338  0.22200804634650934  0.23074297705779595  0.23982158456722816  0.2492573908757802  0.25906445000902345  0.2692573689496928  0.2798513293938472  0.290862110363026  0.30230611170608596  0.3142003785257203  0.32656262656603935  0.3394112685990307  0.3527654418491979  0.36664503649722135  0.38107072530510205  0.39606399440690976  0.41164717531099304  0.4278434781613236  0.4446770263075113  0.46217289223497693  0.48035713490880483  0.4992568385868943  0.5189001531602135  0.5393163360802504  0.5605357959361028  0.5825901377461097  0.6055122100314914  0.6293361537421076  0.6540974531071988  0.679832988486861  0.7065810913029688  0.734381601131354  0.7632759250402892  0.7933070992636506  0.8245198533006114  0.8569606765373503  0.8906778874900009  0.9257217057719621  0.9621443268927803  1.0  
0.1e+001 0.1e+007
-14 -12 12 14
3.89561001270363e+04 6.38299072906168e+02 8.72088945606104e+02 4.14908238117662e+04
3.89561001270363e+04 6.38299072906168e+02 8.72088945606104e+02 4.14908238117662e+04
4.06704034090094e+04 6.67524580841723e+02 9.02689520010821e+02 4.32336464630556e+04
4.06704034090094e+04 6.67524580841723e+02 9.02689520010821e+02 4.32336464630556e+04
4.23847066909825e+04 6.96750088777279e+02 9.33290094415538e+02 4.49764691143450e+04
4.23847066909825e+04 6.96750088777279e+02 9.33290094415538e+02 4.49764691143450e+04
4.40990099729556e+04 7.25975596712834e+02 9.63890668820255e+02 4.67192917656343e+04
4.40990099729556e+04 7.25975596712834e+02 9.63890668820255e+02 4.67192917656343e+04
4.58133132549287e+04 7.55201104648389e+02 9.94491243224972e+02 4.84621144169237e+04
4.58133132549287e+04 7.55201104648389e+02 9.94491243224972e+02 4.84621144169237e+04
4.84206962389675e+04 7.99675156205531e+02 1.04090936186007e+03 5.11113046491920e+04
4.84206962389675e+04 7.99675156205531e+02 1.04090936186007e+03 5.11113046491920e+04
5.02365645916581e+04 8.30694781985198e+02 1.07298612333322e+03 5.29531474513767e+04
5.02365645916581e+04 8.30694781985198e+02 1.07298612333322e+03 5.29531474513767e+04
5.21205314668902e+04 8.62917667833711e+02 1.10605136532572e+03 5.48613627504335e+04
5.21205314668902e+04 8.62917667833711e+02 1.10605136532572e+03 5.48613627504335e+04
5.40751506889900e+04 8.96390488549909e+02 1.14013554894686e+03 5.68383423402419e+04
5.40751506889900e+04 8.96390488549909e+02 1.14013554894686e+03 5.68383423402419e+04
5.61099672866810e+04 9.31285097208190e+02 1.17536385591751e+03 5.88931899524662e+04
5.61099672866810e+04 9.31285097208190e+02 1.17536385591751e+03 5.88931899524662e+04
5.82567153344067e+04 9.68170741143445e+02 1.21216166783022e+03 6.10563058560185e+04
5.82567153344067e+04 9.68170741143445e+02 1.21216166783022e+03 6.10563058560185e+04
6.05089867371704e+04 1.00693444694988e+03 1.25043489384208e+03 6.33214284832203e+04
6.05089867371704e+04 1.00693444694988e+03 1.25043489384208e+03 6.33214284832203e+04
6.28601330842053e+04 1.04745885895129e+03 1.29008654359783e+03 6.56820706250512e+04
6.28601330842053e+04 1.04745885895129e+03 1.29008654359783e+03 6.56820706250512e+04
6.53032566366753e+04 1.08962206921156e+03 1.33101663787824e+03 6.81315112999562e+04
6.53032566366753e+04 1.08962206921156e+03 1.33101663787824e+03 6.81315112999562e+04
6.78312009773976e+04 1.13329744095121e+03 1.37312211649499e+03 7.06627873296376e+04
6.78312009773976e+04 1.13329744095121e+03 1.37312211649499e+03 7.06627873296376e+04
7.04365413099114e+04 1.17835342511421e+03 1.41629674334726e+03 7.32686846112728e+04
7.04365413099114e+04 1.17835342511421e+03 1.41629674334726e+03 7.32686846112728e+04
7.31115743937443e+04 1.22465336981941e+03 1.46043100855245e+03 7.59417290752189e+04
7.31115743937443e+04 1.22465336981941e+03 1.46043100855245e+03 7.59417290752189e+04
7.58483081022311e+04 1.27205532242048e+03 1.50541202756107e+03 7.86741773168694e+04
7.58483081022311e+04 1.27205532242048e+03 1.50541202756107e+03 7.86741773168694e+04
7.85542320582559e+04 1.32000708866449e+03 1.55604245172162e+03 8.14259696631000e+04
7.85542320582559e+04 1.32000708866449e+03 1.55604245172162e+03 8.14259696631000e+04
8.11741639419922e+04 1.36804140906817e+03 1.61442640783829e+03 8.41670727652771e+04
8.11741639419922e+04 1.36804140906817e+03 1.61442640783829e+03 8.41670727652771e+04
8.36701932132325e+04 1.41548028151942e+03 1.68004723630741e+03 8.68610425797820e+04
8.36701932132325e+04 1.41548028151942e+03 1.68004723630741e+03 8.68610425797820e+04
8.60423198719770e+04 1.46232370601825e+03 1.75290493712898e+03 8.95078791066146e+04
8.60423198719770e+04 1.46232370601825e+03 1.75290493712898e+03 8.95078791066146e+04
8.82905439182255e+04 1.50857168256465e+03 1.83299951030301e+03 9.21075823457750e+04
8.82905439182255e+04 1.50857168256465e+03 1.83299951030301e+03 9.21075823457750e+04
9.04148653519781e+04 1.55422421115864e+03 1.92033095582949e+03 9.46601522972632e+04
9.04148653519781e+04 1.55422421115864e+03 1.92033095582949e+03 9.46601522972632e+04
9.24152841732347e+04 1.59928129180021e+03 2.01489927370842e+03 9.71655889610790e+04
9.24152841732347e+04 1.59928129180021e+03 2.01489927370842e+03 9.71655889610790e+04
9.42918003819955e+04 1.64374292448935e+03 2.11670446393980e+03 9.96238923372227e+04
9.42918003819955e+04 1.64374292448935e+03 2.11670446393980e+03 9.96238923372227e+04
9.60748446847807e+04 1.69271306913864e+03 2.22659799474672e+03 1.02078894607200e+05
9.60748446847807e+04 1.69271306913864e+03 2.22659799474672e+03 1.02078894607200e+05
9.78926120616485e+04 1.76769310097142e+03 2.34816683351700e+03 1.04715246943350e+05
9.78926120616485e+04 1.76769310097142e+03 2.34816683351700e+03 1.04715246943350e+05
9.98293210430743e+04 1.86908775521094e+03 2.47649196569169e+03 1.07564986573493e+05
9.98293210430743e+04 1.86908775521094e+03 2.47649196569169e+03 1.07564986573493e+05
1.01924655711079e+05 1.99708774458638e+03 2.60925553347729e+03 1.10643209557481e+05
1.01924655711079e+05 1.99708774458638e+03 2.60925553347729e+03 1.10643209557481e+05
1.04178616065661e+05 2.15169306909774e+03 2.74645753687381e+03 1.13949915895312e+05
1.04178616065661e+05 2.15169306909774e+03 2.74645753687381e+03 1.13949915895312e+05
1.06591202106823e+05 2.33290372874503e+03 2.88809797588124e+03 1.17485105586988e+05
1.06591202106823e+05 2.33290372874503e+03 2.88809797588124e+03 1.17485105586988e+05
1.09162413834563e+05 2.54071972352824e+03 3.03417685049958e+03 1.21248778632509e+05
1.09162413834563e+05 2.54071972352824e+03 3.03417685049958e+03 1.21248778632509e+05
1.11892251248881e+05 2.77514105344737e+03 3.18469416072884e+03 1.25240935031874e+05
1.11892251248881e+05 2.77514105344737e+03 3.18469416072884e+03 1.25240935031874e+05
1.14780714349778e+05 3.03616771850242e+03 3.33964990656902e+03 1.29461574785083e+05
1.14780714349778e+05 3.03616771850242e+03 3.33964990656902e+03 1.29461574785083e+05
1.17750972249349e+05 3.32340067253626e+03 3.52070206959283e+03 1.33770651296570e+05
1.17750972249349e+05 3.32340067253626e+03 3.52070206959283e+03 1.33770651296570e+05
1.20740284747814e+05 3.63156814579477e+03 3.73610695618080e+03 1.38065438954613e+05
1.20740284747814e+05 3.63156814579477e+03 3.73610695618080e+03 1.38065438954613e+05
1.23620456865115e+05 3.93916876305460e+03 3.98227759894510e+03 1.42161286586872e+05
1.23620456865115e+05 3.93916876305460e+03 3.98227759894510e+03 1.42161286586872e+05
1.26391488601252e+05 4.24620252431574e+03 4.25921399788572e+03 1.46058194193347e+05
1.26391488601252e+05 4.24620252431574e+03 4.25921399788572e+03 1.46058194193347e+05
1.29053379956225e+05 4.55266942957820e+03 4.56691615300267e+03 1.49756161774039e+05
1.29053379956225e+05 4.55266942957820e+03 4.56691615300267e+03 1.49756161774039e+05
1.31606130930035e+05 4.85856947884198e+03 4.90538406429595e+03 1.53255189328947e+05
1.31606130930035e+05 4.85856947884198e+03 4.90538406429595e+03 1.53255189328947e+05
1.34049741522680e+05 5.16390267210708e+03 5.27461773176556e+03 1.56555276858072e+05
1.34049741522680e+05 5.16390267210708e+03 5.27461773176556e+03 1.56555276858072e+05
1.36384211734162e+05 5.46866900937349e+03 5.67461715541149e+03 1.59656424361413e+05
1.36384211734162e+05 5.46866900937349e+03 5.67461715541149e+03 1.59656424361413e+05
1.38605278052743e+05 5.77602663315859e+03 6.10053983228948e+03 1.62553865098891e+05
1.38605278052743e+05 5.77602663315859e+03 6.10053983228948e+03 1.62553865098891e+05
1.40697473555196e+05 6.09743247166423e+03 6.53481840809411e+03 1.65230306564370e+05
1.40697473555196e+05 6.09743247166423e+03 6.53481840809411e+03 1.65230306564370e+05
1.42737629129425e+05 6.43328557104756e+03 6.95579490125268e+03 1.67825795353416e+05
1.42737629129425e+05 6.43328557104756e+03 6.95579490125268e+03 1.67825795353416e+05
1.44758054268690e+05 6.78375374115010e+03 7.35436153716157e+03 1.70399224896246e+05
1.44758054268690e+05 6.78375374115010e+03 7.35436153716157e+03 1.70399224896246e+05
1.46758748972991e+05 7.14883698197186e+03 7.73051831582078e+03 1.72950595192862e+05
1.46758748972991e+05 7.14883698197186e+03 7.73051831582078e+03 1.72950595192862e+05
1.48739713242327e+05 7.52853529351284e+03 8.08426523723031e+03 1.75479906243262e+05
1.48739713242327e+05 7.52853529351284e+03 8.08426523723031e+03 1.75479906243262e+05
1.50700947076700e+05 7.92284867577305e+03 8.41560230139017e+03 1.77987158047448e+05
1.50700947076700e+05 7.92284867577305e+03 8.41560230139017e+03 1.77987158047448e+05
1.52642450476108e+05 8.33177712875247e+03 8.72452950830035e+03 1.80472350605418e+05
1.52642450476108e+05 8.33177712875247e+03 8.72452950830035e+03 1.80472350605418e+05
1.54564223440551e+05 8.75532065245111e+03 9.01104685796086e+03 1.82935483917173e+05
1.54564223440551e+05 8.75532065245111e+03 9.01104685796086e+03 1.82935483917173e+05
1.56356353867396e+05 9.20201815212747e+03 9.28864319524721e+03 1.85342432179453e+05
1.56356353867396e+05 9.20201815212747e+03 9.28864319524721e+03 1.85342432179453e+05
1.57982083214683e+05 9.67189842666200e+03 9.56719541063244e+03 1.87685225495517e+05
1.57982083214683e+05 9.67189842666200e+03 9.56719541063244e+03 1.87685225495517e+05
1.59456878405641e+05 1.01535045478529e+04 9.86427085842197e+03 1.89981156371497e+05
1.59456878405641e+05 1.01535045478529e+04 9.86427085842197e+03 1.89981156371497e+05
1.60780739440269e+05 1.06468365157001e+04 1.01798695386158e+04 1.92230224807395e+05
1.60780739440269e+05 1.06468365157001e+04 1.01798695386158e+04 1.92230224807395e+05
1.61953666318567e+05 1.11518943302036e+04 1.05139914512139e+04 1.94432430803211e+05
1.61953666318567e+05 1.11518943302036e+04 1.05139914512139e+04 1.94432430803211e+05
1.62975659040536e+05 1.16686779913634e+04 1.08666365962163e+04 1.96587774358944e+05
1.62975659040536e+05 1.16686779913634e+04 1.08666365962163e+04 1.96587774358944e+05
1.63846717606175e+05 1.21971874991796e+04 1.12378049736230e+04 1.98696255474595e+05
1.63846717606175e+05 1.21971874991796e+04 1.12378049736230e+04 1.98696255474595e+05
1.64566842015484e+05 1.27374228536521e+04 1.16274965834340e+04 2.00757874150163e+05
1.64566842015484e+05 1.27374228536521e+04 1.16274965834340e+04 2.00757874150163e+05
1.65127440755622e+05 1.32977531942991e+04 1.20380735121747e+04 2.02734794546412e+05
1.65127440755622e+05 1.32977531942991e+04 1.20380735121747e+04 2.02734794546412e+05
1.65501357481440e+05 1.39046319811295e+04 1.24770019230394e+04 2.04507423859562e+05
1.65501357481440e+05 1.39046319811295e+04 1.24770019230394e+04 2.04507423859562e+05
1.65798504295571e+05 1.45495203088849e+04 1.29307929711526e+04 2.06109887892874e+05
1.65798504295571e+05 1.45495203088849e+04 1.29307929711526e+04 2.06109887892874e+05
1.66059903251712e+05 1.52292312361673e+04 1.33944122689855e+04 2.07554923283170e+05
1.66059903251712e+05 1.52292312361673e+04 1.33944122689855e+04 2.07554923283170e+05
1.66285554349862e+05 1.59437647629769e+04 1.38678598165382e+04 2.08842530030451e+05
1.66285554349862e+05 1.59437647629769e+04 1.38678598165382e+04 2.08842530030451e+05
1.66475457590022e+05 1.66931208893135e+04 1.43511356138106e+04 2.09972708134717e+05
1.66475457590022e+05 1.66931208893135e+04 1.43511356138106e+04 2.09972708134717e+05
1.66629612972190e+05 1.74772996151773e+04 1.48442396608026e+04 2.10945457595967e+05
1.66629612972190e+05 1.74772996151773e+04 1.48442396608026e+04 2.10945457595967e+05
1.66748020496368e+05 1.82963009405681e+04 1.53471719575144e+04 2.11760778414202e+05
1.66748020496368e+05 1.82963009405681e+04 1.53471719575144e+04 2.11760778414202e+05
1.66830680162554e+05 1.91501248654861e+04 1.58599325039459e+04 2.12418670589421e+05
1.66830680162554e+05 1.91501248654861e+04 1.58599325039459e+04 2.12418670589421e+05
1.66780343389791e+05 2.00368942525476e+04 1.64072231922203e+04 2.12855409918690e+05
1.66780343389791e+05 2.00368942525476e+04 1.64072231922203e+04 2.12855409918690e+05
1.66573609513486e+05 2.09476224343320e+04 1.69948081964520e+04 2.13087868685921e+05
1.66573609513486e+05 2.09476224343320e+04 1.69948081964520e+04 2.13087868685921e+05
1.66237634878789e+05 2.18558559508301e+04 1.76152213534470e+04 2.13235639694893e+05
1.66237634878789e+05 2.18558559508301e+04 1.76152213534470e+04 2.13235639694893e+05
1.65772419485700e+05 2.27615948020421e+04 1.82684626632050e+04 2.13298722945605e+05
1.65772419485700e+05 2.27615948020421e+04 1.82684626632050e+04 2.13298722945605e+05
1.65177963334218e+05 2.36648389879679e+04 1.89545321257262e+04 2.13277118438058e+05
1.65177963334218e+05 2.36648389879679e+04 1.89545321257262e+04 2.13277118438058e+05
1.64454266424344e+05 2.45655885086074e+04 1.96734297410105e+04 2.13170826172251e+05
1.64454266424344e+05 2.45655885086074e+04 1.96734297410105e+04 2.13170826172251e+05
1.63601328756077e+05 2.54638433639608e+04 2.04251555090579e+04 2.12979846148185e+05
1.63601328756077e+05 2.54638433639608e+04 2.04251555090579e+04 2.12979846148185e+05
1.62619150329419e+05 2.63596035540280e+04 2.12097094298685e+04 2.12704178365860e+05
1.62619150329419e+05 2.63596035540280e+04 2.12097094298685e+04 2.12704178365860e+05
1.61491104476970e+05 2.72437315653875e+04 2.20140179963605e+04 2.12303215392086e+05
1.61491104476970e+05 2.72437315653875e+04 2.20140179963605e+04 2.12303215392086e+05
1.60170977266554e+05 2.80908296189518e+04 2.28017433089936e+04 2.11664088597306e+05
1.60170977266554e+05 2.80908296189518e+04 2.28017433089936e+04 2.11664088597306e+05
1.58756017279129e+05 2.89027748521044e+04 2.35481834756445e+04 2.10850522184456e+05
1.58756017279129e+05 2.89027748521044e+04 2.35481834756445e+04 2.10850522184456e+05
1.57278216692129e+05 2.96801847927480e+04 2.42452122356733e+04 2.09883479708859e+05
1.57278216692129e+05 2.96801847927480e+04 2.42452122356733e+04 2.09883479708859e+05
1.55737575505553e+05 3.04230594408826e+04 2.48928295890799e+04 2.08762961170516e+05
1.55737575505553e+05 3.04230594408826e+04 2.48928295890799e+04 2.08762961170516e+05
1.54134093719402e+05 3.11313987965082e+04 2.54910355358644e+04 2.07488966569427e+05
1.54134093719402e+05 3.11313987965082e+04 2.54910355358644e+04 2.07488966569427e+05
1.52467771333677e+05 3.18052028596247e+04 2.60398300760268e+04 2.06061495905591e+05
1.52467771333677e+05 3.18052028596247e+04 2.60398300760268e+04 2.06061495905591e+05
1.50738608348375e+05 3.24444716302323e+04 2.65392132095670e+04 2.04480549179009e+05
1.50738608348375e+05 3.24444716302323e+04 2.65392132095670e+04 2.04480549179009e+05
1.48946604763499e+05 3.30492051083308e+04 2.69891849364851e+04 2.02746126389681e+05
1.48946604763499e+05 3.30492051083308e+04 2.69891849364851e+04 2.02746126389681e+05
1.47027891172159e+05 3.35944732064010e+04 2.73798150140521e+04 2.00801468041102e+05
1.47027891172159e+05 3.35944732064010e+04 2.73798150140521e+04 2.00801468041102e+05
1.44980732840736e+05 3.40822464489002e+04 2.77213221683547e+04 1.98670864147411e+05
1.44980732840736e+05 3.40822464489002e+04 2.77213221683547e+04 1.98670864147411e+05
1.42851343701408e+05 3.45379226149159e+04 2.80500442989336e+04 1.96467183338164e+05
1.42851343701408e+05 3.45379226149159e+04 2.80500442989336e+04 1.96467183338164e+05
1.40639723754176e+05 3.49615017044482e+04 2.83659814057886e+04 1.94190425613361e+05
1.40639723754176e+05 3.49615017044482e+04 2.83659814057886e+04 1.94190425613361e+05
1.38345872999039e+05 3.53529837174970e+04 2.86691334889198e+04 1.91840590973004e+05
1.38345872999039e+05 3.53529837174970e+04 2.86691334889198e+04 1.91840590973004e+05
1.35969791435996e+05 3.57123686540623e+04 2.89595005483272e+04 1.89417679417090e+05
1.35969791435996e+05 3.57123686540623e+04 2.89595005483272e+04 1.89417679417090e+05
1.33511479065049e+05 3.60396565141442e+04 2.92370825840108e+04 1.86921690945622e+05
1.33511479065049e+05 3.60396565141442e+04 2.92370825840108e+04 1.86921690945622e+05
1.30970935886197e+05 3.63348472977426e+04 2.95018795959705e+04 1.84352625558598e+05
1.30970935886197e+05 3.63348472977426e+04 2.95018795959705e+04 1.84352625558598e+05
1.28349925856177e+05 3.65794470843923e+04 2.97373631474347e+04 1.81701973254614e+05
1.28349925856177e+05 3.65794470843923e+04 2.97373631474347e+04 1.81701973254614e+05
1.25652792200466e+05 3.67279200257490e+04 2.99028368164832e+04 1.78948780654205e+05
1.25652792200466e+05 3.67279200257490e+04 2.99028368164832e+04 1.78948780654205e+05
1.22943404325950e+05 3.68051962093320e+04 3.00082308458448e+04 1.76149807253872e+05
1.22943404325950e+05 3.68051962093320e+04 3.00082308458448e+04 1.76149807253872e+05
1.20240123633647e+05 3.68184426241054e+04 3.00564000165146e+04 1.73321370472669e+05
1.20240123633647e+05 3.68184426241054e+04 3.00564000165146e+04 1.73321370472669e+05
1.17542950123557e+05 3.67676592700691e+04 3.00473443284924e+04 1.70463470310595e+05
1.17542950123557e+05 3.67676592700691e+04 3.00473443284924e+04 1.70463470310595e+05
1.14851883795679e+05 3.66528461472233e+04 2.99810637817782e+04 1.67576106767650e+05
1.14851883795679e+05 3.66528461472233e+04 2.99810637817782e+04 1.67576106767650e+05
1.12166924650013e+05 3.64740032555678e+04 2.98575583763721e+04 1.64659279843835e+05
1.12166924650013e+05 3.64740032555678e+04 2.98575583763721e+04 1.64659279843835e+05
1.09488072686561e+05 3.62311305951027e+04 2.96768281122741e+04 1.61712989539148e+05
1.09488072686561e+05 3.62311305951027e+04 2.96768281122741e+04 1.61712989539148e+05
1.06815327905320e+05 3.59242281658280e+04 2.94388729894842e+04 1.58737235853591e+05
1.06815327905320e+05 3.59242281658280e+04 2.94388729894842e+04 1.58737235853591e+05
1.04131329437679e+05 3.55049913918209e+04 2.91327669121591e+04 1.55704864180307e+05
1.04131329437679e+05 3.55049913918209e+04 2.91327669121591e+04 1.55704864180307e+05
1.01429999047872e+05 3.49799102193538e+04 2.87723231173194e+04 1.52617636439517e+05
1.01429999047872e+05 3.49799102193538e+04 2.87723231173194e+04 1.52617636439517e+05
9.87069935104242e+04 3.43945204967713e+04 2.83982380268853e+04 1.49496506010686e+05
9.87069935104242e+04 3.43945204967713e+04 2.83982380268853e+04 1.49496506010686e+05
9.59623128253360e+04 3.37488222240733e+04 2.80105116408568e+04 1.46341472893815e+05
9.59623128253360e+04 3.37488222240733e+04 2.80105116408568e+04 1.46341472893815e+05
9.31959569926072e+04 3.30428154012599e+04 2.76091439592339e+04 1.43152537088905e+05
9.31959569926072e+04 3.30428154012599e+04 2.76091439592339e+04 1.43152537088905e+05
9.04079260122379e+04 3.22765000283310e+04 2.71941349820166e+04 1.39929698595954e+05
9.04079260122379e+04 3.22765000283310e+04 2.71941349820166e+04 1.39929698595954e+05
8.75982198842281e+04 3.14498761052866e+04 2.67654847092049e+04 1.36672957414963e+05
8.75982198842281e+04 3.14498761052866e+04 2.67654847092049e+04 1.36672957414963e+05
8.47668386085778e+04 3.05629436321268e+04 2.63231931407988e+04 1.33382313545933e+05
8.47668386085778e+04 3.05629436321268e+04 2.63231931407988e+04 1.33382313545933e+05
8.19160856681085e+04 2.96155319348313e+04 2.58570875445020e+04 1.30056393207370e+05
8.19160856681085e+04 2.96155319348313e+04 2.58570875445020e+04 1.30056393207370e+05
7.90510150337757e+04 2.86072665449940e+04 2.53448483731156e+04 1.26692182245364e+05
7.90510150337757e+04 2.86072665449940e+04 2.53448483731156e+04 1.26692182245364e+05
7.61889875741929e+04 2.75864520385378e+04 2.47974017224826e+04 1.23316835266771e+05
7.61889875741929e+04 2.75864520385378e+04 2.47974017224826e+04 1.23316835266771e+05
7.33343175683871e+04 2.65650923896552e+04 2.42174627923543e+04 1.19937100352774e+05
7.33343175683871e+04 2.65650923896552e+04 2.42174627923543e+04 1.19937100352774e+05
7.04870050163582e+04 2.55431875983463e+04 2.36050315827306e+04 1.16552977503373e+05
7.04870050163582e+04 2.55431875983463e+04 2.36050315827306e+04 1.16552977503373e+05
6.76470499181062e+04 2.45207376646111e+04 2.29601080936116e+04 1.13164466718569e+05
6.76470499181062e+04 2.45207376646111e+04 2.29601080936116e+04 1.13164466718569e+05
6.48144522736311e+04 2.34977425884495e+04 2.22826923249973e+04 1.09771567998362e+05
6.48144522736311e+04 2.34977425884495e+04 2.22826923249973e+04 1.09771567998362e+05
6.19892120829329e+04 2.24742023698615e+04 2.15727842768876e+04 1.06374281342751e+05
6.19892120829329e+04 2.24742023698615e+04 2.15727842768876e+04 1.06374281342751e+05
5.91713293460116e+04 2.14501170088473e+04 2.08303839492826e+04 1.02972606751737e+05
5.91713293460116e+04 2.14501170088473e+04 2.08303839492826e+04 1.02972606751737e+05
5.64020819793269e+04 2.04347995144798e+04 2.00545495048943e+04 9.95532468694974e+04
5.64020819793269e+04 2.04347995144798e+04 2.00545495048943e+04 9.95532468694974e+04
5.36879099496174e+04 1.94303932336290e+04 1.92552541769275e+04 9.61147588440827e+04
5.36879099496174e+04 1.94303932336290e+04 1.92552541769275e+04 9.61147588440827e+04
5.10237592859279e+04 1.84372726347008e+04 1.84548175125816e+04 9.26601568294044e+04
5.10237592859279e+04 1.84372726347008e+04 1.84548175125816e+04 9.26601568294044e+04
4.84096299882585e+04 1.74554377176954e+04 1.76532395118564e+04 8.91894408254626e+04
4.84096299882585e+04 1.74554377176954e+04 1.76532395118564e+04 8.91894408254626e+04
4.58455220566090e+04 1.64848884826127e+04 1.68505201747520e+04 8.57026108322573e+04
4.58455220566090e+04 1.64848884826127e+04 1.68505201747520e+04 8.57026108322573e+04
4.33314354909796e+04 1.55256249294528e+04 1.60466595012684e+04 8.21996668497884e+04
4.33314354909796e+04 1.55256249294528e+04 1.60466595012684e+04 8.21996668497884e+04
4.08673702913701e+04 1.45776470582155e+04 1.52416574914055e+04 7.86806088780559e+04
4.08673702913701e+04 1.45776470582155e+04 1.52416574914055e+04 7.86806088780559e+04
3.84533264577807e+04 1.36409548689010e+04 1.44355141451634e+04 7.51454369170598e+04
3.84533264577807e+04 1.36409548689010e+04 1.44355141451634e+04 7.51454369170598e+04
3.61096509740670e+04 1.27263472300728e+04 1.36339150685735e+04 7.16112859122417e+04
3.61096509740670e+04 1.27263472300728e+04 1.36339150685735e+04 7.16112859122417e+04
3.38763146192105e+04 1.18550380568579e+04 1.28480293913540e+04 6.81118167305859e+04
3.38763146192105e+04 1.18550380568579e+04 1.28480293913540e+04 6.81118167305859e+04
3.17120394767515e+04 1.10177143401831e+04 1.20787989507927e+04 6.46603267279138e+04
3.17120394767515e+04 1.10177143401831e+04 1.20787989507927e+04 6.46603267279138e+04
2.96080820971296e+04 1.02124034071989e+04 1.13264232459810e+04 6.12596325376675e+04
2.96080820971296e+04 1.02124034071989e+04 1.13264232459810e+04 6.12596325376675e+04
2.75644424803449e+04 9.43910525790513e+03 1.05909022769188e+04 5.79097341598470e+04
2.75644424803449e+04 9.43910525790513e+03 1.05909022769188e+04 5.79097341598470e+04
2.55811206263974e+04 8.69781989230194e+03 9.87223604360621e+03 5.46106315944522e+04
2.55811206263974e+04 8.69781989230194e+03 9.87223604360621e+03 5.46106315944522e+04
2.36581165352871e+04 7.98854731038929e+03 9.17042454604313e+03 5.13623248414832e+04
2.36581165352871e+04 7.98854731038929e+03 9.17042454604313e+03 5.13623248414832e+04
2.17954302070138e+04 7.31128751216719e+03 8.48546778422960e+03 4.81648139009399e+04
2.17954302070138e+04 7.31128751216719e+03 8.48546778422960e+03 4.81648139009399e+04
1.99930616415778e+04 6.66604049763562e+03 7.81736575816562e+03 4.50180987728224e+04
1.99930616415778e+04 6.66604049763562e+03 7.81736575816562e+03 4.50180987728224e+04
1.83168869657641e+04 6.07550926961939e+03 7.19181868711392e+03 4.20176603984617e+04
1.83168869657641e+04 6.07550926961939e+03 7.19181868711392e+03 4.20176603984617e+04
1.67582342039939e+04 5.53291853772841e+03 6.60769572998226e+03 3.91632856041525e+04
1.67582342039939e+04 5.53291853772841e+03 6.60769572998226e+03 3.91632856041525e+04
1.52771325772858e+04 5.01705438683576e+03 6.05382775705253e+03 3.64213135229108e+04
1.52771325772858e+04 5.01705438683576e+03 6.05382775705253e+03 3.64213135229108e+04
1.38735820856398e+04 4.52791681694145e+03 5.53021476832475e+03 3.37917441547364e+04
1.38735820856398e+04 4.52791681694145e+03 5.53021476832475e+03 3.37917441547364e+04
1.25475827290559e+04 4.06550582804547e+03 5.03685676379890e+03 3.12745774996294e+04
1.25475827290559e+04 4.06550582804547e+03 5.03685676379890e+03 3.12745774996294e+04
1.12991345075341e+04 3.62982142014783e+03 4.57375374347498e+03 2.88698135575897e+04
1.12991345075341e+04 3.62982142014783e+03 4.57375374347498e+03 2.88698135575897e+04
1.01282374210745e+04 3.22086359324853e+03 4.14090570735301e+03 2.65774523286174e+04
1.01282374210745e+04 3.22086359324853e+03 4.14090570735301e+03 2.65774523286174e+04
9.03489146967691e+03 2.83863234734757e+03 3.73831265543296e+03 2.43974938127124e+04
9.03489146967691e+03 2.83863234734757e+03 3.73831265543296e+03 2.43974938127124e+04
8.03851583022547e+03 2.49095834719469e+03 3.37244713627981e+03 2.23621281275278e+04
8.03851583022547e+03 2.49095834719469e+03 3.37244713627981e+03 2.23621281275278e+04
7.17339803307055e+03 2.19166783047621e+03 3.05473742549403e+03 2.05281918548919e+04
7.17339803307055e+03 2.19166783047621e+03 3.05473742549403e+03 2.05281918548919e+04
6.37366195142697e+03 1.91805779436733e+03 2.75948330381290e+03 1.88002040534737e+04
6.37366195142697e+03 1.91805779436733e+03 2.75948330381290e+03 1.88002040534737e+04
5.62763257701779e+03 1.66610466069451e+03 2.48213000629720e+03 1.71612429515369e+04
5.62763257701779e+03 1.66610466069451e+03 2.48213000629720e+03 1.71612429515369e+04
4.93530990984302e+03 1.43580842945775e+03 2.22267753294695e+03 1.56113085490815e+04
4.93530990984302e+03 1.43580842945775e+03 2.22267753294695e+03 1.56113085490815e+04
4.29669394990265e+03 1.22716910065704e+03 1.98112588376214e+03 1.41504008461075e+04
4.29669394990265e+03 1.22716910065704e+03 1.98112588376214e+03 1.41504008461075e+04
3.71178469719668e+03 1.04018667429240e+03 1.75747505874277e+03 1.27785198426149e+04
3.71178469719668e+03 1.04018667429240e+03 1.75747505874277e+03 1.27785198426149e+04
3.18058215172513e+03 8.74861150363809e+02 1.55172505788884e+03 1.14956655386037e+04
3.18058215172513e+03 8.74861150363809e+02 1.55172505788884e+03 1.14956655386037e+04
2.70308631348798e+03 7.31192528871279e+02 1.36387588120035e+03 1.03018379340739e+04
2.70308631348798e+03 7.31192528871279e+02 1.36387588120035e+03 1.03018379340739e+04
2.30499656676141e+03 6.16535488138459e+02 1.20242766458526e+03 9.24383156098751e+03
2.30499656676141e+03 6.16535488138459e+02 1.20242766458526e+03 9.24383156098751e+03
1.97060869508282e+03 5.24122514913349e+02 1.06213659197022e+03 8.29622065963529e+03
1.97060869508282e+03 5.24122514913349e+02 1.06213659197022e+03 8.29622065963529e+03
1.66563516810181e+03 4.40127371509643e+02 9.31574387754754e+02 7.40216864818881e+03
1.66563516810181e+03 4.40127371509643e+02 9.31574387754754e+02 7.40216864818881e+03
1.39007598581840e+03 3.64550057927340e+02 8.10741051938854e+02 6.56167552664808e+03
1.39007598581840e+03 3.64550057927340e+02 8.10741051938854e+02 6.56167552664808e+03
1.14393114823256e+03 2.97390574166441e+02 6.99636584522520e+02 5.77474129501309e+03
1.14393114823256e+03 2.97390574166441e+02 6.99636584522520e+02 5.77474129501309e+03
9.27200655344321e+02 2.38648920226945e+02 5.98260985505755e+02 5.04136595328384e+03
9.27200655344321e+02 2.38648920226945e+02 5.98260985505755e+02 5.04136595328384e+03
7.39884507153665e+02 1.88325096108853e+02 5.06614254888557e+02 4.36154950146034e+03
7.39884507153665e+02 1.88325096108853e+02 5.06614254888557e+02 4.36154950146034e+03
5.81982703660597e+02 1.46419101812164e+02 4.24696392670927e+02 3.73529193954258e+03
5.81982703660597e+02 1.46419101812164e+02 4.24696392670927e+02 3.73529193954258e+03
4.56913223404356e+02 1.13797659474333e+02 3.54426450907420e+02 3.17763146184272e+03
4.56913223404356e+02 1.13797659474333e+02 3.54426450907420e+02 3.17763146184272e+03
3.70116934006658e+02 9.18404502023504e+01 2.98859249301594e+02 2.71250643531734e+03
3.70116934006658e+02 9.18404502023504e+01 2.98859249301594e+02 2.71250643531734e+03
2.95894451191323e+02 7.31927956725658e+01 2.49494651945495e+02 2.29312232800441e+03
2.95894451191323e+02 7.31927956725658e+01 2.49494651945495e+02 2.29312232800441e+03
2.30530814536943e+02 5.67915443872262e+01 2.05103926347509e+02 1.91271478196021e+03
2.30530814536943e+02 5.67915443872262e+01 2.05103926347509e+02 1.91271478196021e+03
1.74026024043518e+02 4.26366963463316e+01 1.65687072507637e+02 1.57128379718475e+03
1.74026024043518e+02 4.26366963463316e+01 1.65687072507637e+02 1.57128379718475e+03
1.26380079711047e+02 3.07282515498821e+01 1.31244090425877e+02 1.26882937367801e+03
1.26380079711047e+02 3.07282515498821e+01 1.31244090425877e+02 1.26882937367801e+03
8.75929815395316e+01 2.10662099978776e+01 1.01774980102230e+02 1.00535151144001e+03
8.75929815395316e+01 2.10662099978776e+01 1.01774980102230e+02 1.00535151144001e+03
5.76647295289709e+01 1.36505716903182e+01 7.72797415366962e+01 7.80850210470740e+02
5.76647295289709e+01 1.36505716903182e+01 7.72797415366962e+01 7.80850210470740e+02
3.65953236793651e+01 8.48133662720378e+00 5.77583747292752e+01 5.95325470770201e+02
3.65953236793651e+01 8.48133662720378e+00 5.77583747292752e+01 5.95325470770201e+02
2.49926490217649e+01 5.69707214793613e+00 4.42010841537201e+01 4.59622783343812e+02
2.49926490217649e+01 5.69707214793613e+00 4.42010841537201e+01 4.59622783343812e+02
1.95078111925712e+01 4.44680384682751e+00 3.48013513042434e+01 3.59936508996383e+02
1.95078111925712e+01 4.44680384682751e+00 3.48013513042434e+01 3.59936508996383e+02
1.46999425700713e+01 3.35085061688670e+00 2.65043564772878e+01 2.72328280771344e+02
1.46999425700713e+01 3.35085061688670e+00 2.65043564772878e+01 2.72328280771344e+02
1.05690431542653e+01 2.40921245811372e+00 1.93100996728534e+01 1.96798098668696e+02
1.05690431542653e+01 2.40921245811372e+00 1.93100996728534e+01 1.96798098668696e+02
8.56994937089114e+00 1.95351920589164e+00 1.58210606789490e+01 1.60216887045016e+02
8.56994937089114e+00 1.95351920589164e+00 1.58210606789490e+01 1.60216887045016e+02
4.57176180414291e+00 1.04213270144749e+00 8.84298269114026e+00 8.70544637976565e+01
4.57176180414291e+00 1.04213270144749e+00 8.84298269114026e+00 8.70544637976565e+01
5.73574237394681e-01 1.30746197003338e-01 1.86490470333152e+00 1.38920405502971e+01
5.73574237394681e-01 1.30746197003338e-01 1.86490470333152e+00 1.38920405502971e+01
0.00000000000000e+00 0.00000000000000e+00 0.00000000000000e+00 0.00000000000000e+00
0.00000000000000e+00 0.00000000000000e+00 0.00000000000000e+00 0.00000000000000e+00
0.00000000000000e+00 0.00000000000000e+00 0.00000000000000e+00 0.00000000000000e+00
0.00000000000000e+00 0.00000000000000e+00 0.00000000000000e+00 0.00000000000000e+00
---