PdfType: central
Format: lhagrid1
---
0.0001  0.00010429532461863897  0.0001087751473730729  0.00011344739305714942  0.00011832032686033726  0.00012340256898882342  0.00012870310991463342  0.00013423132627975076  0.00013999699748337048  0.00014601032298162906  0.0001522819403304134  0.0001588229440031669  0.0001656449050169821  0.00017275989140169766  0.0001801804895482089  0.0001879198264737575  0.00019599159304358843  0.00020441006819005238  0.0002131901441719966  0.00022234735291912848  0.00023189789350795586  0.00024185866081790827  0.00025224727541833065  0.0002630821147392205  0.0002743823455808502  0.0002861679580197835  0.000298459800771264  0.0003112796180705332  0.00032465008813832217  0.0003385948632985606  0.000353138611819271  0.00036830706155066437  0.0003841270454376358  0.00040062654898716905  0.00041783475977461904  0.00043578211907644967  0.00045450037572076693  0.0004740226422509076  0.0004943834535014343  0.0005156188276901594  0.0005377663301342724  0.0005608651397032811  0.0005849561181263205  0.0006100818822764358  0.0006362868795597115  0.0006636174665426095  0.0006921219909566031  0.000721850877225177  0.0007528567156644912  0.0007851943555155049  0.0008189210019721267  0.0008540963173770411  0.000890782526764226  0.000929044527934864  0.0009689500062613694  0.0010105695544226187  0.0010539767972822035  0.0010992485221306084  0.0011464648145217105  0.0011957091999438964  0.0012470687915764175  0.0013006344443923627  0.0013565009158808474  0.0014147670336727418  0.0014755358703664753  0.0015389149258631751  0.0016050163175336874  0.001673956978553886  0.001745858864759136  0.0018208491703838258  0.0018990605530676075  0.001980631368526384  0.0020657059153031832  0.002154434690031882  0.002246974653665322  0.0023434895091387887  0.0024441499909600485  0.002549134167238217  0.0026586277546857403  0.002772824447150728  0.002891926258260833  0.003016143878784795  0.0031456970493438136  0.003280814949132081  0.0034217366013341386  0.0035687112959562244  0.0037219990308195853  0.0038818709714958863  0.004048609930998349  0.004222510870077183  0.004403881419004318  0.0045930424217704826  0.0047903285036573215  0.0049960886631885935  0.005210686889507569  0.005434502806272785  0.0056679323432112455  0.005911388436516999  0.006165301759334096  0.0064301214836161615  0.006706316074710319  0.006994374120071094  0.007294805193570227  0.00760814075693141  0.007934935099884589  0.008275766320702958  0.008631237348857151  0.009001977011595783  0.009388641146339076  0.009791913760853446  0.01021250824325929  0.01065116862401255  0.01110867089209251  0.01158582436772414  0.01208347313406328  0.012602497530377338  0.013143815709363004  0.013708385261355807  0.014297204908304714  0.014911316270508398  0.015551805709238663  0.01621980624851049  0.01691649957939832  0.01764311815044419  0.01840094734785578  0.01919132776935102  0.02001565759567167  0.020875395063961057  0.021772061047381518  0.0227072417455348  0.023682591490444646  0.024699835673065437  0.025760773795493984  0.02686728265428373  0.028021319660492525  0.02922492630233721  0.030480231756580593  0.03178945665503921  0.0331549170128747  0.034579028325618065  0.03606430984217448  0.03761338902136763  0.03922900617990692  0.0409140193399999  0.042671409285185626  0.044504284833332394  0.046415888336127774  0.04840960141478949  0.05048895094214394  0.05265761528165439  0.05491943079443554  0.05727839862576538  0.05973869178310004  0.06230466251811238  0.06498085002581286  0.06777198847437253  0.07068301537985341  0.07371908034066062  0.07688555414716733  0.08018803828262767  0.08363237483218501  0.08722465681750427  0.09097123897530998  0.09487874899889745  0.09895409926250376  0.10320449904927852  0.1076374673044853  0.11226084593649444  0.11708281368909704  0.12211190060968001  0.12735700313885567  0.13282739984823985  0.1385327678542193  0.14448319993674355  0.150689222393424  0.15716181366052454  0.16391242373378453  0.1709529944234296  0.17829598047919984  0.18595437162276682  0.1939417155265149  0.20227214177933603  0.21096038688183238  0.22002182031514395  0.2294724717295179  0.2393290593007152  0.24960901930441615  0.26033053696094227  0.2715125786048606  0.28317492523637666  0.2953382075138675  0.308023942249458  0.32125457047220124  0.33505349712619653  0.3494451324738692  0.3644549352776552  0.38010945783648104  0.3964363929567065  0.41346462294062064  0.4312242706791523  0.44974675293918026  0.4690648359397062  0.48921269331520334  0.5102259665686786  0.5321418281213915  0.5549990470707652  0.578838057772808  0.6037010313703756  0.6296319503938047  0.6566766865658864  0.6848830819488142  0.7143010335766556  0.7449825817230663  0.7769820019603892  0.8103559011729886  0.8451633176946665  0.8814658257473112  0.9193276443655247  0.9588157509999117  1.0  
0.1e+001 0.1e+007
-14 -12 12 14
3.25173359250262e+09 8.83345431168971e+02 9.97960389053718e+05 2.58494480559376e+10
3.25173359250262e+09 8.83345431168971e+02 9.97960389053718e+05 2.58494480559376e+10
3.38300373508382e+09 1.41294230046092e+03 1.15534158578894e+06 2.60275667261769e+10
3.38300373508382e+09 1.41294230046092e+03 1.15534158578894e+06 2.60275667261769e+10
3.51427387766501e+09 1.94253916975286e+03 1.31272278252417e+06 2.62056853964161e+10
3.51427387766501e+09 1.94253916975286e+03 1.31272278252417e+06 2.62056853964161e+10
3.64554402024620e+09 2.47213603904480e+03 1.47010397925939e+06 2.63838040666554e+10
3.64554402024620e+09 2.47213603904480e+03 1.47010397925939e+06 2.63838040666554e+10
3.77681416282740e+09 3.00173290833675e+03 1.62748517599461e+06 2.65619227368947e+10
3.77681416282740e+09 3.00173290833675e+03 1.62748517599461e+06 2.65619227368947e+10
3.97625513754075e+09 3.87124591365861e+03 1.87357523339612e+06 2.68297107722119e+10
3.97625513754075e+09 3.87124591365861e+03 1.87357523339612e+06 2.68297107722119e+10
4.11472057416744e+09 4.58790789080079e+03 2.05739889637543e+06 2.70096380754549e+10
4.11472057416744e+09 4.58790789080079e+03 2.05739889637543e+06 2.70096380754549e+10
4.25800780327902e+09 5.43724146797467e+03 2.25925820503835e+06 2.71907720198997e+10
4.25800780327902e+09 5.43724146797467e+03 2.25925820503835e+06 2.71907720198997e+10
4.40628473452380e+09 6.44380739211031e+03 2.48092270586195e+06 2.73731206976090e+10
4.40628473452380e+09 6.44380739211031e+03 2.48092270586195e+06 2.73731206976090e+10
4.55972512468063e+09 7.63671320304308e+03 2.72433556232537e+06 2.75566922549127e+10
4.55972512468063e+09 7.63671320304308e+03 2.72433556232537e+06 2.75566922549127e+10
4.71850878127392e+09 9.05045495570488e+03 2.99163058914086e+06 2.77414948927726e+10
4.71850878127392e+09 9.05045495570488e+03 2.99163058914086e+06 2.77414948927726e+10
4.88282177327926e+09 1.07259147656093e+04 3.28515095777851e+06 2.79275368671480e+10
4.88282177327926e+09 1.07259147656093e+04 3.28515095777851e+06 2.79275368671480e+10
5.05285664916641e+09 1.27115430243202e+04 3.60746973726205e+06 2.81148264893652e+10
5.05285664916641e+09 1.27115430243202e+04 3.60746973726205e+06 2.81148264893652e+10
5.22881266253521e+09 1.50647594718199e+04 3.96141245030084e+06 2.83033721264883e+10
5.22881266253521e+09 1.50647594718199e+04 3.96141245030084e+06 2.83033721264883e+10
5.41089600560883e+09 1.78536136415211e+04 4.35008184249075e+06 2.84931822016933e+10
5.41089600560883e+09 1.78536136415211e+04 4.35008184249075e+06 2.84931822016933e+10
5.59932005085799e+09 2.11587526941246e+04 4.77688508171640e+06 2.86842651946441e+10
5.59932005085799e+09 2.11587526941246e+04 4.77688508171640e+06 2.86842651946441e+10
5.79430560103929e+09 2.50757535454869e+04 5.24556362619129e+06 2.88766296418719e+10
5.79430560103929e+09 2.50757535454869e+04 5.24556362619129e+06 2.88766296418719e+10
5.99608114794058e+09 2.97178867282003e+04 5.76022602296606e+06 2.90702841371559e+10
5.99608114794058e+09 2.97178867282003e+04 5.76022602296606e+06 2.90702841371559e+10
6.20488314013671e+09 3.52193919113188e+04 6.32538392442434e+06 2.92652373319075e+10
6.20488314013671e+09 3.52193919113188e+04 6.32538392442434e+06 2.92652373319075e+10
6.42095626006934e+09 4.17393597986227e+04 6.94599163849539e+06 2.94614979355570e+10
6.42095626006934e+09 4.17393597986227e+04 6.94599163849539e+06 2.94614979355570e+10
6.64455371077549e+09 4.94663326608709e+04 7.62748955929007e+06 2.96590747159423e+10
6.64455371077549e+09 4.94663326608709e+04 7.62748955929007e+06 2.96590747159423e+10
6.87593751260090e+09 5.86237565387068e+04 8.37585185888324e+06 2.98579764997009e+10
6.87593751260090e+09 5.86237565387068e+04 8.37585185888324e+06 2.98579764997009e+10
7.11537881024583e+09 6.94764427812155e+04 9.19763885832017e+06 3.00582121726641e+10
7.11537881024583e+09 6.94764427812155e+04 9.19763885832017e+06 3.00582121726641e+10
7.36315819050318e+09 8.23382257727626e+04 1.01000545369436e+07 3.02597906802540e+10
7.36315819050318e+09 8.23382257727626e+04 1.01000545369436e+07 3.02597906802540e+10
7.61956601106118e+09 9.75810382917221e+04 1.10910096841817e+07 3.04627210278832e+10
7.61956601106118e+09 9.75810382917221e+04 1.10910096841817e+07 3.04627210278832e+10
7.88490274075603e+09 1.15645666939309e+05 1.21791912474006e+07 3.06670122813568e+10
7.88490274075603e+09 1.15645666939309e+05 1.21791912474006e+07 3.06670122813568e+10
8.15947931167321e+09 1.37054498660444e+05 1.33741384837411e+07 3.08726735672778e+10
8.15947931167321e+09 1.37054498660444e+05 1.33741384837411e+07 3.08726735672778e+10
8.44361748350993e+09 1.62426626956318e+05 1.46863265835045e+07 3.10797140734548e+10
8.44361748350993e+09 1.62426626956318e+05 1.46863265835045e+07 3.10797140734548e+10
8.73765022062599e+09 1.92495754625099e+05 1.61272584981502e+07 3.12881430493120e+10
8.73765022062599e+09 1.92495754625099e+05 1.61272584981502e+07 3.12881430493120e+10
9.04192208222452e+09 2.28131410736317e+05 1.77095657778906e+07 3.14979698063031e+10
9.04192208222452e+09 2.28131410736317e+05 1.77095657778906e+07 3.14979698063031e+10
9.35678962612011e+09 2.70364095384348e+05 1.94471193028505e+07 3.17092037183267e+10
9.35678962612011e+09 2.70364095384348e+05 1.94471193028505e+07 3.17092037183267e+10
9.68262182656740e+09 3.20415079348651e+05 2.13551508784844e+07 3.19218542221454e+10
9.68262182656740e+09 3.20415079348651e+05 2.13551508784844e+07 3.19218542221454e+10
1.00198005066397e+10 3.79731720397463e+05 2.34503867611893e+07 3.21359308178071e+10
1.00198005066397e+10 3.79731720397463e+05 2.34503867611893e+07 3.21359308178071e+10
1.03687207856644e+10 4.50029317500111e+05 2.57511942846264e+07 3.23514430690700e+10
1.03687207856644e+10 4.50029317500111e+05 2.57511942846264e+07 3.23514430690700e+10
1.07297915422394e+10 5.33340713274183e+05 2.82777428721157e+07 3.25684006038289e+10
1.07297915422394e+10 5.33340713274183e+05 2.82777428721157e+07 3.25684006038289e+10
1.11034358933734e+10 6.32075079054697e+05 3.10521808465743e+07 3.27868131145464e+10
1.11034358933734e+10 6.32075079054697e+05 3.10521808465743e+07 3.27868131145464e+10
1.14900916903108e+10 7.49087582512409e+05 3.40988295879575e+07 3.30066903586851e+10
1.14900916903108e+10 7.49087582512409e+05 3.40988295879575e+07 3.30066903586851e+10
1.18902120316236e+10 8.87761952446360e+05 3.74443967402323e+07 3.32280421591437e+10
1.18902120316236e+10 8.87761952446360e+05 3.74443967402323e+07 3.32280421591437e+10
1.23042657941699e+10 1.05210832833198e+06 4.11182103369050e+07 3.34508784046962e+10
1.23042657941699e+10 1.05210832833198e+06 4.11182103369050e+07 3.34508784046962e+10
1.27327381825424e+10 1.24687922420554e+06 4.51524758975052e+07 3.36752090504331e+10
1.27327381825424e+10 1.24687922420554e+06 4.51524758975052e+07 3.36752090504331e+10
1.31761312976505e+10 1.47770696029015e+06 4.95825587487922e+07 3.39010441182066e+10
1.31761312976505e+10 1.47770696029015e+06 4.95825587487922e+07 3.39010441182066e+10
1.36349647251021e+10 1.75126653656554e+06 5.44472940455801e+07 3.41283936970782e+10
1.36349647251021e+10 1.75126653656554e+06 5.44472940455801e+07 3.41283936970782e+10
1.41097761440741e+10 2.07546865820546e+06 5.97893272088962e+07 3.43572679437693e+10
1.41097761440741e+10 2.07546865820546e+06 5.97893272088962e+07 3.43572679437693e+10
1.46011219573869e+10 2.45968849472843e+06 6.56554877658360e+07 3.45876770831149e+10
1.46011219573869e+10 2.45968849472843e+06 6.56554877658360e+07 3.45876770831149e+10
1.51095779435185e+10 2.91503678804312e+06 7.20971998682810e+07 3.48196314085208e+10
1.51095779435185e+10 2.91503678804312e+06 7.20971998682810e+07 3.48196314085208e+10
1.56357399313250e+10 3.45468114920094e+06 7.91709330891858e+07 3.50531412824228e+10
1.56357399313250e+10 3.45468114920094e+06 7.91709330891858e+07 3.50531412824228e+10
1.61802244982563e+10 4.09422683500892e+06 8.69386974482201e+07 3.52882171367504e+10
1.61802244982563e+10 4.09422683500892e+06 8.69386974482201e+07 3.52882171367504e+10
1.67436696928859e+10 4.85216801567471e+06 9.54685870062781e+07 3.55248694733922e+10
1.67436696928859e+10 4.85216801567471e+06 9.54685870062781e+07 3.55248694733922e+10
1.73267357826018e+10 5.75042258309201e+06 1.04835376794133e+08 3.57631088646653e+10
1.73267357826018e+10 5.75042258309201e+06 1.04835376794133e+08 3.57631088646653e+10
1.79301060273333e+10 6.81496596517516e+06 1.15121178308055e+08 3.60029459537877e+10
1.79301060273333e+10 6.81496596517516e+06 1.15121178308055e+08 3.60029459537877e+10
1.85544874802229e+10 8.07658227467570e+06 1.26416159318624e+08 3.62443914553537e+10
1.85544874802229e+10 8.07658227467570e+06 1.26416159318624e+08 3.62443914553537e+10
1.92006118161785e+10 9.57175451395364e+06 1.38819334302744e+08 3.64874561558125e+10
1.92006118161785e+10 9.57175451395364e+06 1.38819334302744e+08 3.64874561558125e+10
1.98692361892792e+10 1.13437195783498e+07 1.52439432427986e+08 3.67321509139502e+10
1.98692361892792e+10 1.13437195783498e+07 1.52439432427986e+08 3.67321509139502e+10
2.05611441200386e+10 1.34437185663974e+07 1.67395850698207e+08 3.69784866613748e+10
2.05611441200386e+10 1.34437185663974e+07 1.67395850698207e+08 3.69784866613748e+10
2.12771464135650e+10 1.59324785529289e+07 1.83819700615941e+08 3.72264744030048e+10
2.12771464135650e+10 1.59324785529289e+07 1.83819700615941e+08 3.72264744030048e+10
2.20180821096950e+10 1.88819686745023e+07 2.01854957536866e+08 3.74761252175604e+10
2.20180821096950e+10 1.88819686745023e+07 2.01854957536866e+08 3.74761252175604e+10
2.27848194662135e+10 2.23774813090423e+07 2.21659722791849e+08 3.77274502580590e+10
2.27848194662135e+10 2.23774813090423e+07 2.21659722791849e+08 3.77274502580590e+10
2.35782569763127e+10 2.65200985325615e+07 2.43407609640629e+08 3.79804607523128e+10
2.35782569763127e+10 2.65200985325615e+07 2.43407609640629e+08 3.79804607523128e+10
2.43993244214818e+10 3.14296151771367e+07 2.67289265206748e+08 3.82351680034311e+10
2.43993244214818e+10 3.14296151771367e+07 2.67289265206748e+08 3.82351680034311e+10
2.52489839610621e+10 3.72480030181656e+07 2.93514041735358e+08 3.84915833903246e+10
2.52489839610621e+10 3.72480030181656e+07 2.93514041735358e+08 3.84915833903246e+10
2.61282312597430e+10 4.41435162671206e+07 3.22311831824552e+08 3.87497183682143e+10
2.61282312597430e+10 4.41435162671206e+07 3.22311831824552e+08 3.87497183682143e+10
2.70380966543215e+10 5.23155570910795e+07 3.53935083718293e+08 3.90095844691429e+10
2.70380966543215e+10 5.23155570910795e+07 3.53935083718293e+08 3.90095844691429e+10
2.79796463610917e+10 6.20004418585145e+07 3.88661014327469e+08 3.92711933024901e+10
2.79796463610917e+10 6.20004418585145e+07 3.88661014327469e+08 3.92711933024901e+10
2.89625652010703e+10 7.47281220964310e+07 4.28177533931672e+08 3.95349288210619e+10
2.89625652010703e+10 7.47281220964310e+07 4.28177533931672e+08 3.95349288210619e+10
2.99917259811322e+10 9.14988483093931e+07 4.73483296794262e+08 3.98009565233976e+10
2.99917259811322e+10 9.14988483093931e+07 4.73483296794262e+08 3.98009565233976e+10
3.10642341450942e+10 1.12224535085121e+08 5.24341416821571e+08 4.00691050556947e+10
3.10642341450942e+10 1.12224535085121e+08 5.24341416821571e+08 4.00691050556947e+10
3.21770943394219e+10 1.36800790254512e+08 5.80491766115351e+08 4.03392019150058e+10
3.21770943394219e+10 1.36800790254512e+08 5.80491766115351e+08 4.03392019150058e+10
3.33272069031560e+10 1.65103896113486e+08 6.41648694630042e+08 4.06110734415320e+10
3.33272069031560e+10 1.65103896113486e+08 6.41648694630042e+08 4.06110734415320e+10
3.45113642356065e+10 1.96987231795415e+08 7.07498526096869e+08 4.08845448108647e+10
3.45113642356065e+10 1.96987231795415e+08 7.07498526096869e+08 4.08845448108647e+10
3.57262470375593e+10 2.32277033337496e+08 7.77696808263426e+08 4.11594400261757e+10
3.57262470375593e+10 2.32277033337496e+08 7.77696808263426e+08 4.11594400261757e+10
3.69684204215901e+10 2.70767368832052e+08 8.51865293343703e+08 4.14355819103543e+10
3.69684204215901e+10 2.70767368832052e+08 8.51865293343703e+08 4.14355819103543e+10
3.82844475537347e+10 3.16847018664740e+08 9.12211056040210e+08 4.18783281679467e+10
3.82844475537347e+10 3.16847018664740e+08 9.12211056040210e+08 4.18783281679467e+10
3.96857086633385e+10 3.71618743385433e+08 9.53056667607796e+08 4.25372367156634e+10
3.96857086633385e+10 3.71618743385433e+08 9.53056667607796e+08 4.25372367156634e+10
4.11598159061810e+10 4.33489875787795e+08 9.72517771022870e+08 4.34117545222715e+10
4.11598159061810e+10 4.33489875787795e+08 9.72517771022870e+08 4.34117545222715e+10
4.26990993246000e+10 5.01385839487047e+08 9.69379991133425e+08 4.45015458769193e+10
4.26990993246000e+10 5.01385839487047e+08 9.69379991133425e+08 4.45015458769193e+10
4.43035589185956e+10 5.75306634483186e+08 9.43643327939462e+08 4.58066107796066e+10
4.43035589185956e+10 5.75306634483186e+08 9.43643327939462e+08 4.58066107796066e+10
4.59731946881678e+10 6.55252260776215e+08 8.95307781440980e+08 4.73269492303335e+10
4.59731946881678e+10 6.55252260776215e+08 8.95307781440980e+08 4.73269492303335e+10
4.77080066333166e+10 7.41222718366132e+08 8.24373351637978e+08 4.90625612291000e+10
4.77080066333166e+10 7.41222718366132e+08 8.24373351637978e+08 4.90625612291000e+10
4.95079947540419e+10 8.33218007252938e+08 7.30840038530458e+08 5.10134467759061e+10
4.95079947540419e+10 8.33218007252938e+08 7.30840038530458e+08 5.10134467759061e+10
5.12465213725367e+10 9.26490755402661e+08 6.45732961811571e+08 5.31478120262002e+10
5.12465213725367e+10 9.26490755402661e+08 6.45732961811571e+08 5.31478120262002e+10
5.29210680698895e+10 1.02094655274938e+09 5.69669112013016e+08 5.54650247019687e+10
5.29210680698895e+10 1.02094655274938e+09 5.69669112013016e+08 5.54650247019687e+10
5.44815171792929e+10 1.11195256398423e+09 5.20026055303050e+08 5.77995487333570e+10
5.44815171792929e+10 1.11195256398423e+09 5.20026055303050e+08 5.77995487333570e+10
5.59128101919779e+10 1.19811679311918e+09 5.02025108817934e+08 6.01016466421800e+10
5.59128101919779e+10 1.19811679311918e+09 5.02025108817934e+08 6.01016466421800e+10
5.72149471079444e+10 1.27943924015424e+09 5.15666272557668e+08 6.23713184284378e+10
5.72149471079444e+10 1.27943924015424e+09 5.15666272557668e+08 6.23713184284378e+10
5.83879279271923e+10 1.35591990508941e+09 5.60949546522253e+08 6.46085640921304e+10
5.83879279271923e+10 1.35591990508941e+09 5.60949546522253e+08 6.46085640921304e+10
5.94317526497217e+10 1.42755878792468e+09 6.37874930711689e+08 6.68133836332577e+10
5.94317526497217e+10 1.42755878792468e+09 6.37874930711689e+08 6.68133836332577e+10
6.03827493248432e+10 1.49864587556991e+09 7.45693163891971e+08 6.89726191628086e+10
6.03827493248432e+10 1.49864587556991e+09 7.45693163891971e+08 6.89726191628086e+10
6.13937540761940e+10 1.58722961769954e+09 8.81252021135809e+08 7.10309139856156e+10
6.13937540761940e+10 1.58722961769954e+09 8.81252021135809e+08 7.10309139856156e+10
6.24647669037740e+10 1.69331001431357e+09 1.04455150244320e+09 7.29882681016785e+10
6.24647669037740e+10 1.69331001431357e+09 1.04455150244320e+09 7.29882681016785e+10
6.37224254853904e+10 1.82163443744600e+09 1.20456648812100e+09 7.48764753555489e+10
6.37224254853904e+10 1.82163443744600e+09 1.20456648812100e+09 7.48764753555489e+10
6.51692482399545e+10 1.97229729716272e+09 1.36067998763750e+09 7.66961680252406e+10
6.51692482399545e+10 1.97229729716272e+09 1.36067998763750e+09 7.66961680252406e+10
6.68052351674664e+10 2.14529859346374e+09 1.51289200099271e+09 7.84473461107535e+10
6.68052351674664e+10 2.14529859346374e+09 1.51289200099271e+09 7.84473461107535e+10
6.86303862679261e+10 2.34063832634906e+09 1.66120252818662e+09 8.01300096120876e+10
6.86303862679261e+10 2.34063832634906e+09 1.66120252818662e+09 8.01300096120876e+10
7.06447015413335e+10 2.55831649581869e+09 1.80561156921924e+09 8.17441585292429e+10
7.06447015413335e+10 2.55831649581869e+09 1.80561156921924e+09 8.17441585292429e+10
7.27938258265966e+10 2.78612084380764e+09 1.95621257641234e+09 8.33529773129740e+10
7.27938258265966e+10 2.78612084380764e+09 1.95621257641234e+09 8.33529773129740e+10
7.49974348600663e+10 3.00600449828288e+09 2.12792132058024e+09 8.50498378598768e+10
7.49974348600663e+10 3.00600449828288e+09 2.12792132058024e+09 8.50498378598768e+10
7.72192005924321e+10 3.21367747233458e+09 2.32148706295696e+09 8.68478980589624e+10
7.72192005924321e+10 3.21367747233458e+09 2.32148706295696e+09 8.68478980589624e+10
7.93062869000566e+10 3.39109131628826e+09 2.54006202846979e+09 8.88025146053986e+10
7.93062869000566e+10 3.39109131628826e+09 2.54006202846979e+09 8.88025146053986e+10
8.12586937829399e+10 3.53824603014393e+09 2.78364621711872e+09 9.09136874991851e+10
8.12586937829399e+10 3.53824603014393e+09 2.78364621711872e+09 9.09136874991851e+10
8.30764212410821e+10 3.65514161390160e+09 3.05223962890376e+09 9.31814167403221e+10
8.30764212410821e+10 3.65514161390160e+09 3.05223962890376e+09 9.31814167403221e+10
8.47594692744832e+10 3.74177806756125e+09 3.34584226382490e+09 9.56057023288096e+10
8.47594692744832e+10 3.74177806756125e+09 3.34584226382490e+09 9.56057023288096e+10
8.63078378831430e+10 3.79815539112289e+09 3.66445412188215e+09 9.81865442646475e+10
8.63078378831430e+10 3.79815539112289e+09 3.66445412188215e+09 9.81865442646475e+10
8.77360346307867e+10 3.84707183515713e+09 4.00363024052451e+09 1.00874489301317e+11
8.77360346307867e+10 3.84707183515713e+09 4.00363024052451e+09 1.00874489301317e+11
8.90531363757887e+10 3.90279144120380e+09 4.36058956730790e+09 1.03638596329525e+11
8.90531363757887e+10 3.90279144120380e+09 4.36058956730790e+09 1.03638596329525e+11
9.03134982792411e+10 3.97752646732786e+09 4.72523864991055e+09 1.06415680898516e+11
9.03134982792411e+10 3.97752646732786e+09 4.72523864991055e+09 1.06415680898516e+11
9.15974446047929e+10 4.08932378556235e+09 5.08266171751813e+09 1.09112371111695e+11
9.15974446047929e+10 4.08932378556235e+09 5.08266171751813e+09 1.09112371111695e+11
9.29049753524443e+10 4.23818339590728e+09 5.43285877013063e+09 1.11728666969061e+11
9.29049753524443e+10 4.23818339590728e+09 5.43285877013063e+09 1.11728666969061e+11
9.42360905221952e+10 4.42410529836265e+09 5.77582980774806e+09 1.14264568470614e+11
9.42360905221952e+10 4.42410529836265e+09 5.77582980774806e+09 1.14264568470614e+11
9.55907901140456e+10 4.64708949292844e+09 6.11157483037041e+09 1.16720075616355e+11
9.55907901140456e+10 4.64708949292844e+09 6.11157483037041e+09 1.16720075616355e+11
9.69690741279955e+10 4.90713597960468e+09 6.44009383799769e+09 1.19095188406283e+11
9.69690741279955e+10 4.90713597960468e+09 6.44009383799769e+09 1.19095188406283e+11
9.82810609776625e+10 5.24646379311081e+09 6.74685159118696e+09 1.21276473064544e+11
9.82810609776625e+10 5.24646379311081e+09 6.74685159118696e+09 1.21276473064544e+11
9.95079059395306e+10 5.67392464677793e+09 7.02880060736071e+09 1.23240146876243e+11
9.95079059395306e+10 5.67392464677793e+09 7.02880060736071e+09 1.23240146876243e+11
1.00635101449875e+11 6.16672029003542e+09 7.29038584906993e+09 1.25035663087898e+11
1.00635101449875e+11 6.16672029003542e+09 7.29038584906993e+09 1.25035663087898e+11
1.01653570650320e+11 6.71058668134347e+09 7.53438836875869e+09 1.26693962808803e+11
1.01653570650320e+11 6.71058668134347e+09 7.53438836875869e+09 1.26693962808803e+11
1.02563313540868e+11 7.30552382070207e+09 7.76080816642701e+09 1.28215046038958e+11
1.02563313540868e+11 7.30552382070207e+09 7.76080816642701e+09 1.28215046038958e+11
1.03364330121517e+11 7.95153170811122e+09 7.96964524207487e+09 1.29598912778362e+11
1.03364330121517e+11 7.95153170811122e+09 7.96964524207487e+09 1.29598912778362e+11
1.04056620392267e+11 8.64861034357092e+09 8.16089959570228e+09 1.30845563027017e+11
1.04056620392267e+11 8.64861034357092e+09 8.16089959570228e+09 1.30845563027017e+11
1.04641020627910e+11 9.39518254704386e+09 8.33648584746181e+09 1.31947368360213e+11
1.04641020627910e+11 9.39518254704386e+09 8.33648584746181e+09 1.31947368360213e+11
1.05138574223680e+11 1.01515613361632e+10 8.54458207115401e+09 1.32712372787074e+11
1.05138574223680e+11 1.01515613361632e+10 8.54458207115401e+09 1.32712372787074e+11
1.05549281179576e+11 1.09177467109289e+10 8.78518826677886e+09 1.33140576307599e+11
1.05549281179576e+11 1.09177467109289e+10 8.78518826677886e+09 1.33140576307599e+11
1.05963023081981e+11 1.16515196366216e+10 9.07283967377930e+09 1.33345412697641e+11
1.05963023081981e+11 1.16515196366216e+10 9.07283967377930e+09 1.33345412697641e+11
1.06398644654412e+11 1.23440283999102e+10 9.41058377473286e+09 1.33350664672097e+11
1.06398644654412e+11 1.23440283999102e+10 9.41058377473286e+09 1.33350664672097e+11
1.06856145896868e+11 1.29952730007945e+10 9.79842056963954e+09 1.33156332230968e+11
1.06856145896868e+11 1.29952730007945e+10 9.79842056963954e+09 1.33156332230968e+11
1.07335526809348e+11 1.36052534392748e+10 1.02363500584993e+10 1.32762415374252e+11
1.07335526809348e+11 1.36052534392748e+10 1.02363500584993e+10 1.32762415374252e+11
1.07836787391854e+11 1.41739697153508e+10 1.07243722413122e+10 1.32168914101950e+11
1.07836787391854e+11 1.41739697153508e+10 1.07243722413122e+10 1.32168914101950e+11
1.08310190423114e+11 1.47065186188226e+10 1.12533277705454e+10 1.31437142571147e+11
1.08310190423114e+11 1.47065186188226e+10 1.12533277705454e+10 1.31437142571147e+11
1.08606337577930e+11 1.52182096470948e+10 1.17957042290124e+10 1.30751273362159e+11
1.08606337577930e+11 1.52182096470948e+10 1.17957042290124e+10 1.30751273362159e+11
1.08724392581511e+11 1.57106199802048e+10 1.23495869965607e+10 1.30118934899693e+11
1.08724392581511e+11 1.57106199802048e+10 1.23495869965607e+10 1.30118934899693e+11
1.08643312038623e+11 1.62234366005195e+10 1.28667979993896e+10 1.29732083174629e+11
1.08643312038623e+11 1.62234366005195e+10 1.28667979993896e+10 1.29732083174629e+11
1.08363095949265e+11 1.67566595080389e+10 1.33473372374992e+10 1.29590718186966e+11
1.08363095949265e+11 1.67566595080389e+10 1.33473372374992e+10 1.29590718186966e+11
1.07883744313439e+11 1.73102887027629e+10 1.37912047108895e+10 1.29694839936704e+11
1.07883744313439e+11 1.73102887027629e+10 1.37912047108895e+10 1.29694839936704e+11
1.07205257131143e+11 1.78843241846916e+10 1.41984004195604e+10 1.30044448423844e+11
1.07205257131143e+11 1.78843241846916e+10 1.41984004195604e+10 1.30044448423844e+11
1.06327634402378e+11 1.84787659538250e+10 1.45689243635121e+10 1.30639543648384e+11
1.06327634402378e+11 1.84787659538250e+10 1.45689243635121e+10 1.30639543648384e+11
1.05286453133709e+11 1.90793169013001e+10 1.49131094618740e+10 1.31347104853017e+11
1.05286453133709e+11 1.90793169013001e+10 1.49131094618740e+10 1.31347104853017e+11
1.04123258045507e+11 1.96692817104748e+10 1.52430218853918e+10 1.32011798278688e+11
1.04123258045507e+11 1.96692817104748e+10 1.52430218853918e+10 1.32011798278688e+11
1.02887786359042e+11 2.02435635915494e+10 1.55678209815983e+10 1.32572309768312e+11
1.02887786359042e+11 2.02435635915494e+10 1.55678209815983e+10 1.32572309768312e+11
1.01729436399512e+11 2.07868530471188e+10 1.59150191676800e+10 1.32844466741573e+11
1.01729436399512e+11 2.07868530471188e+10 1.59150191676800e+10 1.32844466741573e+11
1.00648208166918e+11 2.12991500771831e+10 1.62846164436368e+10 1.32828269198471e+11
1.00648208166918e+11 2.12991500771831e+10 1.62846164436368e+10 1.32828269198471e+11
9.96441016612589e+10 2.17804546817424e+10 1.66766128094688e+10 1.32523717139005e+11
9.96441016612589e+10 2.17804546817424e+10 1.66766128094688e+10 1.32523717139005e+11
9.87171168825352e+10 2.22307668607965e+10 1.70910082651761e+10 1.31930810563176e+11
9.87171168825352e+10 2.22307668607965e+10 1.70910082651761e+10 1.31930810563176e+11
9.78672538307468e+10 2.26500866143456e+10 1.75278028107585e+10 1.31049549470983e+11
9.78672538307468e+10 2.26500866143456e+10 1.75278028107585e+10 1.31049549470983e+11
9.69713948865970e+10 2.30220468344300e+10 1.79527341442457e+10 1.29911565951012e+11
9.69713948865970e+10 2.30220468344300e+10 1.79527341442457e+10 1.29911565951012e+11
9.59696794316308e+10 2.33386897225610e+10 1.83491437028962e+10 1.28532239738484e+11
9.59696794316308e+10 2.33386897225610e+10 1.83491437028962e+10 1.28532239738484e+11
9.48265304592823e+10 2.36143123876014e+10 1.87066985675803e+10 1.27044591590707e+11
9.48265304592823e+10 2.36143123876014e+10 1.87066985675803e+10 1.27044591590707e+11
9.35004032491821e+10 2.38656101461935e+10 1.90133325675526e+10 1.25603955266736e+11
9.35004032491821e+10 2.38656101461935e+10 1.90133325675526e+10 1.25603955266736e+11
9.19912978013302e+10 2.40925829983373e+10 1.92690457028130e+10 1.24210330766570e+11
9.19912978013302e+10 2.40925829983373e+10 1.92690457028130e+10 1.24210330766570e+11
9.02992141157265e+10 2.42952309440327e+10 1.94738379733614e+10 1.22863718090211e+11
9.02992141157265e+10 2.42952309440327e+10 1.94738379733614e+10 1.22863718090211e+11
8.84241521923710e+10 2.44735539832798e+10 1.96277093791980e+10 1.21564117237656e+11
8.84241521923710e+10 2.44735539832798e+10 1.96277093791980e+10 1.21564117237656e+11
8.63661120312638e+10 2.46275521160785e+10 1.97306599203227e+10 1.20311528208907e+11
8.63661120312638e+10 2.46275521160785e+10 1.97306599203227e+10 1.20311528208907e+11
8.40977041448764e+10 2.47482173536094e+10 1.97569574310558e+10 1.18875745349243e+11
8.40977041448764e+10 2.47482173536094e+10 1.97569574310558e+10 1.18875745349243e+11
8.16153483811422e+10 2.48343722379240e+10 1.97032383922355e+10 1.17226677871105e+11
8.16153483811422e+10 2.48343722379240e+10 1.97032383922355e+10 1.17226677871105e+11
7.90421623593577e+10 2.49023838769820e+10 1.96037651058320e+10 1.15332693685909e+11
7.90421623593577e+10 2.49023838769820e+10 1.96037651058320e+10 1.15332693685909e+11
7.64380066979782e+10 2.49602100692722e+10 1.94751961345869e+10 1.13178413058435e+11
7.64380066979782e+10 2.49602100692722e+10 1.94751961345869e+10 1.13178413058435e+11
7.38028813970035e+10 2.50078508147944e+10 1.93175314785002e+10 1.10763835988682e+11
7.38028813970035e+10 2.50078508147944e+10 1.93175314785002e+10 1.10763835988682e+11
7.11367864564336e+10 2.50453061135489e+10 1.91307711375719e+10 1.08088962476650e+11
7.11367864564336e+10 2.50453061135489e+10 1.91307711375719e+10 1.08088962476650e+11
6.84397218762686e+10 2.50725759655354e+10 1.89149151118019e+10 1.05153792522339e+11
6.84397218762686e+10 2.50725759655354e+10 1.89149151118019e+10 1.05153792522339e+11
6.57174357059101e+10 2.50789052052280e+10 1.86701184282684e+10 1.01968622484897e+11
6.57174357059101e+10 2.50789052052280e+10 1.86701184282684e+10 1.01968622484897e+11
6.30240915308847e+10 2.49629484392362e+10 1.83978418994682e+10 9.86304744478749e+10
6.30240915308847e+10 2.49629484392362e+10 1.83978418994682e+10 9.86304744478749e+10
6.03596893511925e+10 2.47247056675601e+10 1.80980855254014e+10 9.51393484112721e+10
6.03596893511925e+10 2.47247056675601e+10 1.80980855254014e+10 9.51393484112721e+10
5.77516186543619e+10 2.43731848790191e+10 1.77965814717476e+10 9.17254500298103e+10
5.77516186543619e+10 2.43731848790191e+10 1.77965814717476e+10 9.17254500298103e+10
5.52034595924597e+10 2.39095635315616e+10 1.74966932576688e+10 8.84188700910468e+10
5.52034595924597e+10 2.39095635315616e+10 1.74966932576688e+10 8.84188700910468e+10
5.27152121654858e+10 2.33338416251876e+10 1.71984208831649e+10 8.52196085949814e+10
5.27152121654858e+10 2.33338416251876e+10 1.71984208831649e+10 8.52196085949814e+10
5.02868763734403e+10 2.26460191598971e+10 1.69017643482360e+10 8.21276655416142e+10
5.02868763734403e+10 2.26460191598971e+10 1.69017643482360e+10 8.21276655416142e+10
4.79184522163231e+10 2.18460961356900e+10 1.66067236528821e+10 7.91430409309453e+10
4.79184522163231e+10 2.18460961356900e+10 1.66067236528821e+10 7.91430409309453e+10
4.56362509140238e+10 2.09335496985639e+10 1.62924365126097e+10 7.62400502644526e+10
4.56362509140238e+10 2.09335496985639e+10 1.62924365126097e+10 7.62400502644526e+10
4.34995300190531e+10 1.99072022881988e+10 1.59119173477287e+10 7.33608474777477e+10
4.34995300190531e+10 1.99072022881988e+10 1.59119173477287e+10 7.33608474777477e+10
4.15025414820095e+10 1.87778090701209e+10 1.54650111311610e+10 7.04951362116831e+10
4.15025414820095e+10 1.87778090701209e+10 1.54650111311610e+10 7.04951362116831e+10
3.95911217173661e+10 1.76467154377204e+10 1.49502570504097e+10 6.75458943827080e+10
3.95911217173661e+10 1.76467154377204e+10 1.49502570504097e+10 6.75458943827080e+10
3.77652707251231e+10 1.65139213909975e+10 1.43676551054748e+10 6.45131219908224e+10
3.77652707251231e+10 1.65139213909975e+10 1.43676551054748e+10 6.45131219908224e+10
3.60249885052803e+10 1.53794269299522e+10 1.37172052963563e+10 6.13968190360264e+10
3.60249885052803e+10 1.53794269299522e+10 1.37172052963563e+10 6.13968190360264e+10
3.43702750578379e+10 1.42432320545843e+10 1.29989076230542e+10 5.81969855183198e+10
3.43702750578379e+10 1.42432320545843e+10 1.29989076230542e+10 5.81969855183198e+10
3.28011303827957e+10 1.31053367648940e+10 1.22127620855685e+10 5.49136214377028e+10
3.28011303827957e+10 1.31053367648940e+10 1.22127620855685e+10 5.49136214377028e+10
3.12752825100269e+10 1.19985013887676e+10 1.13877056765996e+10 5.15910581922256e+10
3.12752825100269e+10 1.19985013887676e+10 1.13877056765996e+10 5.15910581922256e+10
2.97535592901194e+10 1.09530839259600e+10 1.05505534274366e+10 4.82703763405389e+10
2.97535592901194e+10 1.09530839259600e+10 1.05505534274366e+10 4.82703763405389e+10
2.82096495031835e+10 9.96960723047376e+09 9.72216762257273e+09 4.49772603811647e+10
2.82096495031835e+10 9.96960723047376e+09 9.72216762257273e+09 4.49772603811647e+10
2.65842955967086e+10 9.04924886262888e+09 8.94953384169831e+09 4.17695563784915e+10
2.65842955967086e+10 9.04924886262888e+09 8.94953384169831e+09 4.17695563784915e+10
2.48774975706946e+10 8.19200882242533e+09 8.23265208481328e+09 3.86472643325193e+10
2.48774975706946e+10 8.19200882242533e+09 8.23265208481328e+09 3.86472643325193e+10
2.30892554251416e+10 7.39788710986309e+09 7.57152235191765e+09 3.56103842432482e+10
2.30892554251416e+10 7.39788710986309e+09 7.57152235191765e+09 3.56103842432482e+10
2.12195691600495e+10 6.66688372494217e+09 6.96614464301141e+09 3.26589161106781e+10
2.12195691600495e+10 6.66688372494217e+09 6.96614464301141e+09 3.26589161106781e+10
1.92684387754184e+10 5.99899866766258e+09 6.41651895809458e+09 2.97928599348091e+10
1.92684387754184e+10 5.99899866766258e+09 6.41651895809458e+09 2.97928599348091e+10
1.73618395820821e+10 5.41382668885185e+09 5.92707429207287e+09 2.71370828746068e+10
1.73618395820821e+10 5.41382668885185e+09 5.92707429207287e+09 2.71370828746068e+10
1.55462294929850e+10 4.91859405548315e+09 5.49944399562745e+09 2.47376341722798e+10
1.55462294929850e+10 4.91859405548315e+09 5.49944399562745e+09 2.47376341722798e+10
1.38638804782540e+10 4.48054043967017e+09 5.10469107605793e+09 2.25501824297777e+10
1.38638804782540e+10 4.48054043967017e+09 5.10469107605793e+09 2.25501824297777e+10
1.23539646873013e+10 4.06930784165791e+09 4.71600050207531e+09 2.05336470884497e+10
1.23539646873013e+10 4.06930784165791e+09 4.71600050207531e+09 2.05336470884497e+10
1.10164821201269e+10 3.68489626144637e+09 4.33337227367959e+09 1.86880281482959e+10
1.10164821201269e+10 3.68489626144637e+09 4.33337227367959e+09 1.86880281482959e+10
9.85143277673078e+09 3.32730569903554e+09 3.95680639087078e+09 1.70133256093162e+10
9.85143277673078e+09 3.32730569903554e+09 3.95680639087078e+09 1.70133256093162e+10
8.85881665711298e+09 2.99653615442542e+09 3.58630285364886e+09 1.55095394715108e+10
8.85881665711298e+09 2.99653615442542e+09 3.58630285364886e+09 1.55095394715108e+10
8.03863376127348e+09 2.69258762761602e+09 3.22186166201384e+09 1.41766697348795e+10
8.03863376127348e+09 2.69258762761602e+09 3.22186166201384e+09 1.41766697348795e+10
7.37359676824059e+09 2.42111983441359e+09 2.88531872518755e+09 1.30369965519109e+10
7.37359676824059e+09 2.42111983441359e+09 2.88531872518755e+09 1.30369965519109e+10
6.86264358813280e+09 2.18248049364051e+09 2.57801558696824e+09 1.20918887596016e+10
6.86264358813280e+09 2.18248049364051e+09 2.57801558696824e+09 1.20918887596016e+10
6.37979891011630e+09 1.95707485446923e+09 2.29552325245018e+09 1.12164791989857e+10
6.37979891011630e+09 1.95707485446923e+09 2.29552325245018e+09 1.12164791989857e+10
5.87860482124660e+09 1.73767664992657e+09 2.03620837095222e+09 1.03647186278550e+10
5.87860482124660e+09 1.73767664992657e+09 2.03620837095222e+09 1.03647186278550e+10
5.35906132152370e+09 1.52428588001253e+09 1.80007094247433e+09 9.53660704620930e+09
5.35906132152370e+09 1.52428588001253e+09 1.80007094247433e+09 9.53660704620930e+09
4.82116841094759e+09 1.31690254472712e+09 1.58711096701653e+09 8.73214445404872e+09
4.82116841094759e+09 1.31690254472712e+09 1.58711096701653e+09 8.73214445404872e+09
4.26492608951828e+09 1.11552664407033e+09 1.39732844457881e+09 7.95133085137324e+09
4.26492608951828e+09 1.11552664407033e+09 1.39732844457881e+09 7.95133085137324e+09
3.69829390701809e+09 9.22741757267330e+08 1.23124346910256e+09 7.19825103004584e+09
3.69829390701809e+09 9.22741757267330e+08 1.23124346910256e+09 7.19825103004584e+09
3.16511115493324e+09 7.52777619143209e+08 1.09172059329737e+09 6.49540304410718e+09
3.16511115493324e+09 7.52777619143209e+08 1.09172059329737e+09 6.49540304410718e+09
2.66537783326370e+09 6.05634229697969e+08 9.78759817163246e+08 5.84278689355725e+09
2.66537783326370e+09 6.05634229697969e+08 9.78759817163246e+08 5.84278689355725e+09
2.21638126298119e+09 4.75651873125348e+08 8.70525231478369e+08 5.21812242590747e+09
2.21638126298119e+09 4.75651873125348e+08 8.70525231478369e+08 5.21812242590747e+09
1.81918353396720e+09 3.62482830602984e+08 7.65675292444476e+08 4.62004080416134e+09
1.81918353396720e+09 3.62482830602984e+08 7.65675292444476e+08 4.62004080416134e+09
1.47378464622175e+09 2.66127102130879e+08 6.64210000061568e+08 4.04854202831885e+09
1.47378464622175e+09 2.66127102130879e+08 6.64210000061568e+08 4.04854202831885e+09
1.18018459974483e+09 1.86584687709030e+08 5.66129354329643e+08 3.50362609837999e+09
1.18018459974483e+09 1.86584687709030e+08 5.66129354329643e+08 3.50362609837999e+09
9.38383394536430e+08 1.23855587337439e+08 4.71433355248702e+08 2.98529301434478e+09
9.38383394536430e+08 1.23855587337439e+08 4.71433355248702e+08 2.98529301434478e+09
7.50353193701281e+08 7.84725801555860e+07 3.83108757300788e+08 2.50670507624484e+09
7.50353193701281e+08 7.84725801555860e+07 3.83108757300788e+08 2.50670507624484e+09
6.19521960922316e+08 5.13617292952660e+07 3.06347061061995e+08 2.09074065878684e+09
6.19521960922316e+08 5.13617292952660e+07 3.06347061061995e+08 2.09074065878684e+09
5.37930146417205e+08 3.99394555313148e+07 2.40628172590947e+08 1.73331497010778e+09
5.37930146417205e+08 3.99394555313148e+07 2.40628172590947e+08 1.73331497010778e+09
4.61738458699747e+08 2.99760240386389e+07 1.83087539178036e+08 1.41192995616701e+09
4.61738458699747e+08 2.99760240386389e+07 1.83087539178036e+08 1.41192995616701e+09
3.90946897769942e+08 2.14714348172384e+07 1.33725160823264e+08 1.12658561696454e+09
3.90946897769942e+08 2.14714348172384e+07 1.33725160823264e+08 1.12658561696454e+09
3.25555463627790e+08 1.44256878671133e+07 9.25410375266290e+07 8.77281952500369e+08
3.25555463627790e+08 1.44256878671133e+07 9.25410375266290e+07 8.77281952500369e+08
2.65564156273290e+08 8.83878318826349e+06 5.95351692881320e+07 6.64018962774489e+08
2.65564156273290e+08 8.83878318826349e+06 5.95351692881320e+07 6.64018962774489e+08
2.10972975706443e+08 4.71072078068907e+06 3.47075561077727e+07 4.86796647786903e+08
2.10972975706443e+08 4.71072078068907e+06 3.47075561077727e+07 4.86796647786903e+08
1.64109859591690e+08 2.05789852308335e+06 1.82473493642003e+07 3.50359510116468e+08
1.64109859591690e+08 2.05789852308335e+06 1.82473493642003e+07 3.50359510116468e+08
1.26683166595450e+08 8.92350010075871e+05 1.02933579275645e+07 2.58189306264760e+08
1.26683166595450e+08 8.92350010075871e+05 1.02933579275645e+07 2.58189306264760e+08
9.67207336130070e+07 6.81296102186417e+05 7.85882731582316e+06 1.97123736200149e+08
9.67207336130070e+07 6.81296102186417e+05 7.85882731582316e+06 1.97123736200149e+08
7.07945969614246e+07 4.98673667619811e+05 5.75225695288063e+06 1.44284425215970e+08
7.07945969614246e+07 4.98673667619811e+05 5.75225695288063e+06 1.44284425215970e+08
5.79325133424604e+07 4.08073781656812e+05 4.70717705835092e+06 1.18070583740848e+08
5.79325133424604e+07 4.08073781656812e+05 4.70717705835092e+06 1.18070583740848e+08
3.22083461045322e+07 2.26874009730815e+05 2.61701726929152e+06 6.56429007906024e+07
3.22083461045322e+07 2.26874009730815e+05 2.61701726929152e+06 6.56429007906024e+07
6.48417886660409e+06 4.56742378048180e+04 5.26857480232127e+05 1.32152178403571e+07
6.48417886660409e+06 4.56742378048180e+04 5.26857480232127e+05 1.32152178403571e+07
0.00000000000000e+00 0.00000000000000e+00 0.00000000000000e+00 0.00000000000000e+00
0.00000000000000e+00 0.00000000000000e+00 0.00000000000000e+00 0.00000000000000e+00
0.00000000000000e+00 0.00000000000000e+00 0.00000000000000e+00 0.00000000000000e+00
0.00000000000000e+00 0.00000000000000e+00 0.00000000000000e+00 0.00000000000000e+00
---