PdfType: central
Format: lhagrid1
---
0.0001  0.00010429532461863897  0.0001087751473730729  0.00011344739305714942  0.00011832032686033726  0.00012340256898882342  0.00012870310991463342  0.00013423132627975076  0.00013999699748337048  0.00014601032298162906  0.0001522819403304134  0.0001588229440031669  0.0001656449050169821  0.00017275989140169766  0.0001801804895482089  0.0001879198264737575  0.00019599159304358843  0.00020441006819005238  0.0002131901441719966  0.00022234735291912848  0.00023189789350795586  0.00024185866081790827  0.00025224727541833065  0.0002630821147392205  0.0002743823455808502  0.0002861679580197835  0.000298459800771264  0.0003112796180705332  0.00032465008813832217  0.0003385948632985606  0.000353138611819271  0.00036830706155066437  0.0003841270454376358  0.00040062654898716905  0.00041783475977461904  0.00043578211907644967  0.00045450037572076693  0.0004740226422509076  0.0004943834535014343  0.0005156188276901594  0.0005377663301342724  0.0005608651397032811  0.0005849561181263205  0.0006100818822764358  0.0006362868795597115  0.0006636174665426095  0.0006921219909566031  0.000721850877225177  0.0007528567156644912  0.0007851943555155049  0.0008189210019721267  0.0008540963173770411  0.000890782526764226  0.000929044527934864  0.0009689500062613694  0.0010105695544226187  0.0010539767972822035  0.0010992485221306084  0.0011464648145217105  0.0011957091999438964  0.0012470687915764175  0.0013006344443923627  0.0013565009158808474  0.0014147670336727418  0.0014755358703664753  0.0015389149258631751  0.0016050163175336874  0.001673956978553886  0.001745858864759136  0.0018208491703838258  0.0018990605530676075  0.001980631368526384  0.0020657059153031832  0.002154434690031882  0.002246974653665322  0.0023434895091387887  0.0024441499909600485  0.002549134167238217  0.0026586277546857403  0.002772824447150728  0.002891926258260833  0.003016143878784795  0.0031456970493438136  0.003280814949132081  0.0034217366013341386  0.0035687112959562244  0.0037219990308195853  0.0038818709714958863  0.004048609930998349  0.004222510870077183  0.004403881419004318  0.0045930424217704826  0.0047903285036573215  0.0049960886631885935  0.005210686889507569  0.005434502806272785  0.0056679323432112455  0.005911388436516999  0.006165301759334096  0.0064301214836161615  0.006706316074710319  0.006994374120071094  0.007294805193570227  0.00760814075693141  0.007934935099884589  0.008275766320702958  0.008631237348857151  0.009001977011595783  0.009388641146339076  0.009791913760853446  0.01021250824325929  0.01065116862401255  0.01110867089209251  0.01158582436772414  0.01208347313406328  0.012602497530377338  0.013143815709363004  0.013708385261355807  0.014297204908304714  0.014911316270508398  0.015551805709238663  0.01621980624851049  0.01691649957939832  0.01764311815044419  0.01840094734785578  0.01919132776935102  0.02001565759567167  0.020875395063961057  0.021772061047381518  0.0227072417455348  0.023682591490444646  0.024699835673065437  0.025760773795493984  0.02686728265428373  0.028021319660492525  0.02922492630233721  0.030480231756580593  0.03178945665503921  0.0331549170128747  0.034579028325618065  0.03606430984217448  0.03761338902136763  0.03922900617990692  0.0409140193399999  0.042671409285185626  0.044504284833332394  0.046415888336127774  0.04840960141478949  0.05048895094214394  0.05265761528165439  0.05491943079443554  0.05727839862576538  0.05973869178310004  0.06230466251811238  0.06498085002581286  0.06777198847437253  0.07068301537985341  0.07371908034066062  0.07688555414716733  0.08018803828262767  0.08363237483218501  0.08722465681750427  0.09097123897530998  0.09487874899889745  0.09895409926250376  0.10320449904927852  0.1076374673044853  0.11226084593649444  0.11708281368909704  0.12211190060968001  0.12735700313885567  0.13282739984823985  0.1385327678542193  0.14448319993674355  0.150689222393424  0.15716181366052454  0.16391242373378453  0.1709529944234296  0.17829598047919984  0.18595437162276682  0.1939417155265149  0.20227214177933603  0.21096038688183238  0.22002182031514395  0.2294724717295179  0.2393290593007152  0.24960901930441615  0.26033053696094227  0.2715125786048606  0.28317492523637666  0.2953382075138675  0.308023942249458  0.32125457047220124  0.33505349712619653  0.3494451324738692  0.3644549352776552  0.38010945783648104  0.3964363929567065  0.41346462294062064  0.4312242706791523  0.44974675293918026  0.4690648359397062  0.48921269331520334  0.5102259665686786  0.5321418281213915  0.5549990470707652  0.578838057772808  0.6037010313703756  0.6296319503938047  0.6566766865658864  0.6848830819488142  0.7143010335766556  0.7449825817230663  0.7769820019603892  0.8103559011729886  0.8451633176946665  0.8814658257473112  0.9193276443655247  0.9588157509999117  1.0  
0.1e+001 0.1e+007
-14 -12 12 14
3.77805919178510e+00 1.02632372265798e-06 1.15949025762595e-03 3.00334397182716e+01
3.77805919178510e+00 1.02632372265798e-06 1.15949025762595e-03 3.00334397182716e+01
3.93057671964448e+00 1.64164114121352e-06 1.34234517486474e-03 3.02403886764759e+01
3.93057671964448e+00 1.64164114121352e-06 1.34234517486474e-03 3.02403886764759e+01
4.08309424750387e+00 2.25695855976906e-06 1.52520009210353e-03 3.04473376346801e+01
4.08309424750387e+00 2.25695855976906e-06 1.52520009210353e-03 3.04473376346801e+01
4.23561177536325e+00 2.87227597832460e-06 1.70805500934231e-03 3.06542865928843e+01
4.23561177536325e+00 2.87227597832460e-06 1.70805500934231e-03 3.06542865928843e+01
4.38812930322264e+00 3.48759339688013e-06 1.89090992658110e-03 3.08612355510885e+01
4.38812930322264e+00 3.48759339688013e-06 1.89090992658110e-03 3.08612355510885e+01
4.61985179410310e+00 4.49784577724340e-06 2.17683212067362e-03 3.11723677578022e+01
4.61985179410310e+00 4.49784577724340e-06 2.17683212067362e-03 3.11723677578022e+01
4.78072924630218e+00 5.33050666200580e-06 2.39040948174276e-03 3.13814180943480e+01
4.78072924630218e+00 5.33050666200580e-06 2.39040948174276e-03 3.13814180943480e+01
4.94720894631776e+00 6.31731337198105e-06 2.62494173810586e-03 3.15918703790407e+01
4.94720894631776e+00 6.31731337198105e-06 2.62494173810586e-03 3.15918703790407e+01
5.11948598165382e+00 7.48680205659729e-06 2.88248485503276e-03 3.18037340137239e+01
5.11948598165382e+00 7.48680205659729e-06 2.88248485503276e-03 3.18037340137239e+01
5.29776223336143e+00 8.87279160208763e-06 3.16529651644336e-03 3.20170184632929e+01
5.29776223336143e+00 8.87279160208763e-06 3.16529651644336e-03 3.20170184632929e+01
5.48224661261091e+00 1.05153615948353e-05 3.47585591629919e-03 3.22317332561168e+01
5.48224661261091e+00 1.05153615948353e-05 3.47585591629919e-03 3.22317332561168e+01
5.67315530550224e+00 1.24620113295708e-05 3.81688549180454e-03 3.24478879844646e+01
5.67315530550224e+00 1.24620113295708e-05 3.81688549180454e-03 3.24478879844646e+01
5.87071202640048e+00 1.47690333782367e-05 4.19137478893529e-03 3.26654923049339e+01
5.87071202640048e+00 1.47690333782367e-05 4.19137478893529e-03 3.26654923049339e+01
6.07514828009316e+00 1.75031414399286e-05 4.60260666950653e-03 3.28845559388817e+01
6.07514828009316e+00 1.75031414399286e-05 4.60260666950653e-03 3.28845559388817e+01
6.28670363307667e+00 2.07433995455377e-05 5.05418608951630e-03 3.31050886728593e+01
6.28670363307667e+00 2.07433995455377e-05 5.05418608951630e-03 3.31050886728593e+01
6.50562599428987e+00 2.45835084051956e-05 5.55007170104301e-03 3.33271003590492e+01
6.50562599428987e+00 2.45835084051956e-05 5.55007170104301e-03 3.33271003590492e+01
6.73217190562351e+00 2.91345150143594e-05 6.09461055472662e-03 3.35506009157053e+01
6.73217190562351e+00 2.91345150143594e-05 6.09461055472662e-03 3.35506009157053e+01
6.96660684254624e+00 3.45280238740268e-05 6.69257620704335e-03 3.37756003275959e+01
6.96660684254624e+00 3.45280238740268e-05 6.69257620704335e-03 3.37756003275959e+01
7.20920552519924e+00 4.09200026860848e-05 7.34921056643167e-03 3.40021086464500e+01
7.20920552519924e+00 4.09200026860848e-05 7.34921056643167e-03 3.40021086464500e+01
7.46025224032417e+00 4.84952925756278e-05 8.07026984510226e-03 3.42301359914062e+01
7.46025224032417e+00 4.84952925756278e-05 8.07026984510226e-03 3.42301359914062e+01
7.72004117440161e+00 5.74729532653594e-05 8.86207501935676e-03 3.44596925494647e+01
7.72004117440161e+00 5.74729532653594e-05 8.86207501935676e-03 3.44596925494647e+01
7.98887675839048e+00 6.81125977720619e-05 9.73156724076208e-03 3.46907885759425e+01
7.98887675839048e+00 6.81125977720619e-05 9.73156724076208e-03 3.46907885759425e+01
8.26707402447222e+00 8.07218998097830e-05 1.06863686839279e-02 3.49234343949315e+01
8.26707402447222e+00 8.07218998097830e-05 1.06863686839279e-02 3.49234343949315e+01
8.55495897521802e+00 9.56654909963420e-05 1.17348493642933e-02 3.51576403997599e+01
8.55495897521802e+00 9.56654909963420e-05 1.17348493642933e-02 3.51576403997599e+01
8.85286896561154e+00 1.13375505149620e-04 1.28862005116634e-02 3.53934170534563e+01
8.85286896561154e+00 1.13375505149620e-04 1.28862005116634e-02 3.53934170534563e+01
9.16115309837480e+00 1.34364074590106e-04 1.41505151427049e-02 3.56307748892172e+01
9.16115309837480e+00 1.34364074590106e-04 1.41505151427049e-02 3.56307748892172e+01
9.48017263306063e+00 1.59238139813624e-04 1.55388765387195e-02 3.58697245108774e+01
9.48017263306063e+00 1.59238139813624e-04 1.55388765387195e-02 3.58697245108774e+01
9.81030140939085e+00 1.88717000795468e-04 1.70634554043106e-02 3.61102765933842e+01
9.81030140939085e+00 1.88717000795468e-04 1.70634554043106e-02 3.61102765933842e+01
1.01519262853365e+01 2.23653117468718e-04 1.87376165586608e-02 3.63524418832737e+01
1.01519262853365e+01 2.23653117468718e-04 1.87376165586608e-02 3.63524418832737e+01
1.05054475904534e+01 2.65056760878098e-04 2.05760360947000e-02 3.65962311991513e+01
1.05054475904534e+01 2.65056760878098e-04 2.05760360947000e-02 3.65962311991513e+01
1.08712795950039e+01 3.14125227863259e-04 2.25948300332098e-02 3.68416554321751e+01
1.08712795950039e+01 3.14125227863259e-04 2.25948300332098e-02 3.68416554321751e+01
1.12498509954156e+01 3.72277464092024e-04 2.48116955996759e-02 3.70887255465418e+01
1.12498509954156e+01 3.72277464092024e-04 2.48116955996759e-02 3.70887255465418e+01
1.16416054166444e+01 4.41195096660997e-04 2.72460663623554e-02 3.73374525799774e+01
1.16416054166444e+01 4.41195096660997e-04 2.72460663623554e-02 3.73374525799774e+01
1.20470019320320e+01 5.22871062830679e-04 2.99192825915361e-02 3.75878476442296e+01
1.20470019320320e+01 5.22871062830679e-04 2.99192825915361e-02 3.75878476442296e+01
1.24665156012663e+01 6.19667241124742e-04 3.28547783333963e-02 3.78399219255647e+01
1.24665156012663e+01 6.19667241124742e-04 3.28547783333963e-02 3.78399219255647e+01
1.29006380270748e+01 7.34382751350490e-04 3.60782868384008e-02 3.80936866852669e+01
1.29006380270748e+01 7.34382751350490e-04 3.60782868384008e-02 3.80936866852669e+01
1.33498779313045e+01 8.70334898617867e-04 3.96180661450643e-02 3.83491532601419e+01
1.33498779313045e+01 8.70334898617867e-04 3.96180661450643e-02 3.83491532601419e+01
1.38147617510622e+01 1.03145510206933e-03 4.35051467966063e-02 3.86063330630227e+01
1.38147617510622e+01 1.03145510206933e-03 4.35051467966063e-02 3.86063330630227e+01
1.42958342556142e+01 1.22240258235579e-03 4.77736038620364e-02 3.88652375832803e+01
1.42958342556142e+01 1.22240258235579e-03 4.77736038620364e-02 3.88652375832803e+01
1.47936591847687e+01 1.44869909543544e-03 5.24608556462754e-02 3.91258783873362e+01
1.47936591847687e+01 1.44869909543544e-03 5.24608556462754e-02 3.91258783873362e+01
1.53088199094882e+01 1.71688860888271e-03 5.76079917078717e-02 3.93882671191795e+01
1.53088199094882e+01 1.71688860888271e-03 5.76079917078717e-02 3.93882671191795e+01
1.58419201155071e+01 2.03472653817404e-03 6.32601330597977e-02 3.96524155008873e+01
1.58419201155071e+01 2.03472653817404e-03 6.32601330597977e-02 3.96524155008873e+01
1.63935845107540e+01 2.41140401522259e-03 6.94668277109282e-02 3.99183353331477e+01
1.63935845107540e+01 2.41140401522259e-03 6.94668277109282e-02 3.99183353331477e+01
1.69644595574096e+01 2.85781367448517e-03 7.62824850156142e-02 4.01860384957879e+01
1.69644595574096e+01 2.85781367448517e-03 7.62824850156142e-02 4.01860384957879e+01
1.75552142294564e+01 3.38686464255577e-03 8.37668526389610e-02 4.04555369483039e+01
1.75552142294564e+01 3.38686464255577e-03 8.37668526389610e-02 4.04555369483039e+01
1.81665407966092e+01 4.01385584001060e-03 9.19855403190015e-02 4.07268427303958e+01
1.81665407966092e+01 4.01385584001060e-03 9.19855403190015e-02 4.07268427303958e+01
1.87991556355440e+01 4.75691839052346e-03 1.01010595017189e-01 4.09999679625049e+01
1.87991556355440e+01 4.75691839052346e-03 1.01010595017189e-01 4.09999679625049e+01
1.94538000693764e+01 5.63753993069182e-03 1.10921132499114e-01 4.12749248463555e+01
1.94538000693764e+01 5.63753993069182e-03 1.10921132499114e-01 4.12749248463555e+01
2.01312412363737e+01 6.68118598239128e-03 1.21804030882031e-01 4.15517256655000e+01
2.01312412363737e+01 6.68118598239128e-03 1.21804030882031e-01 4.15517256655000e+01
2.08322729889175e+01 7.91803635629841e-03 1.33754692228997e-01 4.18303827858678e+01
2.08322729889175e+01 7.91803635629841e-03 1.33754692228997e-01 4.18303827858678e+01
2.15577168237718e+01 9.38385788165471e-03 1.46877878865936e-01 4.21109086563172e+01
2.15577168237718e+01 9.38385788165471e-03 1.46877878865936e-01 4.21109086563172e+01
2.23084228447452e+01 1.11210386995822e-02 1.61288631752986e-01 4.23933158091923e+01
2.23084228447452e+01 1.11210386995822e-02 1.61288631752986e-01 4.23933158091923e+01
2.30852707588759e+01 1.31798140293015e-02 1.77113278960780e-01 4.26776168608821e+01
2.30852707588759e+01 1.31798140293015e-02 1.77113278960780e-01 4.26776168608821e+01
2.38891709073081e+01 1.56197188535545e-02 1.94490543092219e-01 4.29638245123849e+01
2.38891709073081e+01 1.56197188535545e-02 1.94490543092219e-01 4.29638245123849e+01
2.47210653320647e+01 1.85113095315060e-02 2.13572757357637e-01 4.32519515498751e+01
2.47210653320647e+01 1.85113095315060e-02 2.13572757357637e-01 4.32519515498751e+01
2.55819288799702e+01 2.19382041241572e-02 2.34527200963783e-01 4.35420108452748e+01
2.55819288799702e+01 2.19382041241572e-02 2.34527200963783e-01 4.35420108452748e+01
2.64727703450148e+01 2.59995004337239e-02 2.57537565522937e-01 4.38340153568284e+01
2.64727703450148e+01 2.59995004337239e-02 2.57537565522937e-01 4.38340153568284e+01
2.73946336504987e+01 3.08126416810419e-02 2.82805565337061e-01 4.41279781296822e+01
2.73946336504987e+01 3.08126416810419e-02 2.82805565337061e-01 4.41279781296822e+01
2.83485990723429e+01 3.65168126897080e-02 3.10552705673112e-01 4.44239122964665e+01
2.83485990723429e+01 3.65168126897080e-02 3.10552705673112e-01 4.44239122964665e+01
2.93357845049996e+01 4.32769647866859e-02 3.41022224530643e-01 4.47218310778826e+01
2.93357845049996e+01 4.32769647866859e-02 3.41022224530643e-01 4.47218310778826e+01
3.03573467714450e+01 5.12885858101168e-02 3.74481224923674e-01 4.50217477832935e+01
3.03573467714450e+01 5.12885858101168e-02 3.74481224923674e-01 4.50217477832935e+01
3.14144829787899e+01 6.07833531618416e-02 4.11223016368935e-01 4.53236758113184e+01
3.14144829787899e+01 6.07833531618416e-02 4.11223016368935e-01 4.53236758113184e+01
3.25084319210980e+01 7.20358333777336e-02 4.51569686106513e-01 4.56276286504312e+01
3.25084319210980e+01 7.20358333777336e-02 4.51569686106513e-01 4.56276286504312e+01
3.36504460045156e+01 8.68236159389593e-02 4.97482349573852e-01 4.59340524000390e+01
3.36504460045156e+01 8.68236159389593e-02 4.97482349573852e-01 4.59340524000390e+01
3.48461867484382e+01 1.06308851896751e-01 5.50121303213381e-01 4.62431393462747e+01
3.48461867484382e+01 1.06308851896751e-01 5.50121303213381e-01 4.62431393462747e+01
3.60922910838191e+01 1.30389198333999e-01 6.09211318548311e-01 4.65546904000095e+01
3.60922910838191e+01 1.30389198333999e-01 6.09211318548311e-01 4.65546904000095e+01
3.73852788292008e+01 1.58943366165108e-01 6.74450163378781e-01 4.68685051369687e+01
3.73852788292008e+01 1.58943366165108e-01 6.74450163378781e-01 4.68685051369687e+01
3.87215486125009e+01 1.91827612738414e-01 7.45505952342860e-01 4.71843817887784e+01
3.87215486125009e+01 1.91827612738414e-01 7.45505952342860e-01 4.71843817887784e+01
4.00973736507818e+01 2.28871585133821e-01 8.22014237530908e-01 4.75021172339513e+01
4.00973736507818e+01 2.28871585133821e-01 8.22014237530908e-01 4.75021172339513e+01
4.15088973830587e+01 2.69873393953503e-01 9.03574813648944e-01 4.78215069888125e+01
4.15088973830587e+01 2.69873393953503e-01 9.03574813648944e-01 4.78215069888125e+01
4.29521289510287e+01 3.14593775151208e-01 9.89748209724315e-01 4.81423451983642e+01
4.29521289510287e+01 3.14593775151208e-01 9.89748209724315e-01 4.81423451983642e+01
4.44811682347822e+01 3.68131877105815e-01 1.05986153757088e+00 4.86567543652105e+01
4.44811682347822e+01 3.68131877105815e-01 1.05986153757088e+00 4.86567543652105e+01
4.61092374675865e+01 4.31768953189799e-01 1.10731841982679e+00 4.94223138504606e+01
4.61092374675865e+01 4.31768953189799e-01 1.10731841982679e+00 4.94223138504606e+01
4.78219437087554e+01 5.03654547082808e-01 1.12992949744063e+00 5.04383811092464e+01
4.78219437087554e+01 5.03654547082808e-01 1.12992949744063e+00 5.04383811092464e+01
4.96103755412798e+01 5.82540151466420e-01 1.12628383649828e+00 5.17045660925574e+01
4.96103755412798e+01 5.82540151466420e-01 1.12628383649828e+00 5.17045660925574e+01
5.14745329651595e+01 6.68425766340635e-01 1.09638143699974e+00 5.32208688003937e+01
5.14745329651595e+01 6.68425766340635e-01 1.09638143699974e+00 5.32208688003937e+01
5.34144159803947e+01 7.61311391705453e-01 1.04022229894502e+00 5.49872892327553e+01
5.34144159803947e+01 7.61311391705453e-01 1.04022229894502e+00 5.49872892327553e+01
5.54300245869852e+01 8.61197027560874e-01 9.57806422334101e-01 5.70038273896421e+01
5.54300245869852e+01 8.61197027560874e-01 9.57806422334101e-01 5.70038273896421e+01
5.75213587849311e+01 9.68082673906899e-01 8.49133807166998e-01 5.92704832710542e+01
5.75213587849311e+01 9.68082673906899e-01 8.49133807166998e-01 5.92704832710542e+01
5.95412833218954e+01 1.07645254907214e+00 7.50251299010392e-01 6.17503168807610e+01
5.95412833218954e+01 1.07645254907214e+00 7.50251299010392e-01 6.17503168807610e+01
6.14868721476818e+01 1.18619696177740e+00 6.61875754483443e-01 6.44425936002294e+01
6.14868721476818e+01 1.18619696177740e+00 6.61875754483443e-01 6.44425936002294e+01
6.32998955499333e+01 1.29193320599071e+00 6.04197472614402e-01 6.71549836913381e+01
6.32998955499333e+01 1.29193320599071e+00 6.04197472614402e-01 6.71549836913381e+01
6.49628576496515e+01 1.39204397725345e+00 5.83282892931205e-01 6.98296991676833e+01
6.49628576496515e+01 1.39204397725345e+00 5.83282892931205e-01 6.98296991676833e+01
6.64757584468362e+01 1.48652927556560e+00 5.99132015433853e-01 7.24667400292647e+01
6.64757584468362e+01 1.48652927556560e+00 5.99132015433853e-01 7.24667400292647e+01
6.78385979414876e+01 1.57538910092718e+00 6.51744840122345e-01 7.50661062760826e+01
6.78385979414876e+01 1.57538910092718e+00 6.51744840122345e-01 7.50661062760826e+01
6.90513761336057e+01 1.65862345333817e+00 7.41121366996683e-01 7.76277979081368e+01
6.90513761336057e+01 1.65862345333817e+00 7.41121366996683e-01 7.76277979081368e+01
7.01563011305624e+01 1.74121669698965e+00 8.66391059399525e-01 8.01365273005008e+01
7.01563011305624e+01 1.74121669698965e+00 8.66391059399525e-01 8.01365273005008e+01
7.13309471109668e+01 1.84413860362038e+00 1.02389147327685e+00 8.25279777233273e+01
7.13309471109668e+01 1.84413860362038e+00 1.02389147327685e+00 8.25279777233273e+01
7.25753140748189e+01 1.96738917323037e+00 1.21362260862866e+00 8.48021491766162e+01
7.25753140748189e+01 1.96738917323037e+00 1.21362260862866e+00 8.48021491766162e+01
7.40365372744557e+01 2.11648418749100e+00 1.39953761988826e+00 8.69959816565981e+01
7.40365372744557e+01 2.11648418749100e+00 1.39953761988826e+00 8.69959816565981e+01
7.57175427600736e+01 2.29153333768147e+00 1.58091965043651e+00 8.91102097818060e+01
7.57175427600736e+01 2.29153333768147e+00 1.58091965043651e+00 8.91102097818060e+01
7.76183305316725e+01 2.49253662380178e+00 1.75776870027339e+00 9.11448335522400e+01
7.76183305316725e+01 2.49253662380178e+00 1.75776870027339e+00 9.11448335522400e+01
7.97389005892526e+01 2.71949404585192e+00 1.93008476939891e+00 9.30998529679001e+01
7.97389005892526e+01 2.71949404585192e+00 1.93008476939891e+00 9.30998529679001e+01
8.20792529328137e+01 2.97240560383190e+00 2.09786785781306e+00 9.49752680287862e+01
8.20792529328137e+01 2.97240560383190e+00 2.09786785781306e+00 9.49752680287862e+01
8.45762344748895e+01 3.23708236358634e+00 2.27284514403044e+00 9.68444902208520e+01
8.45762344748895e+01 3.23708236358634e+00 2.27284514403044e+00 9.68444902208520e+01
8.71365196665167e+01 3.49255638637495e+00 2.47234666552936e+00 9.88160046158765e+01
8.71365196665167e+01 3.49255638637495e+00 2.47234666552936e+00 9.88160046158765e+01
8.97179004003231e+01 3.73384330800665e+00 2.69724295896718e+00 1.00905098838786e+02
8.97179004003231e+01 3.73384330800665e+00 2.69724295896718e+00 1.00905098838786e+02
9.21428024976997e+01 3.93997335674268e+00 2.95119646839791e+00 1.03176089619428e+02
9.21428024976997e+01 3.93997335674268e+00 2.95119646839791e+00 1.03176089619428e+02
9.44112259586466e+01 4.11094653258303e+00 3.23420719382156e+00 1.05628976957803e+02
9.44112259586466e+01 4.11094653258303e+00 3.23420719382156e+00 1.05628976957803e+02
9.65231707831637e+01 4.24676283552771e+00 3.54627513523812e+00 1.08263760853911e+02
9.65231707831637e+01 4.24676283552771e+00 3.54627513523812e+00 1.08263760853911e+02
9.84786369712510e+01 4.34742226557672e+00 3.88740029264760e+00 1.11080441307751e+02
9.84786369712510e+01 4.34742226557672e+00 3.88740029264760e+00 1.11080441307751e+02
1.00277624522909e+02 4.41292482273004e+00 4.25758266604999e+00 1.14079018319323e+02
1.00277624522909e+02 4.41292482273004e+00 4.25758266604999e+00 1.14079018319323e+02
1.01936989196126e+02 4.46975888239567e+00 4.65165783125581e+00 1.17202034139629e+02
1.01936989196126e+02 4.46975888239567e+00 4.65165783125581e+00 1.17202034139629e+02
1.03467277029574e+02 4.53449726387704e+00 5.06639459467236e+00 1.20413539531422e+02
1.03467277029574e+02 4.53449726387704e+00 5.06639459467236e+00 1.20413539531422e+02
1.04931641110719e+02 4.62132890132955e+00 5.49006577778508e+00 1.23640123008750e+02
1.04931641110719e+02 4.62132890132955e+00 5.49006577778508e+00 1.23640123008750e+02
1.06423406988525e+02 4.75122173349347e+00 5.90534134311561e+00 1.26773299499834e+02
1.06423406988525e+02 4.75122173349347e+00 5.90534134311561e+00 1.26773299499834e+02
1.07942574662991e+02 4.92417576036884e+00 6.31222129066398e+00 1.29813069004673e+02
1.07942574662991e+02 4.92417576036884e+00 6.31222129066398e+00 1.29813069004673e+02
1.09489144134118e+02 5.14019098195562e+00 6.71070562043016e+00 1.32759431523267e+02
1.09489144134118e+02 5.14019098195562e+00 6.71070562043016e+00 1.32759431523267e+02
1.11063115401905e+02 5.39926739825384e+00 7.10079433241416e+00 1.35612387055618e+02
1.11063115401905e+02 5.39926739825384e+00 7.10079433241416e+00 1.35612387055618e+02
1.12664488466353e+02 5.70140500926349e+00 7.48248742661599e+00 1.38371935601724e+02
1.12664488466353e+02 5.70140500926349e+00 7.48248742661599e+00 1.38371935601724e+02
1.14188833507507e+02 6.09565642266373e+00 7.83889698973649e+00 1.40906282994772e+02
1.14188833507507e+02 6.09565642266373e+00 7.83889698973649e+00 1.40906282994772e+02
1.15614255594903e+02 6.59230609010541e+00 8.16648227366812e+00 1.43187797049632e+02
1.15614255594903e+02 6.59230609010541e+00 8.16648227366812e+00 1.43187797049632e+02
1.16923898970551e+02 7.16486563618056e+00 8.47040770260039e+00 1.45273935515305e+02
1.16923898970551e+02 7.16486563618056e+00 8.47040770260039e+00 1.45273935515305e+02
1.18107217595781e+02 7.79676224158573e+00 8.75390447012598e+00 1.47200647629036e+02
1.18107217595781e+02 7.79676224158573e+00 8.75390447012598e+00 1.47200647629036e+02
1.19164211470593e+02 8.48799590632091e+00 9.01697257624488e+00 1.48967933390823e+02
1.19164211470593e+02 8.48799590632091e+00 9.01697257624488e+00 1.48967933390823e+02
1.20094880594985e+02 9.23856663038610e+00 9.25961202095711e+00 1.50575792800668e+02
1.20094880594985e+02 9.23856663038610e+00 9.25961202095711e+00 1.50575792800668e+02
1.20899224968959e+02 1.00484744137813e+01 9.48182280426265e+00 1.52024225858569e+02
1.20899224968959e+02 1.00484744137813e+01 9.48182280426265e+00 1.52024225858569e+02
1.21578216226743e+02 1.09158867941084e+01 9.68582944673198e+00 1.53304369402997e+02
1.21578216226743e+02 1.09158867941084e+01 9.68582944673198e+00 1.53304369402997e+02
1.22156303847524e+02 1.17946930540346e+01 9.92760812519099e+00 1.54193197446390e+02
1.22156303847524e+02 1.17946930540346e+01 9.92760812519099e+00 1.54193197446390e+02
1.22633487831302e+02 1.26848931935599e+01 1.02071588396397e+01 1.54690709988747e+02
1.22633487831302e+02 1.26848931935599e+01 1.02071588396397e+01 1.54690709988747e+02
1.23114197998031e+02 1.35374346050052e+01 1.05413695033772e+01 1.54928701196881e+02
1.23114197998031e+02 1.35374346050052e+01 1.05413695033772e+01 1.54928701196881e+02
1.23620329278175e+02 1.43420328367196e+01 1.09337808645111e+01 1.54934803255923e+02
1.23620329278175e+02 1.43420328367196e+01 1.09337808645111e+01 1.54934803255923e+02
1.24151881671735e+02 1.50986878887031e+01 1.13843929230414e+01 1.54709016165872e+02
1.24151881671735e+02 1.50986878887031e+01 1.13843929230414e+01 1.54709016165872e+02
1.24708855178710e+02 1.58073997609558e+01 1.18932056789680e+01 1.54251339926729e+02
1.24708855178710e+02 1.58073997609558e+01 1.18932056789680e+01 1.54251339926729e+02
1.25291249799100e+02 1.64681684534775e+01 1.24602191322910e+01 1.53561774538492e+02
1.25291249799100e+02 1.64681684534775e+01 1.24602191322910e+01 1.53561774538492e+02
1.25841277844999e+02 1.70869157224652e+01 1.30747914034859e+01 1.52711558467713e+02
1.25841277844999e+02 1.70869157224652e+01 1.30747914034859e+01 1.52711558467713e+02
1.26185359378294e+02 1.76814290605736e+01 1.37049569155204e+01 1.51914674468558e+02
1.26185359378294e+02 1.76814290605736e+01 1.37049569155204e+01 1.51914674468558e+02
1.26322522764754e+02 1.82535409302008e+01 1.43484911478240e+01 1.51179985702557e+02
1.26322522764754e+02 1.82535409302008e+01 1.43484911478240e+01 1.51179985702557e+02
1.26228318525194e+02 1.88493620486796e+01 1.49494179235708e+01 1.50730518157274e+02
1.26228318525194e+02 1.88493620486796e+01 1.49494179235708e+01 1.50730518157274e+02
1.25902746659613e+02 1.94688924160101e+01 1.55077372427608e+01 1.50566271832708e+02
1.25902746659613e+02 1.94688924160101e+01 1.55077372427608e+01 1.50566271832708e+02
1.25345807168012e+02 2.01121320321921e+01 1.60234491053940e+01 1.50687246728859e+02
1.25345807168012e+02 2.01121320321921e+01 1.60234491053940e+01 1.50687246728859e+02
1.24557500050389e+02 2.07790808972258e+01 1.64965535114705e+01 1.51093442845727e+02
1.24557500050389e+02 2.07790808972258e+01 1.64965535114705e+01 1.51093442845727e+02
1.23537825306746e+02 2.14697390111111e+01 1.69270504609901e+01 1.51784860183312e+02
1.23537825306746e+02 2.14697390111111e+01 1.69270504609901e+01 1.51784860183312e+02
1.22328118437931e+02 2.21674951349445e+01 1.73269453593729e+01 1.52606947244526e+02
1.22328118437931e+02 2.21674951349445e+01 1.73269453593729e+01 1.52606947244526e+02
1.20976648592753e+02 2.28529516481323e+01 1.77102574077613e+01 1.53379227948076e+02
1.20976648592753e+02 2.28529516481323e+01 1.77102574077613e+01 1.53379227948076e+02
1.19541203459116e+02 2.35201867944775e+01 1.80876284856798e+01 1.54030463827411e+02
1.19541203459116e+02 2.35201867944775e+01 1.80876284856798e+01 1.54030463827411e+02
1.18195362975137e+02 2.41514130813254e+01 1.84910241701606e+01 1.54346672128364e+02
1.18195362975137e+02 2.41514130813254e+01 1.84910241701606e+01 1.54346672128364e+02
1.16939127140815e+02 2.47466305086760e+01 1.89204444612039e+01 1.54327852850935e+02
1.16939127140815e+02 2.47466305086760e+01 1.89204444612039e+01 1.54327852850935e+02
1.15772495956150e+02 2.53058390765292e+01 1.93758893588095e+01 1.53974005995124e+02
1.15772495956150e+02 2.53058390765292e+01 1.93758893588095e+01 1.53974005995124e+02
1.14695469421142e+02 2.58290387848851e+01 1.98573588629775e+01 1.53285131560931e+02
1.14695469421142e+02 2.58290387848851e+01 1.98573588629775e+01 1.53285131560931e+02
1.13708047535791e+02 2.63162296337436e+01 2.03648529737078e+01 1.52261229548356e+02
1.13708047535791e+02 2.63162296337436e+01 2.03648529737078e+01 1.52261229548356e+02
1.12667184862942e+02 2.67483953350509e+01 2.08585636928333e+01 1.50939052015843e+02
1.12667184862942e+02 2.67483953350509e+01 2.08585636928333e+01 1.50939052015843e+02
1.11503331744435e+02 2.71162900410548e+01 2.13191361026469e+01 1.49336468062555e+02
1.11503331744435e+02 2.71162900410548e+01 2.13191361026469e+01 1.49336468062555e+02
1.10175152679422e+02 2.74365249906586e+01 2.17345647977289e+01 1.47608029185579e+02
1.10175152679422e+02 2.74365249906586e+01 2.17345647977289e+01 1.47608029185579e+02
1.08634378519095e+02 2.77284978044564e+01 2.20908305769367e+01 1.45934211466210e+02
1.08634378519095e+02 2.77284978044564e+01 2.20908305769367e+01 1.45934211466210e+02
1.06881009263453e+02 2.79922084824482e+01 2.23879334402703e+01 1.44315014904448e+02
1.06881009263453e+02 2.79922084824482e+01 2.23879334402703e+01 1.44315014904448e+02
1.04915044912498e+02 2.82276570246338e+01 2.26258733877297e+01 1.42750439500292e+02
1.04915044912498e+02 2.82276570246338e+01 2.26258733877297e+01 1.42750439500292e+02
1.02736485466228e+02 2.84348434310135e+01 2.28046504193150e+01 1.41240485253743e+02
1.02736485466228e+02 2.84348434310135e+01 2.28046504193150e+01 1.41240485253743e+02
1.00345330924644e+02 2.86137677015870e+01 2.29242645350261e+01 1.39785152164801e+02
1.00345330924644e+02 2.86137677015870e+01 2.29242645350261e+01 1.39785152164801e+02
9.77097585377662e+01 2.87539638144646e+01 2.29548185608465e+01 1.38116973491471e+02
9.77097585377662e+01 2.87539638144646e+01 2.29548185608465e+01 1.38116973491471e+02
9.48256086701138e+01 2.88540637283544e+01 2.28924045584027e+01 1.36200987951322e+02
9.48256086701138e+01 2.88540637283544e+01 2.28924045584027e+01 1.36200987951322e+02
9.18359267588434e+01 2.89330837313103e+01 2.27768305258619e+01 1.34000443485911e+02
9.18359267588434e+01 2.89330837313103e+01 2.27768305258619e+01 1.34000443485911e+02
8.88102624621129e+01 2.90002696710845e+01 2.26274513809311e+01 1.31497470996073e+02
8.88102624621129e+01 2.90002696710845e+01 2.26274513809311e+01 1.31497470996073e+02
8.57486157799225e+01 2.90556215476771e+01 2.24442671236102e+01 1.28692070481810e+02
8.57486157799225e+01 2.90556215476771e+01 2.24442671236102e+01 1.28692070481810e+02
8.26509867122720e+01 2.90991393610879e+01 2.22272777538992e+01 1.25584241943120e+02
8.26509867122720e+01 2.90991393610879e+01 2.22272777538992e+01 1.25584241943120e+02
7.95173752591615e+01 2.91308231113170e+01 2.19764832717982e+01 1.22173985380005e+02
7.95173752591615e+01 2.91308231113170e+01 2.19764832717982e+01 1.22173985380005e+02
7.63544598492687e+01 2.91381768017462e+01 2.16920637970679e+01 1.18473263720303e+02
7.63544598492687e+01 2.91381768017462e+01 2.16920637970679e+01 1.18473263720303e+02
7.32251709860737e+01 2.90034512736110e+01 2.13757165893162e+01 1.14594803042008e+02
7.32251709860737e+01 2.90034512736110e+01 2.13757165893162e+01 1.14594803042008e+02
7.01295086695765e+01 2.87266465269113e+01 2.10274416485429e+01 1.10538603345121e+02
7.01295086695765e+01 2.87266465269113e+01 2.10274416485429e+01 1.10538603345121e+02
6.70992956497569e+01 2.83182285835371e+01 2.06771361487647e+01 1.06572131371635e+02
6.70992956497569e+01 2.83182285835371e+01 2.06771361487647e+01 1.06572131371635e+02
6.41386915620952e+01 2.77795654847802e+01 2.03287080283550e+01 1.02730348403984e+02
6.41386915620952e+01 2.77795654847802e+01 2.03287080283550e+01 1.02730348403984e+02
6.12476964065914e+01 2.71106572306405e+01 1.99821572873140e+01 9.90132544421651e+01
6.12476964065914e+01 2.71106572306405e+01 1.99821572873140e+01 9.90132544421651e+01
5.84263101832453e+01 2.63115038211180e+01 1.96374839256415e+01 9.54208494861799e+01
5.84263101832453e+01 2.63115038211180e+01 1.96374839256415e+01 9.54208494861799e+01
5.56745328920571e+01 2.53821052562128e+01 1.92946879433376e+01 9.19531335360281e+01
5.56745328920571e+01 2.53821052562128e+01 1.92946879433376e+01 9.19531335360281e+01
5.30229344869676e+01 2.43218540527735e+01 1.89295302865407e+01 8.85802648002569e+01
5.30229344869676e+01 2.43218540527735e+01 1.89295302865407e+01 8.85802648002569e+01
5.05403639479370e+01 2.31293820505667e+01 1.84874202896320e+01 8.52350342504959e+01
5.05403639479370e+01 2.31293820505667e+01 1.84874202896320e+01 8.52350342504959e+01
4.82201428462875e+01 2.18171852462106e+01 1.79681778328507e+01 8.19054789589061e+01
4.82201428462875e+01 2.18171852462106e+01 1.79681778328507e+01 8.19054789589061e+01
4.59993406785390e+01 2.05030127984699e+01 1.73701056565890e+01 7.84788728474931e+01
4.59993406785390e+01 2.05030127984699e+01 1.73701056565890e+01 7.84788728474931e+01
4.38779574446915e+01 1.91868647073444e+01 1.66932037608470e+01 7.49552159162570e+01
4.38779574446915e+01 1.91868647073444e+01 1.66932037608470e+01 7.49552159162570e+01
4.18559931447450e+01 1.78687409728342e+01 1.59374721456246e+01 7.13345081651976e+01
4.18559931447450e+01 1.78687409728342e+01 1.59374721456246e+01 7.13345081651976e+01
3.99334477786995e+01 1.65486415949393e+01 1.51029108109218e+01 6.76167495943151e+01
3.99334477786995e+01 1.65486415949393e+01 1.51029108109218e+01 6.76167495943151e+01
3.81103213465550e+01 1.52265665736598e+01 1.41895197567387e+01 6.38019402036093e+01
3.81103213465550e+01 1.52265665736598e+01 1.41895197567387e+01 6.38019402036093e+01
3.63374997370999e+01 1.39405788235535e+01 1.32309197174141e+01 5.99415868712192e+01
3.63374997370999e+01 1.39405788235535e+01 1.32309197174141e+01 5.99415868712192e+01
3.45694703968181e+01 1.27259500902158e+01 1.22582660052014e+01 5.60834194550185e+01
3.45694703968181e+01 1.27259500902158e+01 1.22582660052014e+01 5.60834194550185e+01
3.27756633717688e+01 1.15832878567982e+01 1.12957976739623e+01 5.22572797464600e+01
3.27756633717688e+01 1.15832878567982e+01 1.12957976739623e+01 5.22572797464600e+01
3.08872296819918e+01 1.05139602835340e+01 1.03981053893156e+01 4.85303767739141e+01
3.08872296819918e+01 1.05139602835340e+01 1.03981053893156e+01 4.85303767739141e+01
2.89041693274873e+01 9.51796737042309e+00 9.56518915126115e+00 4.49027105373809e+01
2.89041693274873e+01 9.51796737042309e+00 9.56518915126115e+00 4.49027105373809e+01
2.68264823082550e+01 8.59530911746553e+00 8.79704895979904e+00 4.13742810368604e+01
2.68264823082550e+01 8.59530911746553e+00 8.79704895979904e+00 4.13742810368604e+01
2.46541686242952e+01 7.74598552466132e+00 8.09368481492924e+00 3.79450882723525e+01
2.46541686242952e+01 7.74598552466132e+00 8.09368481492924e+00 3.79450882723525e+01
2.23872282756077e+01 6.96999659201045e+00 7.45509671665177e+00 3.46151322438573e+01
2.23872282756077e+01 6.96999659201045e+00 7.45509671665177e+00 3.46151322438573e+01
2.01720269368379e+01 6.29010867670941e+00 6.88643053698778e+00 3.15294911086907e+01
2.01720269368379e+01 6.29010867670941e+00 6.88643053698778e+00 3.15294911086907e+01
1.80625421987195e+01 5.71471768930365e+00 6.38958400075971e+00 2.87416676394050e+01
1.80625421987195e+01 5.71471768930365e+00 6.38958400075971e+00 2.87416676394050e+01
1.61078881724642e+01 5.20576071523518e+00 5.93093637362867e+00 2.62001549578615e+01
1.61078881724642e+01 5.20576071523518e+00 5.93093637362867e+00 2.62001549578615e+01
1.43535774115879e+01 4.72796600890866e+00 5.47933234334122e+00 2.38572232061862e+01
1.43535774115879e+01 4.72796600890866e+00 5.47933234334122e+00 2.38572232061862e+01
1.27996099160906e+01 4.28133357032408e+00 5.03477190989737e+00 2.17128723843791e+01
1.27996099160906e+01 4.28133357032408e+00 5.03477190989737e+00 2.17128723843791e+01
1.14459856859724e+01 3.86586339948143e+00 4.59725507329712e+00 1.97671024924402e+01
1.14459856859724e+01 3.86586339948143e+00 4.59725507329712e+00 1.97671024924402e+01
1.02927047212333e+01 3.48155549638072e+00 4.16678183354046e+00 1.80199135303695e+01
1.02927047212333e+01 3.48155549638072e+00 4.16678183354046e+00 1.80199135303695e+01
9.33976702187320e+00 3.12840986102195e+00 3.74335219062740e+00 1.64713054981670e+01
9.33976702187320e+00 3.12840986102195e+00 3.74335219062740e+00 1.64713054981670e+01
8.56708714114801e+00 2.81300229081178e+00 3.35233641404640e+00 1.51471648138032e+01
8.56708714114801e+00 2.81300229081178e+00 3.35233641404640e+00 1.51471648138032e+01
7.97343107930797e+00 2.53573678634116e+00 2.99529318987492e+00 1.40490818742307e+01
7.97343107930797e+00 2.53573678634116e+00 2.99529318987492e+00 1.40490818742307e+01
7.41243316170772e+00 2.27384699041361e+00 2.66707664609177e+00 1.30319785221335e+01
7.41243316170772e+00 2.27384699041361e+00 2.66707664609177e+00 1.30319785221335e+01
6.83011579761357e+00 2.01893699248368e+00 2.36578905787454e+00 1.20423519849596e+01
6.83011579761357e+00 2.01893699248368e+00 2.36578905787454e+00 1.20423519849596e+01
6.22647898702552e+00 1.77100679255136e+00 2.09143042522323e+00 1.10802022627087e+01
6.22647898702552e+00 1.77100679255136e+00 2.09143042522323e+00 1.10802022627087e+01
5.60152272994357e+00 1.53005639061665e+00 1.84400074813783e+00 1.01455293553810e+01
5.60152272994357e+00 1.53005639061665e+00 1.84400074813783e+00 1.01455293553810e+01
4.95524702636771e+00 1.29608578667955e+00 1.62350002661834e+00 9.23833326297651e+00
4.95524702636771e+00 1.29608578667955e+00 1.62350002661834e+00 9.23833326297651e+00
4.29689975880804e+00 1.07209673809862e+00 1.43053253701150e+00 8.36335994176906e+00
4.29689975880804e+00 1.07209673809862e+00 1.43053253701150e+00 8.36335994176906e+00
3.67741604647073e+00 8.74622204577729e-01 1.26842648852848e+00 7.54674898082637e+00
3.67741604647073e+00 8.74622204577729e-01 1.26842648852848e+00 7.54674898082637e+00
3.09679588935577e+00 7.03662186116882e-01 1.13718188116929e+00 6.78850038014843e+00
3.09679588935577e+00 7.03662186116882e-01 1.13718188116929e+00 6.78850038014843e+00
2.57512473420732e+00 5.52640885309416e-01 1.01142844544546e+00 6.06272772176486e+00
2.57512473420732e+00 5.52640885309416e-01 1.01142844544546e+00 6.06272772176486e+00
2.11363658077514e+00 4.21154301564383e-01 8.89607495279539e-01 5.36784060872289e+00
2.11363658077514e+00 4.21154301564383e-01 8.89607495279539e-01 5.36784060872289e+00
1.71233142905920e+00 3.09202434881783e-01 7.71719030671533e-01 4.70383904102254e+00
1.71233142905920e+00 3.09202434881783e-01 7.71719030671533e-01 4.70383904102254e+00
1.37120927905952e+00 2.16785285261614e-01 6.57763051621439e-01 4.07072301866378e+00
1.37120927905952e+00 2.16785285261614e-01 6.57763051621439e-01 4.07072301866378e+00
1.09027013077610e+00 1.43902852703877e-01 5.47739558129257e-01 3.46849254164663e+00
1.09027013077610e+00 1.43902852703877e-01 5.47739558129257e-01 3.46849254164663e+00
8.71805361633770e-01 9.11741519795692e-02 4.45118740757493e-01 2.91244035988583e+00
8.71805361633770e-01 9.11741519795692e-02 4.45118740757493e-01 2.91244035988583e+00
7.19797785517202e-01 5.96751387989978e-02 3.55932396365489e-01 2.42914794181807e+00
7.19797785517202e-01 5.96751387989978e-02 3.55932396365489e-01 2.42914794181807e+00
6.24999519916294e-01 4.64040558036134e-02 2.79576248606517e-01 2.01386933116942e+00
6.24999519916294e-01 4.64040558036134e-02 2.79576248606517e-01 2.01386933116942e+00
5.36475445624888e-01 3.48279432895330e-02 2.12722088269393e-01 1.64046493887221e+00
5.36475445624888e-01 3.48279432895330e-02 2.12722088269393e-01 1.64046493887221e+00
4.54225562642985e-01 2.49468012567566e-02 1.55369915354117e-01 1.30893476492642e+00
4.54225562642985e-01 2.49468012567566e-02 1.55369915354117e-01 1.30893476492642e+00
3.78249870970584e-01 1.67606297052842e-02 1.07519729860689e-01 1.01927880933208e+00
3.78249870970584e-01 1.67606297052842e-02 1.07519729860689e-01 1.01927880933208e+00
3.08548370607685e-01 1.02694286351158e-02 6.91715317891091e-02 7.71497072089168e-01
3.08548370607685e-01 1.02694286351158e-02 6.91715317891091e-02 7.71497072089168e-01
2.45121061554288e-01 5.47319804625140e-03 4.03253211393768e-02 5.65589553197692e-01
2.45121061554288e-01 5.47319804625140e-03 4.03253211393768e-02 5.65589553197692e-01
1.90672681465201e-01 2.39098997802962e-03 2.12008653322897e-02 4.07068700423919e-01
1.90672681465201e-01 2.39098997802962e-03 2.12008653322897e-02 4.07068700423919e-01
1.47188103940589e-01 1.03678578270675e-03 1.19594408417201e-02 2.99979827376774e-01
1.47188103940589e-01 1.03678578270675e-03 1.19594408417201e-02 2.99979827376774e-01
1.12375951555608e-01 7.91570689286310e-04 9.13085710516229e-03 2.29030184141505e-01
1.12375951555608e-01 7.91570689286310e-04 9.13085710516229e-03 2.29030184141505e-01
8.22534104256008e-02 5.79388987460753e-04 6.68331726327389e-03 1.67638302281427e-01
8.22534104256008e-02 5.79388987460753e-04 6.68331726327389e-03 1.67638302281427e-01
6.73094699520710e-02 4.74124603955783e-04 5.46908073701560e-03 1.37181488425141e-01
6.73094699520710e-02 4.74124603955783e-04 5.46908073701560e-03 1.37181488425141e-01
3.74215890050118e-02 2.63595836945844e-04 3.04060768449905e-03 7.62678607125692e-02
3.74215890050118e-02 2.63595836945844e-04 3.04060768449905e-03 7.62678607125692e-02
7.53370805795262e-03 5.30670699359051e-05 6.12134631982498e-04 1.53542329999973e-02
7.53370805795262e-03 5.30670699359051e-05 6.12134631982498e-04 1.53542329999973e-02
0.00000000000000e+00 0.00000000000000e+00 0.00000000000000e+00 0.00000000000000e+00
0.00000000000000e+00 0.00000000000000e+00 0.00000000000000e+00 0.00000000000000e+00
0.00000000000000e+00 0.00000000000000e+00 0.00000000000000e+00 0.00000000000000e+00
0.00000000000000e+00 0.00000000000000e+00 0.00000000000000e+00 0.00000000000000e+00
---