PdfType: central
Format: lhagrid1
---
0.0001  0.00010429532461863897  0.0001087751473730729  0.00011344739305714942  0.00011832032686033726  0.00012340256898882342  0.00012870310991463342  0.00013423132627975076  0.00013999699748337048  0.00014601032298162906  0.0001522819403304134  0.0001588229440031669  0.0001656449050169821  0.00017275989140169766  0.0001801804895482089  0.0001879198264737575  0.00019599159304358843  0.00020441006819005238  0.0002131901441719966  0.00022234735291912848  0.00023189789350795586  0.00024185866081790827  0.00025224727541833065  0.0002630821147392205  0.0002743823455808502  0.0002861679580197835  0.000298459800771264  0.0003112796180705332  0.00032465008813832217  0.0003385948632985606  0.000353138611819271  0.00036830706155066437  0.0003841270454376358  0.00040062654898716905  0.00041783475977461904  0.00043578211907644967  0.00045450037572076693  0.0004740226422509076  0.0004943834535014343  0.0005156188276901594  0.0005377663301342724  0.0005608651397032811  0.0005849561181263205  0.0006100818822764358  0.0006362868795597115  0.0006636174665426095  0.0006921219909566031  0.000721850877225177  0.0007528567156644912  0.0007851943555155049  0.0008189210019721267  0.0008540963173770411  0.000890782526764226  0.000929044527934864  0.0009689500062613694  0.0010105695544226187  0.0010539767972822035  0.0010992485221306084  0.0011464648145217105  0.0011957091999438964  0.0012470687915764175  0.0013006344443923627  0.0013565009158808474  0.0014147670336727418  0.0014755358703664753  0.0015389149258631751  0.0016050163175336874  0.001673956978553886  0.001745858864759136  0.0018208491703838258  0.0018990605530676075  0.001980631368526384  0.0020657059153031832  0.002154434690031882  0.002246974653665322  0.0023434895091387887  0.0024441499909600485  0.002549134167238217  0.0026586277546857403  0.002772824447150728  0.002891926258260833  0.003016143878784795  0.0031456970493438136  0.003280814949132081  0.0034217366013341386  0.0035687112959562244  0.0037219990308195853  0.0038818709714958863  0.004048609930998349  0.004222510870077183  0.004403881419004318  0.0045930424217704826  0.0047903285036573215  0.0049960886631885935  0.005210686889507569  0.005434502806272785  0.0056679323432112455  0.005911388436516999  0.006165301759334096  0.0064301214836161615  0.006706316074710319  0.006994374120071094  0.007294805193570227  0.00760814075693141  0.007934935099884589  0.008275766320702958  0.008631237348857151  0.009001977011595783  0.009388641146339076  0.009791913760853446  0.01021250824325929  0.01065116862401255  0.01110867089209251  0.01158582436772414  0.01208347313406328  0.012602497530377338  0.013143815709363004  0.013708385261355807  0.014297204908304714  0.014911316270508398  0.015551805709238663  0.01621980624851049  0.01691649957939832  0.01764311815044419  0.01840094734785578  0.01919132776935102  0.02001565759567167  0.020875395063961057  0.021772061047381518  0.0227072417455348  0.023682591490444646  0.024699835673065437  0.025760773795493984  0.02686728265428373  0.028021319660492525  0.02922492630233721  0.030480231756580593  0.03178945665503921  0.0331549170128747  0.034579028325618065  0.03606430984217448  0.03761338902136763  0.03922900617990692  0.0409140193399999  0.042671409285185626  0.044504284833332394  0.046415888336127774  0.04840960141478949  0.05048895094214394  0.05265761528165439  0.05491943079443554  0.05727839862576538  0.05973869178310004  0.06230466251811238  0.06498085002581286  0.06777198847437253  0.07068301537985341  0.07371908034066062  0.07688555414716733  0.08018803828262767  0.08363237483218501  0.08722465681750427  0.09097123897530998  0.09487874899889745  0.09895409926250376  0.10320449904927852  0.1076374673044853  0.11226084593649444  0.11708281368909704  0.12211190060968001  0.12735700313885567  0.13282739984823985  0.1385327678542193  0.14448319993674355  0.150689222393424  0.15716181366052454  0.16391242373378453  0.1709529944234296  0.17829598047919984  0.18595437162276682  0.1939417155265149  0.20227214177933603  0.21096038688183238  0.22002182031514395  0.2294724717295179  0.2393290593007152  0.24960901930441615  0.26033053696094227  0.2715125786048606  0.28317492523637666  0.2953382075138675  0.308023942249458  0.32125457047220124  0.33505349712619653  0.3494451324738692  0.3644549352776552  0.38010945783648104  0.3964363929567065  0.41346462294062064  0.4312242706791523  0.44974675293918026  0.4690648359397062  0.48921269331520334  0.5102259665686786  0.5321418281213915  0.5549990470707652  0.578838057772808  0.6037010313703756  0.6296319503938047  0.6566766865658864  0.6848830819488142  0.7143010335766556  0.7449825817230663  0.7769820019603892  0.8103559011729886  0.8451633176946665  0.8814658257473112  0.9193276443655247  0.9588157509999117  1.0  
0.1e+001 0.1e+007
-14 -12 12 14
9.09240207256137e+09 9.05660288446220e+06 0.00000000000000e+00 1.77167792884830e+09
9.09240207256137e+09 9.05660288446220e+06 0.00000000000000e+00 1.77167792884830e+09
9.22733343361341e+09 9.61313282215177e+06 0.00000000000000e+00 1.84735324521289e+09
9.22733343361341e+09 9.61313282215177e+06 0.00000000000000e+00 1.84735324521289e+09
9.36226479466545e+09 1.01696627598413e+07 0.00000000000000e+00 1.92302856157749e+09
9.36226479466545e+09 1.01696627598413e+07 0.00000000000000e+00 1.92302856157749e+09
9.49719615571749e+09 1.07261926975309e+07 0.00000000000000e+00 1.99870387794208e+09
9.49719615571749e+09 1.07261926975309e+07 0.00000000000000e+00 1.99870387794208e+09
9.63212751676953e+09 1.12827226352205e+07 0.00000000000000e+00 2.07437919430667e+09
9.63212751676953e+09 1.12827226352205e+07 0.00000000000000e+00 2.07437919430667e+09
9.83551203594623e+09 1.21334227815294e+07 0.00000000000000e+00 2.18943419901444e+09
9.83551203594623e+09 1.21334227815294e+07 0.00000000000000e+00 2.18943419901444e+09
9.97333548341137e+09 1.27342017340775e+07 0.00000000000000e+00 2.26947441791565e+09
9.97333548341137e+09 1.27342017340775e+07 0.00000000000000e+00 2.26947441791565e+09
1.01130902286678e+10 1.33647278862677e+07 0.00000000000000e+00 2.35244070632131e+09
1.01130902286678e+10 1.33647278862677e+07 0.00000000000000e+00 2.35244070632131e+09
1.02548033346807e+10 1.40264741523605e+07 0.00000000000000e+00 2.43844003398816e+09
1.02548033346807e+10 1.40264741523605e+07 0.00000000000000e+00 2.43844003398816e+09
1.03985022436441e+10 1.47209863770583e+07 0.00000000000000e+00 2.52758328121875e+09
1.03985022436441e+10 1.47209863770583e+07 0.00000000000000e+00 2.52758328121875e+09
1.05442147822954e+10 1.54498869466113e+07 0.00000000000000e+00 2.61998538182120e+09
1.05442147822954e+10 1.54498869466113e+07 0.00000000000000e+00 2.61998538182120e+09
1.06919691673033e+10 1.62148785787253e+07 0.00000000000000e+00 2.71576547129514e+09
1.06919691673033e+10 1.62148785787253e+07 0.00000000000000e+00 2.71576547129514e+09
1.08417940107322e+10 1.70177483001242e+07 0.00000000000000e+00 2.81504704043507e+09
1.08417940107322e+10 1.70177483001242e+07 0.00000000000000e+00 2.81504704043507e+09
1.09937183255828e+10 1.78603716210588e+07 0.00000000000000e+00 2.91795809454898e+09
1.09937183255828e+10 1.78603716210588e+07 0.00000000000000e+00 2.91795809454898e+09
1.11477715314103e+10 1.87447169165145e+07 0.00000000000000e+00 3.02463131849760e+09
1.11477715314103e+10 1.87447169165145e+07 0.00000000000000e+00 3.02463131849760e+09
1.13039834600214e+10 1.96728500243509e+07 0.00000000000000e+00 3.13520424776715e+09
1.13039834600214e+10 1.96728500243509e+07 0.00000000000000e+00 3.13520424776715e+09
1.14623843612510e+10 2.06469390711166e+07 0.00000000000000e+00 3.24981944579604e+09
1.14623843612510e+10 2.06469390711166e+07 0.00000000000000e+00 3.24981944579604e+09
1.16230049088203e+10 2.16692595368102e+07 0.00000000000000e+00 3.36862468778412e+09
1.16230049088203e+10 2.16692595368102e+07 0.00000000000000e+00 3.36862468778412e+09
1.17858762062763e+10 2.27421995704202e+07 0.00000000000000e+00 3.49177315122167e+09
1.17858762062763e+10 2.27421995704202e+07 0.00000000000000e+00 3.49177315122167e+09
1.19510297930148e+10 2.38682655686607e+07 0.00000000000000e+00 3.61942361338350e+09
1.19510297930148e+10 2.38682655686607e+07 0.00000000000000e+00 3.61942361338350e+09
1.21184976503883e+10 2.50500880309348e+07 0.00000000000000e+00 3.75174065604311e+09
1.21184976503883e+10 2.50500880309348e+07 0.00000000000000e+00 3.75174065604311e+09
1.22883122078990e+10 2.62904277042026e+07 0.00000000000000e+00 3.88889487767050e+09
1.22883122078990e+10 2.62904277042026e+07 0.00000000000000e+00 3.88889487767050e+09
1.24605063494780e+10 2.75921820321089e+07 0.00000000000000e+00 4.03106311338758e+09
1.24605063494780e+10 2.75921820321089e+07 0.00000000000000e+00 4.03106311338758e+09
1.26351134198542e+10 2.89583919234351e+07 0.00000000000000e+00 4.17842866296442e+09
1.26351134198542e+10 2.89583919234351e+07 0.00000000000000e+00 4.17842866296442e+09
1.28121672310105e+10 3.03922488556869e+07 0.00000000000000e+00 4.33118152715064e+09
1.28121672310105e+10 3.03922488556869e+07 0.00000000000000e+00 4.33118152715064e+09
1.29917020687316e+10 3.18971023304127e+07 0.00000000000000e+00 4.48951865264637e+09
1.29917020687316e+10 3.18971023304127e+07 0.00000000000000e+00 4.48951865264637e+09
1.31737526992436e+10 3.34764676976656e+07 0.00000000000000e+00 4.65364418602874e+09
1.31737526992436e+10 3.34764676976656e+07 0.00000000000000e+00 4.65364418602874e+09
1.33583543759461e+10 3.51340343678908e+07 0.00000000000000e+00 4.82376973696135e+09
1.33583543759461e+10 3.51340343678908e+07 0.00000000000000e+00 4.82376973696135e+09
1.35455428462387e+10 3.68736744304181e+07 0.00000000000000e+00 5.00011465102599e+09
1.35455428462387e+10 3.68736744304181e+07 0.00000000000000e+00 5.00011465102599e+09
1.37353543584439e+10 3.86994516986948e+07 0.00000000000000e+00 5.18290629252834e+09
1.37353543584439e+10 3.86994516986948e+07 0.00000000000000e+00 5.18290629252834e+09
1.39278256688259e+10 4.06156312033867e+07 0.00000000000000e+00 5.37238033764242e+09
1.39278256688259e+10 4.06156312033867e+07 0.00000000000000e+00 5.37238033764242e+09
1.41229940487084e+10 4.26266891555250e+07 0.00000000000000e+00 5.56878107827165e+09
1.41229940487084e+10 4.26266891555250e+07 0.00000000000000e+00 5.56878107827165e+09
1.43208972916925e+10 4.47373234029720e+07 0.00000000000000e+00 5.77236173701827e+09
1.43208972916925e+10 4.47373234029720e+07 0.00000000000000e+00 5.77236173701827e+09
1.45215737209746e+10 4.69524644046322e+07 0.00000000000000e+00 5.98338479366726e+09
1.45215737209746e+10 4.69524644046322e+07 0.00000000000000e+00 5.98338479366726e+09
1.47250621967682e+10 4.92772867480445e+07 0.00000000000000e+00 6.20212232360574e+09
1.47250621967682e+10 4.92772867480445e+07 0.00000000000000e+00 6.20212232360574e+09
1.49314021238284e+10 5.17172212372614e+07 0.00000000000000e+00 6.42885634861407e+09
1.49314021238284e+10 5.17172212372614e+07 0.00000000000000e+00 6.42885634861407e+09
1.51406334590831e+10 5.42779675792515e+07 0.00000000000000e+00 6.66387920048104e+09
1.51406334590831e+10 5.42779675792515e+07 0.00000000000000e+00 6.66387920048104e+09
1.53527967193699e+10 5.69655076984620e+07 0.00000000000000e+00 6.90749389791189e+09
1.53527967193699e+10 5.69655076984620e+07 0.00000000000000e+00 6.90749389791189e+09
1.55679329892826e+10 5.97861197106431e+07 0.00000000000000e+00 7.16001453721517e+09
1.55679329892826e+10 5.97861197106431e+07 0.00000000000000e+00 7.16001453721517e+09
1.57860839291267e+10 6.27463925885777e+07 0.00000000000000e+00 7.42176669727207e+09
1.57860839291267e+10 6.27463925885777e+07 0.00000000000000e+00 7.42176669727207e+09
1.60072917829867e+10 6.58532415539763e+07 0.00000000000000e+00 7.69308785931050e+09
1.60072917829867e+10 6.58532415539763e+07 0.00000000000000e+00 7.69308785931050e+09
1.62315993869069e+10 6.91139242314910e+07 0.00000000000000e+00 7.97432784202502e+09
1.62315993869069e+10 6.91139242314910e+07 0.00000000000000e+00 7.97432784202502e+09
1.64590501771861e+10 7.25360576025867e+07 0.00000000000000e+00 8.26584925260358e+09
1.64590501771861e+10 7.25360576025867e+07 0.00000000000000e+00 8.26584925260358e+09
1.66896881987889e+10 7.61276357988720e+07 0.00000000000000e+00 8.56802795424281e+09
1.66896881987889e+10 7.61276357988720e+07 0.00000000000000e+00 8.56802795424281e+09
1.69235581138751e+10 7.98970487764560e+07 0.00000000000000e+00 8.88125355075442e+09
1.69235581138751e+10 7.98970487764560e+07 0.00000000000000e+00 8.88125355075442e+09
1.71607052104478e+10 8.38531019149550e+07 0.00000000000000e+00 9.20592988888755e+09
1.71607052104478e+10 8.38531019149550e+07 0.00000000000000e+00 9.20592988888755e+09
1.74011754111240e+10 8.80050365869311e+07 0.00000000000000e+00 9.54247557901487e+09
1.74011754111240e+10 8.80050365869311e+07 0.00000000000000e+00 9.54247557901487e+09
1.76450152820266e+10 9.23625517458144e+07 0.00000000000000e+00 9.89132453485357e+09
1.76450152820266e+10 9.23625517458144e+07 0.00000000000000e+00 9.89132453485357e+09
1.78922720418024e+10 9.69358265827377e+07 0.00000000000000e+00 1.02529265329172e+10
1.78922720418024e+10 9.69358265827377e+07 0.00000000000000e+00 1.02529265329172e+10
1.81429935707653e+10 1.01735544305211e+08 0.00000000000000e+00 1.06277477924198e+10
1.81429935707653e+10 1.01735544305211e+08 0.00000000000000e+00 1.06277477924198e+10
1.83972284201684e+10 1.06772917093179e+08 0.00000000000000e+00 1.10162715763796e+10
1.83972284201684e+10 1.06772917093179e+08 0.00000000000000e+00 1.10162715763796e+10
1.86550258216056e+10 1.12059712290772e+08 0.00000000000000e+00 1.14189988146978e+10
1.86550258216056e+10 1.12059712290772e+08 0.00000000000000e+00 1.14189988146978e+10
1.89164356965453e+10 1.17608279894909e+08 0.00000000000000e+00 1.18364487500155e+10
1.89164356965453e+10 1.17608279894909e+08 0.00000000000000e+00 1.18364487500155e+10
1.91815086659974e+10 1.23431581404999e+08 0.00000000000000e+00 1.22691596071815e+10
1.91815086659974e+10 1.23431581404999e+08 0.00000000000000e+00 1.22691596071815e+10
1.94502960603159e+10 1.29543220101109e+08 0.00000000000000e+00 1.27176892871941e+10
1.94502960603159e+10 1.29543220101109e+08 0.00000000000000e+00 1.27176892871941e+10
1.97228499291387e+10 1.35957472821333e+08 0.00000000000000e+00 1.31826160865118e+10
1.97228499291387e+10 1.35957472821333e+08 0.00000000000000e+00 1.31826160865118e+10
1.99992230514669e+10 1.42689323312608e+08 0.00000000000000e+00 1.36645394426601e+10
1.99992230514669e+10 1.42689323312608e+08 0.00000000000000e+00 1.36645394426601e+10
2.02794689458854e+10 1.49754497232868e+08 0.00000000000000e+00 1.41640807070959e+10
2.02794689458854e+10 1.49754497232868e+08 0.00000000000000e+00 1.41640807070959e+10
2.05636418809262e+10 1.57169498886308e+08 0.00000000000000e+00 1.46818839463257e+10
2.05636418809262e+10 1.57169498886308e+08 0.00000000000000e+00 1.46818839463257e+10
2.08517968855777e+10 1.64951649777577e+08 0.00000000000000e+00 1.52186167723110e+10
2.08517968855777e+10 1.64951649777577e+08 0.00000000000000e+00 1.52186167723110e+10
2.11439897599405e+10 1.73119129074954e+08 0.00000000000000e+00 1.57749712032309e+10
2.11439897599405e+10 1.73119129074954e+08 0.00000000000000e+00 1.57749712032309e+10
2.14402770860331e+10 1.81691016077030e+08 0.00000000000000e+00 1.63516645557122e+10
2.14402770860331e+10 1.81691016077030e+08 0.00000000000000e+00 1.63516645557122e+10
2.17407162387488e+10 1.90687334782114e+08 0.00000000000000e+00 1.69494403696770e+10
2.17407162387488e+10 1.90687334782114e+08 0.00000000000000e+00 1.69494403696770e+10
2.20463096588614e+10 2.00258708029676e+08 0.00000000000000e+00 1.75748616749645e+10
2.20463096588614e+10 2.00258708029676e+08 0.00000000000000e+00 1.75748616749645e+10
2.23575117329564e+10 2.10484967406067e+08 0.00000000000000e+00 1.82312533407789e+10
2.23575117329564e+10 2.10484967406067e+08 0.00000000000000e+00 1.82312533407789e+10
2.26739217938932e+10 2.21328859936276e+08 0.00000000000000e+00 1.89166983287075e+10
2.26739217938932e+10 2.21328859936276e+08 0.00000000000000e+00 1.89166983287075e+10
2.29951335600471e+10 2.32751288087189e+08 0.00000000000000e+00 1.96292095182248e+10
2.29951335600471e+10 2.32751288087189e+08 0.00000000000000e+00 1.96292095182248e+10
2.33207350566346e+10 2.44711218435430e+08 5.11961968254488e+06 2.03667271446664e+10
2.33207350566346e+10 2.44711218435430e+08 5.11961968254488e+06 2.03667271446664e+10
2.36503085359355e+10 2.57165585812951e+08 9.42918134599233e+07 2.11271161435420e+10
2.36503085359355e+10 2.57165585812951e+08 9.42918134599233e+07 2.11271161435420e+10
2.39834303963982e+10 2.70069192706443e+08 1.83464007237302e+08 2.19081633977622e+10
2.39834303963982e+10 2.70069192706443e+08 1.83464007237302e+08 2.19081633977622e+10
2.43196711006108e+10 2.83374603675577e+08 2.72636201014681e+08 2.27075748842319e+10
2.43196711006108e+10 2.83374603675577e+08 2.72636201014681e+08 2.27075748842319e+10
2.46546280290159e+10 2.94976724954475e+08 3.59844433625915e+08 2.35203618150194e+10
2.46546280290159e+10 2.94976724954475e+08 3.59844433625915e+08 2.35203618150194e+10
2.49866675657623e+10 3.04205762674166e+08 4.44498607240706e+08 2.43432748943278e+10
2.49866675657623e+10 3.04205762674166e+08 4.44498607240706e+08 2.43432748943278e+10
2.53143976002130e+10 3.10877273172221e+08 5.26598721859056e+08 2.51679668902972e+10
2.53143976002130e+10 3.10877273172221e+08 5.26598721859056e+08 2.51679668902972e+10
2.56369686155388e+10 3.14875929422128e+08 6.06144777480963e+08 2.59892635057551e+10
2.56369686155388e+10 3.14875929422128e+08 6.06144777480963e+08 2.59892635057551e+10
2.59543806117395e+10 3.16201731423886e+08 6.83136774106428e+08 2.68071647407015e+10
2.59543806117395e+10 3.16201731423886e+08 6.83136774106428e+08 2.68071647407015e+10
2.62666335888153e+10 3.14854679177497e+08 7.57574711735450e+08 2.76216705951363e+10
2.62666335888153e+10 3.14854679177497e+08 7.57574711735450e+08 2.76216705951363e+10
2.65737275467662e+10 3.10834772682958e+08 8.29458590368030e+08 2.84327810690596e+10
2.65737275467662e+10 3.10834772682958e+08 8.29458590368030e+08 2.84327810690596e+10
2.68756624855920e+10 3.04142011940272e+08 8.98788410004169e+08 2.92404961624714e+10
2.68756624855920e+10 3.04142011940272e+08 8.98788410004169e+08 2.92404961624714e+10
2.73144135939687e+10 3.09083913170837e+08 9.56470577833909e+08 3.02413716991217e+10
2.73144135939687e+10 3.09083913170837e+08 9.56470577833909e+08 3.02413716991217e+10
2.78928043049083e+10 3.25945007171893e+08 1.00232425134259e+09 3.14393165465155e+10
2.78928043049083e+10 3.25945007171893e+08 1.00232425134259e+09 3.14393165465155e+10
2.86148016815175e+10 3.56780603532388e+08 1.03831339169637e+09 3.28369416057627e+10
2.86148016815175e+10 3.56780603532388e+08 1.03831339169637e+09 3.28369416057627e+10
2.94815976798147e+10 4.02208246911522e+08 1.06502809672553e+09 3.44350313562648e+10
2.94815976798147e+10 4.02208246911522e+08 1.06502809672553e+09 3.44350313562648e+10
3.04931922997999e+10 4.62227937309295e+08 1.08246836643008e+09 3.62335857980219e+10
3.04931922997999e+10 4.62227937309295e+08 1.08246836643008e+09 3.62335857980219e+10
3.16495855414730e+10 5.36839674725707e+08 1.09063420081001e+09 3.82326049310339e+10
3.16495855414730e+10 5.36839674725707e+08 1.09063420081001e+09 3.82326049310339e+10
3.29507774048341e+10 6.26043459160758e+08 1.08952559986534e+09 4.04320887553009e+10
3.29507774048341e+10 6.26043459160758e+08 1.08952559986534e+09 4.04320887553009e+10
3.43919495428679e+10 7.29850013563883e+08 1.08283193679366e+09 4.28019990579227e+10
3.43919495428679e+10 7.29850013563883e+08 1.08283193679366e+09 4.28019990579227e+10
3.59528306364668e+10 8.48304450569993e+08 1.08607481291618e+09 4.52159617530963e+10
3.59528306364668e+10 8.48304450569993e+08 1.08607481291618e+09 4.52159617530963e+10
3.76334206856306e+10 9.81406770179089e+08 1.09925422823289e+09 4.76739768408215e+10
3.76334206856306e+10 9.81406770179089e+08 1.09925422823289e+09 4.76739768408215e+10
3.92917445016836e+10 1.11484945616977e+09 1.13146377555374e+09 4.99794884973484e+10
3.92917445016836e+10 1.11484945616977e+09 1.13146377555374e+09 4.99794884973484e+10
4.09249786516137e+10 1.24834797774480e+09 1.18288429739340e+09 5.21285878551721e+10
4.09249786516137e+10 1.24834797774480e+09 1.18288429739340e+09 5.21285878551721e+10
4.25331231354207e+10 1.38190233490417e+09 1.25351579375186e+09 5.41212749142925e+10
4.25331231354207e+10 1.38190233490417e+09 1.25351579375186e+09 5.41212749142925e+10
4.41161779531048e+10 1.51551252764789e+09 1.34335826462912e+09 5.59575496747097e+10
4.41161779531048e+10 1.51551252764789e+09 1.34335826462912e+09 5.59575496747097e+10
4.56741431046658e+10 1.64917855597596e+09 1.45241171002518e+09 5.76374121364236e+10
4.56741431046658e+10 1.64917855597596e+09 1.45241171002518e+09 5.76374121364236e+10
4.71929793834777e+10 1.78022051190173e+09 1.58059457301781e+09 5.91733084384021e+10
4.71929793834777e+10 1.78022051190173e+09 1.58059457301781e+09 5.91733084384021e+10
4.86519401132025e+10 1.90467811582434e+09 1.72778633147822e+09 6.05836310741594e+10
4.86519401132025e+10 1.90467811582434e+09 1.72778633147822e+09 6.05836310741594e+10
5.00558436408556e+10 2.02254064479435e+09 1.89029761220880e+09 6.18984182565957e+10
5.00558436408556e+10 2.02254064479435e+09 1.89029761220880e+09 6.18984182565957e+10
5.14249612855446e+10 2.13376298617686e+09 2.05260681388837e+09 6.32440440715141e+10
5.14249612855446e+10 2.13376298617686e+09 2.05260681388837e+09 6.32440440715141e+10
5.27592930472695e+10 2.23834513997186e+09 2.21471393651693e+09 6.46205085189147e+10
5.27592930472695e+10 2.23834513997186e+09 2.21471393651693e+09 6.46205085189147e+10
5.40588389260305e+10 2.33628710617936e+09 2.37661898009448e+09 6.60278115987974e+10
5.40588389260305e+10 2.33628710617936e+09 2.37661898009448e+09 6.60278115987974e+10
5.53235989218275e+10 2.42758888479934e+09 2.53832194462101e+09 6.74659533111622e+10
5.53235989218275e+10 2.42758888479934e+09 2.53832194462101e+09 6.74659533111622e+10
5.65535730346604e+10 2.51225047583182e+09 2.69982283009653e+09 6.89349336560092e+10
5.65535730346604e+10 2.51225047583182e+09 2.69982283009653e+09 6.89349336560092e+10
5.77292122704283e+10 2.60814062426333e+09 2.86094394589985e+09 7.04202415634855e+10
5.77292122704283e+10 2.60814062426333e+09 2.86094394589985e+09 7.04202415634855e+10
5.88382855299487e+10 2.72643915812335e+09 3.02157411743036e+09 7.19127979815591e+10
5.88382855299487e+10 2.72643915812335e+09 3.02157411743036e+09 7.19127979815591e+10
5.98948320198477e+10 2.86982598539853e+09 3.18179490161031e+09 7.34001567712622e+10
5.98948320198477e+10 2.86982598539853e+09 3.18179490161031e+09 7.34001567712622e+10
6.09195984164631e+10 3.04226138568973e+09 3.34172682056846e+09 7.48639254390806e+10
6.09195984164631e+10 3.04226138568973e+09 3.34172682056846e+09 7.48639254390806e+10
6.19125847197951e+10 3.24374535899695e+09 3.50136987430482e+09 7.63041039850142e+10
6.19125847197951e+10 3.24374535899695e+09 3.50136987430482e+09 7.63041039850142e+10
6.28737909298434e+10 3.47427790532018e+09 3.66072406281938e+09 7.77206924090630e+10
6.28737909298434e+10 3.47427790532018e+09 3.66072406281938e+09 7.77206924090630e+10
6.38032170466083e+10 3.73385902465944e+09 3.81978938611215e+09 7.91136907112270e+10
6.38032170466083e+10 3.73385902465944e+09 3.81978938611215e+09 7.91136907112270e+10
6.47008630700896e+10 4.02248871701472e+09 3.97856584418313e+09 8.04830988915062e+10
6.47008630700896e+10 4.02248871701472e+09 3.97856584418313e+09 8.04830988915062e+10
6.55906101637520e+10 4.34632467894185e+09 4.13476732407061e+09 8.18127297823174e+10
6.55906101637520e+10 4.34632467894185e+09 4.13476732407061e+09 8.18127297823174e+10
6.64774652922125e+10 4.70665794338493e+09 4.28791451551291e+09 8.30991895550703e+10
6.64774652922125e+10 4.70665794338493e+09 4.28791451551291e+09 8.30991895550703e+10
6.73809774495721e+10 5.08561976535744e+09 4.43818510913121e+09 8.43569892796177e+10
6.73809774495721e+10 5.08561976535744e+09 4.43818510913121e+09 8.43569892796177e+10
6.83133777350133e+10 5.47203031682990e+09 4.58569027952613e+09 8.55952080079916e+10
6.83133777350133e+10 5.47203031682990e+09 4.58569027952613e+09 8.55952080079916e+10
6.92746661485360e+10 5.86588959780230e+09 4.73043002669766e+09 8.68138457401920e+10
6.92746661485360e+10 5.86588959780230e+09 4.73043002669766e+09 8.68138457401920e+10
7.02648426901405e+10 6.26719760827464e+09 4.87240435064580e+09 8.80129024762188e+10
7.02648426901405e+10 6.26719760827464e+09 4.87240435064580e+09 8.80129024762188e+10
7.12839073598265e+10 6.67595434824693e+09 5.01161325137056e+09 8.91923782160721e+10
7.12839073598265e+10 6.67595434824693e+09 5.01161325137056e+09 8.91923782160721e+10
7.23270524673342e+10 7.09287052248750e+09 5.14927663341534e+09 9.03510493993763e+10
7.23270524673342e+10 7.09287052248750e+09 5.14927663341534e+09 9.03510493993763e+10
7.32733008800234e+10 7.53582977581943e+09 5.31609126503601e+09 9.14581272652399e+10
7.32733008800234e+10 7.53582977581943e+09 5.31609126503601e+09 9.14581272652399e+10
7.41226525978941e+10 8.00483210824270e+09 5.51205714623258e+09 9.25136118136629e+10
7.41226525978941e+10 8.00483210824270e+09 5.51205714623258e+09 9.25136118136629e+10
7.48512264574816e+10 8.49371982320150e+09 5.73946038996674e+09 9.35336902122285e+10
7.48512264574816e+10 8.49371982320150e+09 5.73946038996674e+09 9.35336902122285e+10
7.54540154941690e+10 9.00120188775171e+09 5.99878030650020e+09 9.45217562895270e+10
7.54540154941690e+10 9.00120188775171e+09 5.99878030650020e+09 9.45217562895270e+10
7.59310197079563e+10 9.52727830189333e+09 6.29001689583293e+09 9.54778100455585e+10
7.59310197079563e+10 9.52727830189333e+09 6.29001689583293e+09 9.54778100455585e+10
7.62822390988435e+10 1.00719490656263e+10 6.61317015796495e+09 9.64018514803229e+10
7.62822390988435e+10 1.00719490656263e+10 6.61317015796495e+09 9.64018514803229e+10
7.65076736668306e+10 1.06352141789508e+10 6.96824009289625e+09 9.72938805938202e+10
7.65076736668306e+10 1.06352141789508e+10 6.96824009289625e+09 9.72938805938202e+10
7.65998056850802e+10 1.12185359576039e+10 7.35533166226609e+09 9.81394369628597e+10
7.65998056850802e+10 1.12185359576039e+10 7.35533166226609e+09 9.81394369628597e+10
7.65360537594155e+10 1.18263068367978e+10 7.77476014490818e+09 9.88950850486006e+10
7.65360537594155e+10 1.18263068367978e+10 7.77476014490818e+09 9.88950850486006e+10
7.63212255800963e+10 1.24578161117642e+10 8.22530563627912e+09 9.95620484114186e+10
7.63212255800963e+10 1.24578161117642e+10 8.22530563627912e+09 9.95620484114186e+10
7.60762982797628e+10 1.30951801376801e+10 8.67627136812303e+09 1.00171115812205e+11
7.60762982797628e+10 1.30951801376801e+10 8.67627136812303e+09 1.00171115812205e+11
7.58012718584151e+10 1.37383989145453e+10 9.12765734043990e+09 1.00722287250960e+11
7.58012718584151e+10 1.37383989145453e+10 9.12765734043990e+09 1.00722287250960e+11
7.54961463160531e+10 1.43874724423599e+10 9.57946355322974e+09 1.01215562727683e+11
7.54961463160531e+10 1.43874724423599e+10 9.57946355322974e+09 1.01215562727683e+11
7.51609216526768e+10 1.50424007211239e+10 1.00316900064925e+10 1.01650942242375e+11
7.51609216526768e+10 1.50424007211239e+10 1.00316900064925e+10 1.01650942242375e+11
7.47955978682863e+10 1.57031837508373e+10 1.04843367002283e+10 1.02028425795035e+11
7.47955978682863e+10 1.57031837508373e+10 1.04843367002283e+10 1.02028425795035e+11
7.43939461524139e+10 1.63684463356309e+10 1.09362330289062e+10 1.02328721729586e+11
7.43939461524139e+10 1.63684463356309e+10 1.09362330289062e+10 1.02328721729586e+11
7.39486928692461e+10 1.70365826032473e+10 1.13860120287444e+10 1.02529302393067e+11
7.39486928692461e+10 1.70365826032473e+10 1.13860120287444e+10 1.02529302393067e+11
7.34673557456200e+10 1.77061302379492e+10 1.18335687381037e+10 1.02644628208670e+11
7.34673557456200e+10 1.77061302379492e+10 1.18335687381037e+10 1.02644628208670e+11
7.29725161757125e+10 1.83726968045245e+10 1.22785878781502e+10 1.02718134715235e+11
7.29725161757125e+10 1.83726968045245e+10 1.22785878781502e+10 1.02718134715235e+11
7.24641741595238e+10 1.90362823029733e+10 1.27210694488841e+10 1.02749821912763e+11
7.24641741595238e+10 1.90362823029733e+10 1.27210694488841e+10 1.02749821912763e+11
7.19423296970538e+10 1.96968867332955e+10 1.31610134503053e+10 1.02739689801253e+11
7.19423296970538e+10 1.96968867332955e+10 1.31610134503053e+10 1.02739689801253e+11
7.14069827883024e+10 2.03545100954911e+10 1.35984198824139e+10 1.02687738380705e+11
7.14069827883024e+10 2.03545100954911e+10 1.35984198824139e+10 1.02687738380705e+11
7.08581334332698e+10 2.10091523895602e+10 1.40332887452097e+10 1.02593967651120e+11
7.08581334332698e+10 2.10091523895602e+10 1.40332887452097e+10 1.02593967651120e+11
7.02415472101738e+10 2.16205939323741e+10 1.44423060999619e+10 1.02366585445484e+11
7.02415472101738e+10 2.16205939323741e+10 1.44423060999619e+10 1.02366585445484e+11
6.95308549766613e+10 2.21692796422159e+10 1.48141365521181e+10 1.01960961791920e+11
6.95308549766613e+10 2.21692796422159e+10 1.48141365521181e+10 1.01960961791920e+11
6.87322855431997e+10 2.26565847149550e+10 1.51499507072091e+10 1.01396388346506e+11
6.87322855431997e+10 2.26565847149550e+10 1.51499507072091e+10 1.01396388346506e+11
6.78531125456029e+10 2.30841150228486e+10 1.54511155290169e+10 1.00695392762202e+11
6.78531125456029e+10 2.30841150228486e+10 1.54511155290169e+10 1.00695392762202e+11
6.68933359838708e+10 2.34518705658967e+10 1.57176310175414e+10 9.98579750390081e+10
6.68933359838708e+10 2.34518705658967e+10 1.57176310175414e+10 9.98579750390081e+10
6.58529558580034e+10 2.37598513440993e+10 1.59494971727826e+10 9.88841351769237e+10
6.58529558580034e+10 2.37598513440993e+10 1.59494971727826e+10 9.88841351769237e+10
6.47319721680009e+10 2.40080573574565e+10 1.61467139947405e+10 9.77738731759489e+10
6.47319721680009e+10 2.40080573574565e+10 1.61467139947405e+10 9.77738731759489e+10
6.35303849138631e+10 2.41964886059681e+10 1.63092814834152e+10 9.65271890360838e+10
6.35303849138631e+10 2.41964886059681e+10 1.63092814834152e+10 9.65271890360838e+10
6.22353995092519e+10 2.42730158604036e+10 1.64195598642193e+10 9.51016384314454e+10
6.22353995092519e+10 2.42730158604036e+10 1.64195598642193e+10 9.51016384314454e+10
6.08453435400825e+10 2.42308251718865e+10 1.64752433957483e+10 9.34916733523866e+10
6.08453435400825e+10 2.42308251718865e+10 1.64752433957483e+10 9.34916733523866e+10
5.94144514281368e+10 2.41101362235455e+10 1.64996460167333e+10 9.17890859659212e+10
5.94144514281368e+10 2.41101362235455e+10 1.64996460167333e+10 9.17890859659212e+10
5.79690923157682e+10 2.39305040970974e+10 1.65041031217264e+10 9.00385062439257e+10
5.79690923157682e+10 2.39305040970974e+10 1.65041031217264e+10 9.00385062439257e+10
5.65092662029765e+10 2.36919287925423e+10 1.64886147107277e+10 8.82399341864003e+10
5.65092662029765e+10 2.36919287925423e+10 1.64886147107277e+10 8.82399341864003e+10
5.50349730897618e+10 2.33944103098801e+10 1.64531807837372e+10 8.63933697933449e+10
5.50349730897618e+10 2.33944103098801e+10 1.64531807837372e+10 8.63933697933449e+10
5.35462129761241e+10 2.30379486491110e+10 1.63978013407548e+10 8.44988130647596e+10
5.35462129761241e+10 2.30379486491110e+10 1.63978013407548e+10 8.44988130647596e+10
5.20425231832086e+10 2.26193235575949e+10 1.63195458378323e+10 8.25625654891157e+10
5.20425231832086e+10 2.26193235575949e+10 1.63195458378323e+10 8.25625654891157e+10
5.05195439110257e+10 2.21081907538043e+10 1.61907999041284e+10 8.06440056809524e+10
5.05195439110257e+10 2.21081907538043e+10 1.61907999041284e+10 8.06440056809524e+10
4.89772751595754e+10 2.15045502377392e+10 1.60115635396432e+10 7.87431336402699e+10
4.89772751595754e+10 2.15045502377392e+10 1.60115635396432e+10 7.87431336402699e+10
4.74285115151958e+10 2.08605312386303e+10 1.57994765189639e+10 7.69023936929510e+10
4.74285115151958e+10 2.08605312386303e+10 1.57994765189639e+10 7.69023936929510e+10
4.58749253919717e+10 2.01829477053539e+10 1.55568445834951e+10 7.51273338486429e+10
4.58749253919717e+10 2.01829477053539e+10 1.55568445834951e+10 7.51273338486429e+10
4.43165167899033e+10 1.94717996379100e+10 1.52836677332367e+10 7.34179541073454e+10
4.43165167899033e+10 1.94717996379100e+10 1.52836677332367e+10 7.34179541073454e+10
4.27532857089905e+10 1.87270870362986e+10 1.49799459681888e+10 7.17742544690585e+10
4.27532857089905e+10 1.87270870362986e+10 1.49799459681888e+10 7.17742544690585e+10
4.11852321492333e+10 1.79488099005197e+10 1.46456792883515e+10 7.01962349337822e+10
4.11852321492333e+10 1.79488099005197e+10 1.46456792883515e+10 7.01962349337822e+10
3.96142599599579e+10 1.71400238986368e+10 1.42755731237872e+10 6.86572868597617e+10
3.96142599599579e+10 1.71400238986368e+10 1.42755731237872e+10 6.86572868597617e+10
3.80446569488714e+10 1.63076109392608e+10 1.38577031601768e+10 6.70974828474824e+10
3.80446569488714e+10 1.63076109392608e+10 1.38577031601768e+10 6.70974828474824e+10
3.64768857948285e+10 1.54547912750315e+10 1.33949999414687e+10 6.55105214084731e+10
3.64768857948285e+10 1.54547912750315e+10 1.33949999414687e+10 6.55105214084731e+10
3.49153062978188e+10 1.46119091874768e+10 1.29150778385041e+10 6.38370239281944e+10
3.49153062978188e+10 1.46119091874768e+10 1.29150778385041e+10 6.38370239281944e+10
3.33599184578423e+10 1.37789646765964e+10 1.24179368512828e+10 6.20769904066465e+10
3.33599184578423e+10 1.37789646765964e+10 1.24179368512828e+10 6.20769904066465e+10
3.18107222748990e+10 1.29559577423906e+10 1.19035769798050e+10 6.02304208438292e+10
3.18107222748990e+10 1.29559577423906e+10 1.19035769798050e+10 6.02304208438292e+10
3.02677177489890e+10 1.21428883848591e+10 1.13719982240706e+10 5.82973152397426e+10
3.02677177489890e+10 1.21428883848591e+10 1.13719982240706e+10 5.82973152397426e+10
2.87309048801122e+10 1.13397566040021e+10 1.08232005840796e+10 5.62776735943866e+10
2.87309048801122e+10 1.13397566040021e+10 1.08232005840796e+10 5.62776735943866e+10
2.72092169586328e+10 1.05590364094669e+10 1.02629846060741e+10 5.41618151606187e+10
2.72092169586328e+10 1.05590364094669e+10 1.02629846060741e+10 5.41618151606187e+10
2.57109321931093e+10 9.81228708671398e+09 9.69672547988792e+09 5.19407690844103e+10
2.57109321931093e+10 9.81228708671398e+09 9.69672547988792e+09 5.19407690844103e+10
2.42341467342155e+10 9.09645296767996e+09 9.12971777545823e+09 4.96411440075166e+10
2.42341467342155e+10 9.09645296767996e+09 9.12971777545823e+09 4.96411440075166e+10
2.27745727742444e+10 8.40465214375381e+09 8.57388580710430e+09 4.73228673294519e+10
2.27745727742444e+10 8.40465214375381e+09 8.57388580710430e+09 4.73228673294519e+10
2.13322103131960e+10 7.73688461493553e+09 8.02922957482613e+09 4.49859390502162e+10
2.13322103131960e+10 7.73688461493553e+09 8.02922957482613e+09 4.49859390502162e+10
1.99070593510703e+10 7.09315038122513e+09 7.49574907862371e+09 4.26303591698095e+10
1.99070593510703e+10 7.09315038122513e+09 7.49574907862371e+09 4.26303591698095e+10
1.84991198878673e+10 6.47344944262259e+09 6.97344431849705e+09 4.02561276882317e+10
1.84991198878673e+10 6.47344944262259e+09 6.97344431849705e+09 4.02561276882317e+10
1.71083919235870e+10 5.87778179912793e+09 6.46231529444615e+09 3.78632446054829e+10
1.71083919235870e+10 5.87778179912793e+09 6.46231529444615e+09 3.78632446054829e+10
1.57734956071163e+10 5.32455306945934e+09 5.97852595672681e+09 3.55030974373535e+10
1.57734956071163e+10 5.32455306945934e+09 5.97852595672681e+09 3.55030974373535e+10
1.45086735031534e+10 4.82055098548619e+09 5.52803734158380e+09 3.31946371728844e+10
1.45086735031534e+10 4.82055098548619e+09 5.52803734158380e+09 3.31946371728844e+10
1.33049923213339e+10 4.35330153756112e+09 5.10504890277493e+09 3.09475445592182e+10
1.33049923213339e+10 4.35330153756112e+09 5.10504890277493e+09 3.09475445592182e+10
1.21541738530994e+10 3.91124544022362e+09 4.70418545046662e+09 2.87707904503833e+10
1.21541738530994e+10 3.91124544022362e+09 4.70418545046662e+09 2.87707904503833e+10
1.10562180984498e+10 3.49438269347367e+09 4.32544698465887e+09 2.66643748463796e+10
1.10562180984498e+10 3.49438269347367e+09 4.32544698465887e+09 2.66643748463796e+10
1.00111250573853e+10 3.10271329731129e+09 3.96883350535169e+09 2.46282977472071e+10
1.00111250573853e+10 3.10271329731129e+09 3.96883350535169e+09 2.46282977472071e+10
9.01889472990566e+09 2.73623725173648e+09 3.63434501254507e+09 2.26625591528660e+10
9.01889472990566e+09 2.73623725173648e+09 3.63434501254507e+09 2.26625591528660e+10
8.07952711601104e+09 2.39495455674922e+09 3.32198150623902e+09 2.07671590633560e+10
8.07952711601104e+09 2.39495455674922e+09 3.32198150623902e+09 2.07671590633560e+10
7.23079266742577e+09 2.09561355003623e+09 3.04243941566990e+09 1.90218513180778e+10
7.23079266742577e+09 2.09561355003623e+09 3.04243941566990e+09 1.90218513180778e+10
6.47501190649466e+09 1.83924320769035e+09 2.79637590277038e+09 1.74315357939976e+10
6.47501190649466e+09 1.83924320769035e+09 2.79637590277038e+09 1.74315357939976e+10
5.77356468433068e+09 1.60743791099338e+09 2.56762701728465e+09 1.59448249753250e+10
5.77356468433068e+09 1.60743791099338e+09 2.56762701728465e+09 1.59448249753250e+10
5.11220843623588e+09 1.39340992807596e+09 2.35023172296795e+09 1.45427678730192e+10
5.11220843623588e+09 1.39340992807596e+09 2.35023172296795e+09 1.45427678730192e+10
4.49094316221027e+09 1.19715925893808e+09 2.14419001982028e+09 1.32253644870801e+10
4.49094316221027e+09 1.19715925893808e+09 2.14419001982028e+09 1.32253644870801e+10
3.90976886225383e+09 1.01868590357975e+09 1.94950190784164e+09 1.19926148175078e+10
3.90976886225383e+09 1.01868590357975e+09 1.94950190784164e+09 1.19926148175078e+10
3.36868553636657e+09 8.57989862000959e+08 1.76616738703204e+09 1.08445188643023e+10
3.36868553636657e+09 8.57989862000959e+08 1.76616738703204e+09 1.08445188643023e+10
2.87226862954322e+09 7.16267177856696e+08 1.59501532810094e+09 9.78589578634230e+09
2.87226862954322e+09 7.16267177856696e+08 1.59501532810094e+09 9.78589578634230e+09
2.44571859561458e+09 6.00105372785081e+08 1.44061095215133e+09 8.84328835508853e+09
2.44571859561458e+09 6.00105372785081e+08 1.44061095215133e+09 8.84328835508853e+09
2.08903543458063e+09 5.09504446786111e+08 1.30295425918320e+09 8.01669657054097e+09
2.08903543458063e+09 5.09504446786111e+08 1.30295425918320e+09 8.01669657054097e+09
1.76444869471700e+09 4.27716062173086e+08 1.17134881996019e+09 7.22636659329920e+09
1.76444869471700e+09 4.27716062173086e+08 1.17134881996019e+09 7.22636659329920e+09
1.46963785367889e+09 3.53711242853161e+08 1.04513747254964e+09 6.46739854639689e+09
1.46963785367889e+09 3.53711242853161e+08 1.04513747254964e+09 6.46739854639689e+09
1.20460291146630e+09 2.87489988826338e+08 9.24320216951537e+08 5.73979242983403e+09
1.20460291146630e+09 2.87489988826338e+08 9.24320216951537e+08 5.73979242983403e+09
9.69343868079224e+08 2.29052300092614e+08 8.08897053165891e+08 5.04354824361062e+09
9.69343868079224e+08 2.29052300092614e+08 8.08897053165891e+08 5.04354824361062e+09
7.63860723517666e+08 1.78398176651991e+08 6.98867981192698e+08 4.37866598772666e+09
7.63860723517666e+08 1.78398176651991e+08 6.98867981192698e+08 4.37866598772666e+09
5.92263696554512e+08 1.36516386666793e+08 5.96780882391462e+08 3.75994319377800e+09
5.92263696554512e+08 1.36516386666793e+08 5.96780882391462e+08 3.75994319377800e+09
4.61697064784594e+08 1.05125581775510e+08 5.07064419253599e+08 3.21310055433129e+09
4.61697064784594e+08 1.05125581775510e+08 5.07064419253599e+08 3.21310055433129e+09
3.67585383213175e+08 8.30297183231649e+07 4.28889721069644e+08 2.73331891050781e+09
3.67585383213175e+08 8.30297183231649e+07 4.28889721069644e+08 2.73331891050781e+09
2.84728198009473e+08 6.36412746716343e+07 3.57691566736606e+08 2.29405549084684e+09
2.84728198009473e+08 6.36412746716343e+07 3.57691566736606e+08 2.29405549084684e+09
2.13125509173490e+08 4.69602508209187e+07 2.93469956254485e+08 1.89531029534836e+09
2.13125509173490e+08 4.69602508209187e+07 2.93469956254485e+08 1.89531029534836e+09
1.52777316705225e+08 3.29866467710180e+07 2.36224889623283e+08 1.53708332401239e+09
1.52777316705225e+08 3.29866467710180e+07 2.36224889623283e+08 1.53708332401239e+09
1.03683620604678e+08 2.17204625219322e+07 1.85956366842997e+08 1.21937457683893e+09
1.03683620604678e+08 2.17204625219322e+07 1.85956366842997e+08 1.21937457683893e+09
6.58444208718488e+07 1.31616980736613e+07 1.42664387913630e+08 9.42184053827958e+08
6.58444208718488e+07 1.31616980736613e+07 1.42664387913630e+08 9.42184053827958e+08
3.97318417466996e+07 7.39255619110147e+06 1.07718068568287e+08 7.15161908619963e+08
3.97318417466996e+07 7.39255619110147e+06 1.07718068568287e+08 7.15161908619963e+08
2.56923519295248e+07 4.47336143017164e+06 8.21221353353978e+07 5.45389913143713e+08
2.56923519295248e+07 4.47336143017164e+06 8.21221353353978e+07 5.45389913143713e+08
1.96157326474380e+07 3.41534562854755e+06 6.33287068554571e+07 4.18070535803357e+08
1.96157326474380e+07 3.41534562854755e+06 6.33287068554571e+07 4.18070535803357e+08
1.43577063056073e+07 2.49985714773850e+06 4.69091206370511e+07 3.07483084032244e+08
1.43577063056073e+07 2.49985714773850e+06 4.69091206370511e+07 3.07483084032244e+08
1.17491736349590e+07 2.04567881987546e+06 3.87587190455128e+07 2.52607976716722e+08
1.17491736349590e+07 2.04567881987546e+06 3.87587190455128e+07 2.52607976716722e+08
6.53210829366261e+06 1.13732216414938e+06 2.24579158624365e+07 1.42857762085680e+08
6.53210829366261e+06 1.13732216414938e+06 2.24579158624365e+07 1.42857762085680e+08
1.31504295236620e+06 2.28965508423300e+05 6.15711267936024e+06 3.31075474546378e+07
1.31504295236620e+06 2.28965508423300e+05 6.15711267936024e+06 3.31075474546378e+07
0.00000000000000e+00 0.00000000000000e+00 0.00000000000000e+00 0.00000000000000e+00
0.00000000000000e+00 0.00000000000000e+00 0.00000000000000e+00 0.00000000000000e+00
0.00000000000000e+00 0.00000000000000e+00 0.00000000000000e+00 0.00000000000000e+00
0.00000000000000e+00 0.00000000000000e+00 0.00000000000000e+00 0.00000000000000e+00
---