PdfType: central
Format: lhagrid1
---
0.001  0.001039345108679769  0.00108023825493656  0.001122740346477083  0.0011669146874283855  0.001212827072625273  0.0012605458856074806  0.0013101422004725427  0.0013616898877360855  0.0014152657243572044  0.0014709495080927908  0.0015288241763511529  0.0015889759297219475  0.0016514943603663948  0.0017164725854590347  0.0017840073858797646  0.0018541993503627147  0.0019271530253166913  0.0020029770705403223  0.0020817844210638168  0.0021636924553584207  0.0022488231701640942  0.0023373033621957836  0.002429264816998964  0.0025248445052357274  0.002624184786693745  0.0027274336223220047  0.0028347447946091204  0.002946278136632426  0.0030621997701190534  0.0031826823528735516  0.003307905335940545  0.00343805523088551  0.0035733258875917493  0.0037139187829872754  0.0038600433211317454  0.004011917145110291  0.004169766461198885  0.004333826375784006  0.004504341245538478  0.004681565041374952  0.0048657617267192565  0.005057205650666887  0.005256181956608318  0.0054629870069317086  0.005677928824435604  0.00590132755110901  0.00613351592496231  0.006374839775619047  0.006625658539406893  0.0068863457947148906  0.0071572898184144185  0.007438894164172531  0.0077315782635192  0.008035778050563503  0.008351946611289428  0.008680554858398231  0.009022092232702608  0.009377067432117183  0.009746009169331356  0.010129466959292725  0.010528011937674223  0.010942237711543916  0.01137276124350448  0.011820223770619224  0.012285291759493422  0.012768657898933363  0.013271042131661682  0.013793192726625698  0.014335887393495787  0.014899934441013804  0.01548617398091692  0.016095479179229908  0.01672875755678966  0.017386952340939052  0.018071043870403265  0.018782051055441146  0.01952103289544644  0.02028909005625913  0.021087366509536257  0.021917051236624074  0.022779379999469117  0.023675637181205977  0.024607157699163294  0.02557532899313709  0.026581593091892907  0.02762744876097482  0.02871445373502013  0.02984422703790468  0.03101845139417473  0.03223887573535667  0.03350731780487783  0.0348256668654783  0.036195886513145974  0.037620017601766274  0.039100181282842573  0.04063858216481469  0.04223751159668103  0.043899351080815434  0.04562657582006143  0.047421758404387476  0.049287572642593834  0.05122679754477868  0.053242321461494525  0.0553371463857602  0.0575143924243362  0.059777302444922596  0.062129246906201474  0.06457372887791815  0.06711438925847778  0.06975501219782888  0.07249953073371104  0.07535203264966117  0.07831676656350356  0.08139814825539268  0.08460076724483306  0.08792939362647283  0.09138898517485256  0.09498469472869094  0.09872187786570592  0.10260610087940301  0.10664314906971037  0.11083903535981095  0.11520000925200348  0.11973256613593385  0.1244434569630598  0.12933969830175757  0.13442858278804865  0.13971768998751175  0.1452148976845567  0.15092839361587698  0.15686668766555661  0.16303862453999335  0.16945339694151929  0.17612055926033943  0.1830500418051792  0.19025216559384006  0.19773765772569113  0.20551766735899143  0.21360378231684338  0.22200804634650934  0.23074297705779595  0.23982158456722816  0.2492573908757802  0.25906445000902345  0.2692573689496928  0.2798513293938472  0.290862110363026  0.30230611170608596  0.3142003785257203  0.32656262656603935  0.3394112685990307  0.3527654418491979  0.36664503649722135  0.38107072530510205  0.39606399440690976  0.41164717531099304  0.4278434781613236  0.4446770263075113  0.46217289223497693  0.48035713490880483  0.4992568385868943  0.5189001531602135  0.5393163360802504  0.5605357959361028  0.5825901377461097  0.6055122100314914  0.6293361537421076  0.6540974531071988  0.679832988486861  0.7065810913029688  0.734381601131354  0.7632759250402892  0.7933070992636506  0.8245198533006114  0.8569606765373503  0.8906778874900009  0.9257217057719621  0.9621443268927803  1.0  
0.1e+001 0.1e+007
-14 -12 12 14
4.15950494649410e+02 2.56811104757578e+00 3.55445054487717e+00 4.25761912079040e+02
4.15950494649410e+02 2.56811104757578e+00 3.55445054487717e+00 4.25761912079040e+02
4.32273943996243e+02 2.82445245944333e+00 3.86488320685827e+00 4.43633649200956e+02
4.32273943996243e+02 2.82445245944333e+00 3.86488320685827e+00 4.43633649200956e+02
4.48597393343077e+02 3.08079387131088e+00 4.17531586883937e+00 4.61505386322872e+02
4.48597393343077e+02 3.08079387131088e+00 4.17531586883937e+00 4.61505386322872e+02
4.64920842689910e+02 3.33713528317843e+00 4.48574853082047e+00 4.79377123444789e+02
4.64920842689910e+02 3.33713528317843e+00 4.48574853082047e+00 4.79377123444789e+02
4.81244292036743e+02 3.59347669504598e+00 4.79618119280157e+00 4.97248860566705e+02
4.81244292036743e+02 3.59347669504598e+00 4.79618119280157e+00 4.97248860566705e+02
5.06036440750083e+02 3.98924518486632e+00 5.27397888412883e+00 5.24414689488223e+02
5.06036440750083e+02 3.98924518486632e+00 5.27397888412883e+00 5.24414689488223e+02
5.23231980449202e+02 4.27608406448972e+00 5.61757627752221e+00 5.43301191691363e+02
5.23231980449202e+02 4.27608406448972e+00 5.61757627752221e+00 5.43301191691363e+02
5.41011838908263e+02 4.58354753323984e+00 5.98355888923757e+00 5.62867880724924e+02
5.41011838908263e+02 4.58354753323984e+00 5.98355888923757e+00 5.62867880724924e+02
5.59395871765365e+02 4.91311856189527e+00 6.37338510635512e+00 5.83139253137780e+02
5.59395871765365e+02 4.91311856189527e+00 6.37338510635512e+00 5.83139253137780e+02
5.78461785702227e+02 5.26927939761723e+00 6.79155686256419e+00 6.04208574353153e+02
5.78461785702227e+02 5.26927939761723e+00 6.79155686256419e+00 6.04208574353153e+02
5.98470766567332e+02 5.66607618686179e+00 7.25227387083880e+00 6.26387307966071e+02
5.98470766567332e+02 5.66607618686179e+00 7.25227387083880e+00 6.26387307966071e+02
6.19367494313210e+02 6.10168692433822e+00 7.75353289170877e+00 6.49611282908161e+02
6.19367494313210e+02 6.10168692433822e+00 7.75353289170877e+00 6.49611282908161e+02
6.41094769071104e+02 6.57415859702577e+00 8.29320017553781e+00 6.73814017025855e+02
6.41094769071104e+02 6.57415859702577e+00 8.29320017553781e+00 6.73814017025855e+02
6.63593447273080e+02 7.08139776431883e+00 8.86900295984386e+00 6.98926633847951e+02
6.63593447273080e+02 7.08139776431883e+00 8.86900295984386e+00 6.98926633847951e+02
6.86802375603509e+02 7.62116046085580e+00 9.47852041267365e+00 7.24877776355595e+02
6.86802375603509e+02 7.62116046085580e+00 9.47852041267365e+00 7.24877776355595e+02
7.10658322706166e+02 8.19104137333074e+00 1.01191739859420e+01 7.51593517646748e+02
7.10658322706166e+02 8.19104137333074e+00 1.01191739859420e+01 7.51593517646748e+02
7.35095908570681e+02 8.78846223908465e+00 1.07882171402958e+01 7.78997268383274e+02
7.35095908570681e+02 8.78846223908465e+00 1.07882171402958e+01 7.78997268383274e+02
7.60047531519482e+02 9.41065941052023e+00 1.14827244005567e+01 8.07009680904794e+02
7.60047531519482e+02 9.41065941052023e+00 1.14827244005567e+01 8.07009680904794e+02
7.85430342777045e+02 1.01201065261592e+01 1.21636256331238e+01 8.35324515117054e+02
7.85430342777045e+02 1.01201065261592e+01 1.21636256331238e+01 8.35324515117054e+02
8.11108789893353e+02 1.09415692593847e+01 1.28077115376052e+01 8.63683152463874e+02
8.11108789893353e+02 1.09415692593847e+01 1.28077115376052e+01 8.63683152463874e+02
8.36768185015130e+02 1.18593016782071e+01 1.33989016891073e+01 8.91712189027971e+02
8.36768185015130e+02 1.18593016782071e+01 1.33989016891073e+01 8.91712189027971e+02
8.62408528142377e+02 1.28733037826263e+01 1.39371960876299e+01 9.19411624809343e+02
8.62408528142377e+02 1.28733037826263e+01 1.39371960876299e+01 9.19411624809343e+02
8.88029819275094e+02 1.39835755726425e+01 1.44225947331730e+01 9.46781459807992e+02
8.88029819275094e+02 1.39835755726425e+01 1.44225947331730e+01 9.46781459807992e+02
9.13632058413282e+02 1.51901170482555e+01 1.48550976257367e+01 9.73821694023916e+02
9.13632058413282e+02 1.51901170482555e+01 1.48550976257367e+01 9.73821694023916e+02
9.39215245556939e+02 1.64929282094655e+01 1.52347047653210e+01 1.00053232745712e+03
9.39215245556939e+02 1.64929282094655e+01 1.52347047653210e+01 1.00053232745712e+03
9.64779380706066e+02 1.78920090562723e+01 1.55614161519259e+01 1.02691336010759e+03
9.64779380706066e+02 1.78920090562723e+01 1.55614161519259e+01 1.02691336010759e+03
9.90130809864368e+02 1.93761388719205e+01 1.58767796597115e+01 1.05297312178637e+03
9.90130809864368e+02 1.93761388719205e+01 1.58767796597115e+01 1.05297312178637e+03
1.01445372975180e+03 2.08980483115539e+01 1.63558233937879e+01 1.07874670336318e+03
1.01445372975180e+03 2.08980483115539e+01 1.63558233937879e+01 1.07874670336318e+03
1.03776109030502e+03 2.23923013743736e+01 1.70345014191629e+01 1.10445813961022e+03
1.03776109030502e+03 2.23923013743736e+01 1.70345014191629e+01 1.10445813961022e+03
1.06005899358189e+03 2.38280643755816e+01 1.79297554238081e+01 1.13021299653802e+03
1.06005899358189e+03 2.38280643755816e+01 1.79297554238081e+01 1.13021299653802e+03
1.08134743958243e+03 2.52053373151781e+01 1.90415854077236e+01 1.15601127414657e+03
1.08134743958243e+03 2.52053373151781e+01 1.90415854077236e+01 1.15601127414657e+03
1.10162642830664e+03 2.65241201931629e+01 2.03699913709093e+01 1.18185297243588e+03
1.10162642830664e+03 2.65241201931629e+01 2.03699913709093e+01 1.18185297243588e+03
1.12089595975450e+03 2.77844130095362e+01 2.19149733133652e+01 1.20773809140595e+03
1.12089595975450e+03 2.77844130095362e+01 2.19149733133652e+01 1.20773809140595e+03
1.13915603392603e+03 2.89862157642979e+01 2.36765312350913e+01 1.23366663105678e+03
1.13915603392603e+03 2.89862157642979e+01 2.36765312350913e+01 1.23366663105678e+03
1.15640665082122e+03 3.01295284574480e+01 2.56546651360876e+01 1.25963859138837e+03
1.15640665082122e+03 3.01295284574480e+01 2.56546651360876e+01 1.25963859138837e+03
1.17286095574893e+03 3.13796277292360e+01 2.79000493377728e+01 1.28536320535073e+03
1.17286095574893e+03 3.13796277292360e+01 2.79000493377728e+01 1.28536320535073e+03
1.18880223614726e+03 3.28172376516392e+01 3.03924459064407e+01 1.31070986762233e+03
1.18880223614726e+03 3.28172376516392e+01 3.03924459064407e+01 1.31070986762233e+03
1.20504629529623e+03 3.44896275695137e+01 3.29568267369813e+01 1.33564348733343e+03
1.20504629529623e+03 3.44896275695137e+01 3.29568267369813e+01 1.33564348733343e+03
1.22159313319586e+03 3.63967974828593e+01 3.55931918293947e+01 1.36016406448405e+03
1.22159313319586e+03 3.63967974828593e+01 3.55931918293947e+01 1.36016406448405e+03
1.23844274984615e+03 3.85387473916762e+01 3.83015411836809e+01 1.38427159907417e+03
1.23844274984615e+03 3.85387473916762e+01 3.83015411836809e+01 1.38427159907417e+03
1.25559514524709e+03 4.09154772959643e+01 4.10818747998398e+01 1.40796609110380e+03
1.25559514524709e+03 4.09154772959643e+01 4.10818747998398e+01 1.40796609110380e+03
1.27305031939868e+03 4.35269871957235e+01 4.39341926778715e+01 1.43124754057293e+03
1.27305031939868e+03 4.35269871957235e+01 4.39341926778715e+01 1.43124754057293e+03
1.29080827230093e+03 4.63732770909540e+01 4.68584948177760e+01 1.45411594748157e+03
1.29080827230093e+03 4.63732770909540e+01 4.68584948177760e+01 1.45411594748157e+03
1.30864195977910e+03 4.94652876620996e+01 4.98620199927491e+01 1.47655415215611e+03
1.30864195977910e+03 4.94652876620996e+01 4.98620199927491e+01 1.47655415215611e+03
1.32572772400454e+03 5.28427088818692e+01 5.29710286088107e+01 1.49849990371726e+03
1.32572772400454e+03 5.28427088818692e+01 5.29710286088107e+01 1.49849990371726e+03
1.34185241966839e+03 5.63402641100133e+01 5.61348463445424e+01 1.52024396921500e+03
1.34185241966839e+03 5.63402641100133e+01 5.61348463445424e+01 1.52024396921500e+03
1.35692641332885e+03 5.98884499913101e+01 5.93321632594898e+01 1.54190862415985e+03
1.35692641332885e+03 5.98884499913101e+01 5.93321632594898e+01 1.54190862415985e+03
1.37094970498591e+03 6.34872665257598e+01 6.25629793536531e+01 1.56349386855182e+03
1.37094970498591e+03 6.34872665257598e+01 6.25629793536531e+01 1.56349386855182e+03
1.38392229463959e+03 6.71367137133622e+01 6.58272946270322e+01 1.58499970239088e+03
1.38392229463959e+03 6.71367137133622e+01 6.58272946270322e+01 1.58499970239088e+03
1.39584418228988e+03 7.08367915541174e+01 6.91251090796271e+01 1.60642612567706e+03
1.39584418228988e+03 7.08367915541174e+01 6.91251090796271e+01 1.60642612567706e+03
1.40671536793677e+03 7.45875000480254e+01 7.24564227114378e+01 1.62777313841034e+03
1.40671536793677e+03 7.45875000480254e+01 7.24564227114378e+01 1.62777313841034e+03
1.41653585158027e+03 7.83888391950861e+01 7.58212355224643e+01 1.64904074059073e+03
1.41653585158027e+03 7.83888391950861e+01 7.58212355224643e+01 1.64904074059073e+03
1.42556481292738e+03 8.23541488170200e+01 7.92882564096944e+01 1.66989676365907e+03
1.42556481292738e+03 8.23541488170200e+01 7.92882564096944e+01 1.66989676365907e+03
1.43412602875643e+03 8.65147896009386e+01 8.28758905462674e+01 1.69023439334848e+03
1.43412602875643e+03 8.65147896009386e+01 8.28758905462674e+01 1.69023439334848e+03
1.44304315689608e+03 9.08310715741334e+01 8.65578775261632e+01 1.71011588053825e+03
1.44304315689608e+03 9.08310715741334e+01 8.65578775261632e+01 1.71011588053825e+03
1.45231619734635e+03 9.53029947366042e+01 9.03342173493820e+01 1.72954122522838e+03
1.45231619734635e+03 9.53029947366042e+01 9.03342173493820e+01 1.72954122522838e+03
1.46194515010722e+03 9.99305590883511e+01 9.42049100159238e+01 1.74851042741886e+03
1.46194515010722e+03 9.99305590883511e+01 9.42049100159238e+01 1.74851042741886e+03
1.47193001517870e+03 1.04713764629374e+02 9.81699555257884e+01 1.76702348710970e+03
1.47193001517870e+03 1.04713764629374e+02 9.81699555257884e+01 1.76702348710970e+03
1.48227079256080e+03 1.09652611359673e+02 1.02229353878976e+02 1.78508040430090e+03
1.48227079256080e+03 1.09652611359673e+02 1.02229353878976e+02 1.78508040430090e+03
1.49296748225350e+03 1.14747099279248e+02 1.06383105075487e+02 1.80268117899245e+03
1.49296748225350e+03 1.14747099279248e+02 1.06383105075487e+02 1.80268117899245e+03
1.50361335309259e+03 1.20006103877764e+02 1.10670979340067e+02 1.81935313982883e+03
1.50361335309259e+03 1.20006103877764e+02 1.10670979340067e+02 1.81935313982883e+03
1.51292279542087e+03 1.25457679103945e+02 1.15218683747814e+02 1.83360225115989e+03
1.51292279542087e+03 1.25457679103945e+02 1.15218683747814e+02 1.83360225115989e+03
1.52063662953134e+03 1.30988485136072e+02 1.19957509401739e+02 1.84576068154481e+03
1.52063662953134e+03 1.30988485136072e+02 1.19957509401739e+02 1.84576068154481e+03
1.52665812282039e+03 1.36556220606587e+02 1.24861812355508e+02 1.85595240492405e+03
1.52665812282039e+03 1.36556220606587e+02 1.24861812355508e+02 1.85595240492405e+03
1.53098727528802e+03 1.42160885515492e+02 1.29931592609120e+02 1.86417742129763e+03
1.53098727528802e+03 1.42160885515492e+02 1.29931592609120e+02 1.86417742129763e+03
1.53362408693422e+03 1.47802479862786e+02 1.35166850162576e+02 1.87043573066554e+03
1.53362408693422e+03 1.47802479862786e+02 1.35166850162576e+02 1.87043573066554e+03
1.53456855775900e+03 1.53481003648469e+02 1.40567585015875e+02 1.87472733302778e+03
1.53456855775900e+03 1.53481003648469e+02 1.40567585015875e+02 1.87472733302778e+03
1.53382068776236e+03 1.59196456872541e+02 1.46133797169017e+02 1.87705222838435e+03
1.53382068776236e+03 1.59196456872541e+02 1.46133797169017e+02 1.87705222838435e+03
1.53138047694429e+03 1.64948839535003e+02 1.51865486622002e+02 1.87741041673525e+03
1.53138047694429e+03 1.64948839535003e+02 1.51865486622002e+02 1.87741041673525e+03
1.52674360681760e+03 1.70644068594547e+02 1.57781761207708e+02 1.87483780916816e+03
1.52674360681760e+03 1.70644068594547e+02 1.57781761207708e+02 1.87483780916816e+03
1.52015090127705e+03 1.76242317761803e+02 1.63849136666422e+02 1.86948991761850e+03
1.52015090127705e+03 1.76242317761803e+02 1.63849136666422e+02 1.86948991761850e+03
1.51288796997983e+03 1.81715533088047e+02 1.69941905923050e+02 1.86286077773640e+03
1.51288796997983e+03 1.81715533088047e+02 1.69941905923050e+02 1.86286077773640e+03
1.50495481292596e+03 1.87063714573278e+02 1.76060068977591e+02 1.85495038952186e+03
1.50495481292596e+03 1.87063714573278e+02 1.76060068977591e+02 1.85495038952186e+03
1.49635143011542e+03 1.92286862217496e+02 1.82203625830044e+02 1.84575875297489e+03
1.49635143011542e+03 1.92286862217496e+02 1.82203625830044e+02 1.84575875297489e+03
1.48707782154823e+03 1.97384976020702e+02 1.88372576480411e+02 1.83528586809547e+03
1.48707782154823e+03 1.97384976020702e+02 1.88372576480411e+02 1.83528586809547e+03
1.47713398722438e+03 2.02358055982895e+02 1.94566920928690e+02 1.82353173488361e+03
1.47713398722438e+03 2.02358055982895e+02 1.94566920928690e+02 1.82353173488361e+03
1.46651992714386e+03 2.07206102104075e+02 2.00786659174883e+02 1.81049635333932e+03
1.46651992714386e+03 2.07206102104075e+02 2.00786659174883e+02 1.81049635333932e+03
1.45505654004908e+03 2.11937894177021e+02 2.06905656607662e+02 1.79625741008715e+03
1.45505654004908e+03 2.11937894177021e+02 2.06905656607662e+02 1.79625741008715e+03
1.44224601280800e+03 2.16577835693923e+02 2.12573321239254e+02 1.78103083561470e+03
1.44224601280800e+03 2.16577835693923e+02 2.12573321239254e+02 1.78103083561470e+03
1.42859266390783e+03 2.21220009696087e+02 2.17770545236782e+02 1.76578071883429e+03
1.42859266390783e+03 2.21220009696087e+02 2.17770545236782e+02 1.76578071883429e+03
1.41426240061803e+03 2.25895366983220e+02 2.22491042635210e+02 1.75082421916605e+03
1.41426240061803e+03 2.25895366983220e+02 2.22491042635210e+02 1.75082421916605e+03
1.39925522293860e+03 2.30603907555321e+02 2.26734813434537e+02 1.73616133660997e+03
1.39925522293860e+03 2.30603907555321e+02 2.26734813434537e+02 1.73616133660997e+03
1.38357113086954e+03 2.35345631412390e+02 2.30501857634763e+02 1.72179207116605e+03
1.38357113086954e+03 2.35345631412390e+02 2.30501857634763e+02 1.72179207116605e+03
1.36721012441085e+03 2.40120538554427e+02 2.33792175235889e+02 1.70771642283430e+03
1.36721012441085e+03 2.40120538554427e+02 2.33792175235889e+02 1.70771642283430e+03
1.35017220356252e+03 2.44928628981433e+02 2.36605766237914e+02 1.69393439161471e+03
1.35017220356252e+03 2.44928628981433e+02 2.36605766237914e+02 1.69393439161471e+03
1.33245736832456e+03 2.49769902693408e+02 2.38942630640839e+02 1.68044597750729e+03
1.33245736832456e+03 2.49769902693408e+02 2.38942630640839e+02 1.68044597750729e+03
1.31327267123734e+03 2.54236546181327e+02 2.40844467817134e+02 1.66629826145948e+03
1.31327267123734e+03 2.54236546181327e+02 2.40844467817134e+02 1.66629826145948e+03
1.29256925424271e+03 2.58202539995059e+02 2.42449400259918e+02 1.65113960833662e+03
1.29256925424271e+03 2.58202539995059e+02 2.42449400259918e+02 1.65113960833662e+03
1.27084493047271e+03 2.61643480642414e+02 2.44108019956967e+02 1.63475408765109e+03
1.27084493047271e+03 2.61643480642414e+02 2.44108019956967e+02 1.63475408765109e+03
1.24809969992733e+03 2.64559368123391e+02 2.45820326908281e+02 1.61714169940288e+03
1.24809969992733e+03 2.64559368123391e+02 2.45820326908281e+02 1.61714169940288e+03
1.22433356260656e+03 2.66950202437990e+02 2.47586321113859e+02 1.59830244359201e+03
1.22433356260656e+03 2.66950202437990e+02 2.47586321113859e+02 1.59830244359201e+03
1.19954651851042e+03 2.68815983586212e+02 2.49406002573701e+02 1.57823632021848e+03
1.19954651851042e+03 2.68815983586212e+02 2.49406002573701e+02 1.57823632021848e+03
1.17373856763889e+03 2.70156711568056e+02 2.51279371287808e+02 1.55694332928227e+03
1.17373856763889e+03 2.70156711568056e+02 2.51279371287808e+02 1.55694332928227e+03
1.14690970999199e+03 2.70972386383522e+02 2.53206427256179e+02 1.53442347078340e+03
1.14690970999199e+03 2.70972386383522e+02 2.53206427256179e+02 1.53442347078340e+03
1.11914953602930e+03 2.71229479631207e+02 2.55005218493359e+02 1.51044901689073e+03
1.11914953602930e+03 2.71229479631207e+02 2.55005218493359e+02 1.51044901689073e+03
1.09067863594905e+03 2.70845437468380e+02 2.56227741665964e+02 1.48445925469314e+03
1.09067863594905e+03 2.70845437468380e+02 2.56227741665964e+02 1.48445925469314e+03
1.06228995721088e+03 2.70228073404063e+02 2.56832297401526e+02 1.45740710324317e+03
1.06228995721088e+03 2.70228073404063e+02 2.56832297401526e+02 1.45740710324317e+03
1.03421145913052e+03 2.69494627095611e+02 2.56806897818248e+02 1.42956651105095e+03
1.03421145913052e+03 2.69494627095611e+02 2.56806897818248e+02 1.42956651105095e+03
1.00644314170798e+03 2.68645098543025e+02 2.56151542916133e+02 1.40093747811649e+03
1.00644314170798e+03 2.68645098543025e+02 2.56151542916133e+02 1.40093747811649e+03
9.78985004943262e+02 2.67679487746304e+02 2.54866232695179e+02 1.37152000443977e+03
9.78985004943262e+02 2.67679487746304e+02 2.54866232695179e+02 1.37152000443977e+03
9.51837048836361e+02 2.66597794705448e+02 2.52950967155386e+02 1.34131409002080e+03
9.51837048836361e+02 2.66597794705448e+02 2.52950967155386e+02 1.34131409002080e+03
9.24999273387278e+02 2.65400019420457e+02 2.50405746296755e+02 1.31031973485959e+03
9.24999273387278e+02 2.65400019420457e+02 2.50405746296755e+02 1.31031973485959e+03
8.98471678596014e+02 2.64086161891331e+02 2.47230570119286e+02 1.27853693895612e+03
8.98471678596014e+02 2.64086161891331e+02 2.47230570119286e+02 1.27853693895612e+03
8.72029312295053e+02 2.62325487988427e+02 2.43478276938352e+02 1.24578771966862e+03
8.72029312295053e+02 2.62325487988427e+02 2.43478276938352e+02 1.24578771966862e+03
8.45526682074272e+02 2.60069336716367e+02 2.39343949374799e+02 1.21225557508399e+03
8.45526682074272e+02 2.60069336716367e+02 2.39343949374799e+02 1.21225557508399e+03
8.18743197735449e+02 2.57400261917883e+02 2.35275590762010e+02 1.17850121811334e+03
8.18743197735449e+02 2.57400261917883e+02 2.35275590762010e+02 1.17850121811334e+03
7.91678859278584e+02 2.54318263592974e+02 2.31273201099986e+02 1.14452464875666e+03
7.91678859278584e+02 2.54318263592974e+02 2.31273201099986e+02 1.14452464875666e+03
7.64333666703677e+02 2.50823341741641e+02 2.27336780388725e+02 1.11032586701398e+03
7.64333666703677e+02 2.50823341741641e+02 2.27336780388725e+02 1.11032586701398e+03
7.36707620010728e+02 2.46915496363883e+02 2.23466328628228e+02 1.07590487288527e+03
7.36707620010728e+02 2.46915496363883e+02 2.23466328628228e+02 1.07590487288527e+03
7.08800719199738e+02 2.42594727459700e+02 2.19661845818496e+02 1.04126166637054e+03
7.08800719199738e+02 2.42594727459700e+02 2.19661845818496e+02 1.04126166637054e+03
6.80612964270706e+02 2.37861035029093e+02 2.15923331959527e+02 1.00639624746980e+03
6.80612964270706e+02 2.37861035029093e+02 2.15923331959527e+02 1.00639624746980e+03
6.52311000268144e+02 2.32635352039891e+02 2.12191298419513e+02 9.71425130640771e+02
6.52311000268144e+02 2.32635352039891e+02 2.12191298419513e+02 9.71425130640771e+02
6.24260455798820e+02 2.26744200973462e+02 2.08335223792129e+02 9.36603955161380e+02
6.24260455798820e+02 2.26744200973462e+02 2.08335223792129e+02 9.36603955161380e+02
5.96686283030250e+02 2.20518315959450e+02 2.04302269762000e+02 9.02110703673407e+02
5.96686283030250e+02 2.20518315959450e+02 2.04302269762000e+02 9.02110703673407e+02
5.69644383912960e+02 2.14039886394637e+02 2.00079305693735e+02 8.67989605921091e+02
5.69644383912960e+02 2.14039886394637e+02 2.00079305693735e+02 8.67989605921091e+02
5.43134758446951e+02 2.07308912279022e+02 1.95666331587336e+02 8.34240661904431e+02
5.43134758446951e+02 2.07308912279022e+02 1.95666331587336e+02 8.34240661904431e+02
5.17157406632222e+02 2.00325393612604e+02 1.91063347442802e+02 8.00863871623428e+02
5.17157406632222e+02 2.00325393612604e+02 1.91063347442802e+02 8.00863871623428e+02
4.91712328468773e+02 1.93089330395385e+02 1.86270353260133e+02 7.67859235078082e+02
4.91712328468773e+02 1.93089330395385e+02 1.86270353260133e+02 7.67859235078082e+02
4.66799523956604e+02 1.85600722627365e+02 1.81287349039330e+02 7.35226752268393e+02
4.66799523956604e+02 1.85600722627365e+02 1.81287349039330e+02 7.35226752268393e+02
4.42418993095716e+02 1.77859570308542e+02 1.76114334780391e+02 7.02966423194360e+02
4.42418993095716e+02 1.77859570308542e+02 1.76114334780391e+02 7.02966423194360e+02
4.19161132766989e+02 1.69956837143224e+02 1.70661663223298e+02 6.71561477945444e+02
4.19161132766989e+02 1.69956837143224e+02 1.70661663223298e+02 6.71561477945444e+02
3.96984355239634e+02 1.61990858010137e+02 1.64969834001302e+02 6.40997759408361e+02
3.96984355239634e+02 1.61990858010137e+02 1.64969834001302e+02 6.40997759408361e+02
3.75523031906885e+02 1.54135110427911e+02 1.59169368520728e+02 6.11019628305186e+02
3.75523031906885e+02 1.54135110427911e+02 1.59169368520728e+02 6.11019628305186e+02
3.54777162768739e+02 1.46389594396547e+02 1.53260266781575e+02 5.81627084635920e+02
3.54777162768739e+02 1.46389594396547e+02 1.53260266781575e+02 5.81627084635920e+02
3.34746747825198e+02 1.38754309916043e+02 1.47242528783844e+02 5.52820128400562e+02
3.34746747825198e+02 1.38754309916043e+02 1.47242528783844e+02 5.52820128400562e+02
3.15431787076262e+02 1.31229256986401e+02 1.41116154527536e+02 5.24598759599113e+02
3.15431787076262e+02 1.31229256986401e+02 1.41116154527536e+02 5.24598759599113e+02
2.96832280521930e+02 1.23814435607620e+02 1.34881144012649e+02 4.96962978231572e+02
2.96832280521930e+02 1.23814435607620e+02 1.34881144012649e+02 4.96962978231572e+02
2.78948228162202e+02 1.16509845779701e+02 1.28537497239184e+02 4.69912784297940e+02
2.78948228162202e+02 1.16509845779701e+02 1.28537497239184e+02 4.69912784297940e+02
2.61871495948068e+02 1.09399281495675e+02 1.22142038157375e+02 4.43606024548015e+02
2.61871495948068e+02 1.09399281495675e+02 1.22142038157375e+02 4.43606024548015e+02
2.45782550608602e+02 1.02647352468668e+02 1.15806394985522e+02 4.18352782166304e+02
2.45782550608602e+02 1.02647352468668e+02 1.15806394985522e+02 4.18352782166304e+02
2.30090995262920e+02 9.61630949943735e+01 1.09620214983646e+02 3.93669827063348e+02
2.30090995262920e+02 9.61630949943735e+01 1.09620214983646e+02 3.93669827063348e+02
2.14671772597301e+02 8.99272412262369e+01 1.03602487150305e+02 3.69454801894699e+02
2.14671772597301e+02 8.99272412262369e+01 1.03602487150305e+02 3.69454801894699e+02
1.99524882611744e+02 8.39397911642581e+01 9.77532114854996e+01 3.45707706660356e+02
1.99524882611744e+02 8.39397911642581e+01 9.77532114854996e+01 3.45707706660356e+02
1.84650325306249e+02 7.82007448084372e+01 9.20723879892294e+01 3.22428541360318e+02
1.84650325306249e+02 7.82007448084372e+01 9.20723879892294e+01 3.22428541360318e+02
1.70048100680816e+02 7.27101021587741e+01 8.65600166614946e+01 2.99617305994587e+02
1.70048100680816e+02 7.27101021587741e+01 8.65600166614946e+01 2.99617305994587e+02
1.55718208735446e+02 6.74678632152690e+01 8.12160975022951e+01 2.77274000563163e+02
1.55718208735446e+02 6.74678632152690e+01 8.12160975022951e+01 2.77274000563163e+02
1.41660649470138e+02 6.24740279779217e+01 7.60406305116310e+01 2.55398625066044e+02
1.41660649470138e+02 6.24740279779217e+01 7.60406305116310e+01 2.55398625066044e+02
1.28643116697329e+02 5.79021257390906e+01 7.11305696551096e+01 2.35017547144049e+02
1.28643116697329e+02 5.79021257390906e+01 7.11305696551096e+01 2.35017547144049e+02
1.16709800303734e+02 5.36991165288384e+01 6.64462738134587e+01 2.16154819792955e+02
1.16709800303734e+02 5.36991165288384e+01 6.64462738134587e+01 2.16154819792955e+02
1.05680233560279e+02 4.97003906340398e+01 6.18761147683766e+01 1.98500359828254e+02
1.05680233560279e+02 4.97003906340398e+01 6.18761147683766e+01 1.98500359828254e+02
9.55544164669647e+01 4.59059480546947e+01 5.74200925198634e+01 1.82054167249945e+02
9.55544164669647e+01 4.59059480546947e+01 5.74200925198634e+01 1.82054167249945e+02
8.63323490237911e+01 4.23157887908032e+01 5.30782070679190e+01 1.66816242058030e+02
8.63323490237911e+01 4.23157887908032e+01 5.30782070679190e+01 1.66816242058030e+02
7.80140312307580e+01 3.89299128423651e+01 4.88504584125433e+01 1.52786584252508e+02
7.80140312307580e+01 3.89299128423651e+01 4.88504584125433e+01 1.52786584252508e+02
7.05994630878656e+01 3.57483202093807e+01 4.47368465537365e+01 1.39965193833379e+02
7.05994630878656e+01 3.57483202093807e+01 4.47368465537365e+01 1.39965193833379e+02
6.40886445951138e+01 3.27710108918497e+01 4.07373714914985e+01 1.28352070800644e+02
6.40886445951138e+01 3.27710108918497e+01 4.07373714914985e+01 1.28352070800644e+02
5.85319083404253e+01 3.00300970465114e+01 3.69317113196220e+01 1.18051349670591e+02
5.85319083404253e+01 3.00300970465114e+01 3.69317113196220e+01 1.18051349670591e+02
5.40181242149557e+01 2.75822776032626e+01 3.34605499134068e+01 1.09246895877330e+02
5.40181242149557e+01 2.75822776032626e+01 3.34605499134068e+01 1.09246895877330e+02
4.97795984062669e+01 2.52540232697451e+01 3.02269333072456e+01 1.00912341780044e+02
4.97795984062669e+01 2.52540232697451e+01 3.02269333072456e+01 1.00912341780044e+02
4.56802750766563e+01 2.30145800228637e+01 2.72136786701770e+01 9.28657876331559e+01
4.56802750766563e+01 2.30145800228637e+01 2.72136786701770e+01 9.28657876331559e+01
4.17201542261240e+01 2.08639478626184e+01 2.44207860022009e+01 8.51072334366672e+01
4.17201542261240e+01 2.08639478626184e+01 2.44207860022009e+01 8.51072334366672e+01
3.78992358546698e+01 1.88021267890091e+01 2.18482553033173e+01 7.76366791905774e+01
3.78992358546698e+01 1.88021267890091e+01 2.18482553033173e+01 7.76366791905774e+01
3.42175199622939e+01 1.68291168020359e+01 1.94960865735263e+01 7.04541248948865e+01
3.42175199622939e+01 1.68291168020359e+01 1.94960865735263e+01 7.04541248948865e+01
3.06750065489962e+01 1.49449179016987e+01 1.73642798128278e+01 6.35595705495945e+01
3.06750065489962e+01 1.49449179016987e+01 1.73642798128278e+01 6.35595705495945e+01
2.72716956147767e+01 1.31495300879977e+01 1.54528350212218e+01 5.69530161547014e+01
2.72716956147767e+01 1.31495300879977e+01 1.54528350212218e+01 5.69530161547014e+01
2.41907473099357e+01 1.15477163600488e+01 1.38298780567745e+01 5.09243319703047e+01
2.41907473099357e+01 1.15477163600488e+01 1.38298780567745e+01 5.09243319703047e+01
2.14083056617812e+01 1.01225085190836e+01 1.24255787218013e+01 4.54112855168338e+01
2.14083056617812e+01 1.01225085190836e+01 1.24255787218013e+01 4.54112855168338e+01
1.88355007791576e+01 8.81720763520491e+00 1.10992531410021e+01 4.02300113601798e+01
1.88355007791576e+01 8.81720763520491e+00 1.10992531410021e+01 4.02300113601798e+01
1.64723326620649e+01 7.63181370841281e+00 9.85090131437713e+00 3.53805095003428e+01
1.64723326620649e+01 7.63181370841281e+00 9.85090131437713e+00 3.53805095003428e+01
1.43188013105031e+01 6.56632673870728e+00 8.68052324192625e+00 3.08627799373226e+01
1.43188013105031e+01 6.56632673870728e+00 8.68052324192625e+00 3.08627799373226e+01
1.23749067244722e+01 5.62074672608831e+00 7.58811892364949e+00 2.66768226711194e+01
1.23749067244722e+01 5.62074672608831e+00 7.58811892364949e+00 2.66768226711194e+01
1.06406489039722e+01 4.79507367055591e+00 6.57368835954686e+00 2.28226377017331e+01
1.06406489039722e+01 4.79507367055591e+00 6.57368835954686e+00 2.28226377017331e+01
9.11602784900315e+00 4.08930757211008e+00 5.63723154961836e+00 1.93002250291637e+01
9.11602784900315e+00 4.08930757211008e+00 5.63723154961836e+00 1.93002250291637e+01
7.82877538618984e+00 3.51466824430000e+00 4.80256111418380e+00 1.61990073165073e+01
7.82877538618984e+00 3.51466824430000e+00 4.80256111418380e+00 1.61990073165073e+01
6.82303608690442e+00 3.08901581104411e+00 4.10758288366275e+00 1.36613309438537e+01
6.82303608690442e+00 3.08901581104411e+00 4.10758288366275e+00 1.36613309438537e+01
5.91564980084664e+00 2.70758727322627e+00 3.48417099998904e+00 1.13973256511055e+01
5.91564980084664e+00 2.70758727322627e+00 3.48417099998904e+00 1.13973256511055e+01
5.08013991278583e+00 2.35523867287605e+00 2.92247756705471e+00 9.36508940154332e+00
5.08013991278583e+00 2.35523867287605e+00 2.92247756705471e+00 9.36508940154332e+00
4.31650642272201e+00 2.03197000999345e+00 2.42250258485976e+00 7.56462219516711e+00
4.31650642272201e+00 2.03197000999345e+00 2.42250258485976e+00 7.56462219516711e+00
3.62474933065518e+00 1.73778128457847e+00 1.98424605340420e+00 5.99592403197689e+00
3.62474933065518e+00 1.73778128457847e+00 1.98424605340420e+00 5.99592403197689e+00
3.00486863658533e+00 1.47267249663111e+00 1.60770797268802e+00 4.65899491197265e+00
3.00486863658533e+00 1.47267249663111e+00 1.60770797268802e+00 4.65899491197265e+00
2.45686434051247e+00 1.23664364615138e+00 1.29288834271122e+00 3.55383483515440e+00
2.45686434051247e+00 1.23664364615138e+00 1.29288834271122e+00 3.55383483515440e+00
1.98073644243659e+00 1.02969473313926e+00 1.03978716347380e+00 2.68044380152214e+00
1.98073644243659e+00 1.02969473313926e+00 1.03978716347380e+00 2.68044380152214e+00
1.60238525279359e+00 8.59847997077930e-01 8.55376940404616e-01 2.07811618359524e+00
1.60238525279359e+00 8.59847997077930e-01 8.55376940404616e-01 2.07811618359524e+00
1.29702243180886e+00 7.16795326094001e-01 7.16637455965803e-01 1.66189499713841e+00
1.29702243180886e+00 7.16795326094001e-01 7.16637455965803e-01 1.66189499713841e+00
1.02050340811027e+00 5.82676596269042e-01 5.85662879737799e-01 1.28943386206167e+00
1.02050340811027e+00 5.82676596269042e-01 5.85662879737799e-01 1.28943386206167e+00
7.72828181697814e-01 4.57491807603050e-01 4.62453211720605e-01 9.60732778365007e-01
7.72828181697814e-01 4.57491807603050e-01 4.62453211720605e-01 9.60732778365007e-01
6.51817812060303e-01 3.95775110302397e-01 4.01609487165902e-01 8.00671558155011e-01
6.51817812060303e-01 3.95775110302397e-01 4.01609487165902e-01 8.00671558155011e-01
4.09797072785283e-01 2.72341715701093e-01 2.79922038056497e-01 4.80549117735018e-01
4.09797072785283e-01 2.72341715701093e-01 2.79922038056497e-01 4.80549117735018e-01
1.67776333510263e-01 1.48908321099790e-01 1.58234588947092e-01 1.60426677315026e-01
1.67776333510263e-01 1.48908321099790e-01 1.58234588947092e-01 1.60426677315026e-01
0.00000000000000e+00 2.54749264984858e-02 3.65471398376864e-02 0.00000000000000e+00
0.00000000000000e+00 2.54749264984858e-02 3.65471398376864e-02 0.00000000000000e+00
0.00000000000000e+00 0.00000000000000e+00 0.00000000000000e+00 0.00000000000000e+00
0.00000000000000e+00 0.00000000000000e+00 0.00000000000000e+00 0.00000000000000e+00
---