PdfType: central
Format: lhagrid1
---
0.0001  0.00010429532461863897  0.0001087751473730729  0.00011344739305714942  0.00011832032686033726  0.00012340256898882342  0.00012870310991463342  0.00013423132627975076  0.00013999699748337048  0.00014601032298162906  0.0001522819403304134  0.0001588229440031669  0.0001656449050169821  0.00017275989140169766  0.0001801804895482089  0.0001879198264737575  0.00019599159304358843  0.00020441006819005238  0.0002131901441719966  0.00022234735291912848  0.00023189789350795586  0.00024185866081790827  0.00025224727541833065  0.0002630821147392205  0.0002743823455808502  0.0002861679580197835  0.000298459800771264  0.0003112796180705332  0.00032465008813832217  0.0003385948632985606  0.000353138611819271  0.00036830706155066437  0.0003841270454376358  0.00040062654898716905  0.00041783475977461904  0.00043578211907644967  0.00045450037572076693  0.0004740226422509076  0.0004943834535014343  0.0005156188276901594  0.0005377663301342724  0.0005608651397032811  0.0005849561181263205  0.0006100818822764358  0.0006362868795597115  0.0006636174665426095  0.0006921219909566031  0.000721850877225177  0.0007528567156644912  0.0007851943555155049  0.0008189210019721267  0.0008540963173770411  0.000890782526764226  0.000929044527934864  0.0009689500062613694  0.0010105695544226187  0.0010539767972822035  0.0010992485221306084  0.0011464648145217105  0.0011957091999438964  0.0012470687915764175  0.0013006344443923627  0.0013565009158808474  0.0014147670336727418  0.0014755358703664753  0.0015389149258631751  0.0016050163175336874  0.001673956978553886  0.001745858864759136  0.0018208491703838258  0.0018990605530676075  0.001980631368526384  0.0020657059153031832  0.002154434690031882  0.002246974653665322  0.0023434895091387887  0.0024441499909600485  0.002549134167238217  0.0026586277546857403  0.002772824447150728  0.002891926258260833  0.003016143878784795  0.0031456970493438136  0.003280814949132081  0.0034217366013341386  0.0035687112959562244  0.0037219990308195853  0.0038818709714958863  0.004048609930998349  0.004222510870077183  0.004403881419004318  0.0045930424217704826  0.0047903285036573215  0.0049960886631885935  0.005210686889507569  0.005434502806272785  0.0056679323432112455  0.005911388436516999  0.006165301759334096  0.0064301214836161615  0.006706316074710319  0.006994374120071094  0.007294805193570227  0.00760814075693141  0.007934935099884589  0.008275766320702958  0.008631237348857151  0.009001977011595783  0.009388641146339076  0.009791913760853446  0.01021250824325929  0.01065116862401255  0.01110867089209251  0.01158582436772414  0.01208347313406328  0.012602497530377338  0.013143815709363004  0.013708385261355807  0.014297204908304714  0.014911316270508398  0.015551805709238663  0.01621980624851049  0.01691649957939832  0.01764311815044419  0.01840094734785578  0.01919132776935102  0.02001565759567167  0.020875395063961057  0.021772061047381518  0.0227072417455348  0.023682591490444646  0.024699835673065437  0.025760773795493984  0.02686728265428373  0.028021319660492525  0.02922492630233721  0.030480231756580593  0.03178945665503921  0.0331549170128747  0.034579028325618065  0.03606430984217448  0.03761338902136763  0.03922900617990692  0.0409140193399999  0.042671409285185626  0.044504284833332394  0.046415888336127774  0.04840960141478949  0.05048895094214394  0.05265761528165439  0.05491943079443554  0.05727839862576538  0.05973869178310004  0.06230466251811238  0.06498085002581286  0.06777198847437253  0.07068301537985341  0.07371908034066062  0.07688555414716733  0.08018803828262767  0.08363237483218501  0.08722465681750427  0.09097123897530998  0.09487874899889745  0.09895409926250376  0.10320449904927852  0.1076374673044853  0.11226084593649444  0.11708281368909704  0.12211190060968001  0.12735700313885567  0.13282739984823985  0.1385327678542193  0.14448319993674355  0.150689222393424  0.15716181366052454  0.16391242373378453  0.1709529944234296  0.17829598047919984  0.18595437162276682  0.1939417155265149  0.20227214177933603  0.21096038688183238  0.22002182031514395  0.2294724717295179  0.2393290593007152  0.24960901930441615  0.26033053696094227  0.2715125786048606  0.28317492523637666  0.2953382075138675  0.308023942249458  0.32125457047220124  0.33505349712619653  0.3494451324738692  0.3644549352776552  0.38010945783648104  0.3964363929567065  0.41346462294062064  0.4312242706791523  0.44974675293918026  0.4690648359397062  0.48921269331520334  0.5102259665686786  0.5321418281213915  0.5549990470707652  0.578838057772808  0.6037010313703756  0.6296319503938047  0.6566766865658864  0.6848830819488142  0.7143010335766556  0.7449825817230663  0.7769820019603892  0.8103559011729886  0.8451633176946665  0.8814658257473112  0.9193276443655247  0.9588157509999117  1.0  
0.1e+001 0.1e+007
-14 -12 12 14
1.38854447118456e+01 0.00000000000000e+00 0.00000000000000e+00 4.00758675566416e+01
1.38854447118456e+01 0.00000000000000e+00 0.00000000000000e+00 4.00758675566416e+01
1.40625213214301e+01 0.00000000000000e+00 0.00000000000000e+00 4.00438256012322e+01
1.40625213214301e+01 0.00000000000000e+00 0.00000000000000e+00 4.00438256012322e+01
1.42395979310146e+01 0.00000000000000e+00 0.00000000000000e+00 4.00117836458227e+01
1.42395979310146e+01 0.00000000000000e+00 0.00000000000000e+00 4.00117836458227e+01
1.44166745405990e+01 0.00000000000000e+00 0.00000000000000e+00 3.99797416904133e+01
1.44166745405990e+01 0.00000000000000e+00 0.00000000000000e+00 3.99797416904133e+01
1.45937511501835e+01 0.00000000000000e+00 0.00000000000000e+00 3.99476997350039e+01
1.45937511501835e+01 0.00000000000000e+00 0.00000000000000e+00 3.99476997350039e+01
1.48604820926560e+01 0.00000000000000e+00 0.00000000000000e+00 3.98996496192947e+01
1.48604820926560e+01 0.00000000000000e+00 0.00000000000000e+00 3.98996496192947e+01
1.50408373778049e+01 0.00000000000000e+00 0.00000000000000e+00 3.98676461718125e+01
1.50408373778049e+01 0.00000000000000e+00 0.00000000000000e+00 3.98676461718125e+01
1.52233815575454e+01 0.00000000000000e+00 0.00000000000000e+00 3.98356683942462e+01
1.52233815575454e+01 0.00000000000000e+00 0.00000000000000e+00 3.98356683942462e+01
1.54081411975505e+01 0.00000000000000e+00 0.00000000000000e+00 3.98037162660061e+01
1.54081411975505e+01 0.00000000000000e+00 0.00000000000000e+00 3.98037162660061e+01
1.55951431859094e+01 0.00000000000000e+00 0.00000000000000e+00 3.97717897665187e+01
1.55951431859094e+01 0.00000000000000e+00 0.00000000000000e+00 3.97717897665187e+01
1.57844147370404e+01 0.00000000000000e+00 0.00000000000000e+00 3.97398888752274e+01
1.57844147370404e+01 0.00000000000000e+00 0.00000000000000e+00 3.97398888752274e+01
1.59759833956517e+01 0.00000000000000e+00 0.00000000000000e+00 3.97080135715919e+01
1.59759833956517e+01 0.00000000000000e+00 0.00000000000000e+00 3.97080135715919e+01
1.61698770407496e+01 0.00000000000000e+00 0.00000000000000e+00 3.96761638350883e+01
1.61698770407496e+01 0.00000000000000e+00 0.00000000000000e+00 3.96761638350883e+01
1.63661238896959e+01 0.00000000000000e+00 0.00000000000000e+00 3.96443396452093e+01
1.63661238896959e+01 0.00000000000000e+00 0.00000000000000e+00 3.96443396452093e+01
1.65647525023145e+01 0.00000000000000e+00 0.00000000000000e+00 3.96125409814639e+01
1.65647525023145e+01 0.00000000000000e+00 0.00000000000000e+00 3.96125409814639e+01
1.67657917850476e+01 0.00000000000000e+00 0.00000000000000e+00 3.95807678233777e+01
1.67657917850476e+01 0.00000000000000e+00 0.00000000000000e+00 3.95807678233777e+01
1.69692709951624e+01 0.00000000000000e+00 0.00000000000000e+00 3.95490201504927e+01
1.69692709951624e+01 0.00000000000000e+00 0.00000000000000e+00 3.95490201504927e+01
1.71752197450091e+01 0.00000000000000e+00 0.00000000000000e+00 3.95172979423672e+01
1.71752197450091e+01 0.00000000000000e+00 0.00000000000000e+00 3.95172979423672e+01
1.73836680063301e+01 0.00000000000000e+00 0.00000000000000e+00 3.94856011785759e+01
1.73836680063301e+01 0.00000000000000e+00 0.00000000000000e+00 3.94856011785759e+01
1.75946461146220e+01 0.00000000000000e+00 0.00000000000000e+00 3.94539298387100e+01
1.75946461146220e+01 0.00000000000000e+00 0.00000000000000e+00 3.94539298387100e+01
1.78081847735505e+01 0.00000000000000e+00 0.00000000000000e+00 3.94222839023771e+01
1.78081847735505e+01 0.00000000000000e+00 0.00000000000000e+00 3.94222839023771e+01
1.80243150594182e+01 0.00000000000000e+00 0.00000000000000e+00 3.93906633492009e+01
1.80243150594182e+01 0.00000000000000e+00 0.00000000000000e+00 3.93906633492009e+01
1.82430684256876e+01 0.00000000000000e+00 0.00000000000000e+00 3.93590681588217e+01
1.82430684256876e+01 0.00000000000000e+00 0.00000000000000e+00 3.93590681588217e+01
1.84644767075583e+01 0.00000000000000e+00 0.00000000000000e+00 3.93274983108960e+01
1.84644767075583e+01 0.00000000000000e+00 0.00000000000000e+00 3.93274983108960e+01
1.86885721266001e+01 0.00000000000000e+00 0.00000000000000e+00 3.92959537850967e+01
1.86885721266001e+01 0.00000000000000e+00 0.00000000000000e+00 3.92959537850967e+01
1.89153872954420e+01 0.00000000000000e+00 0.00000000000000e+00 3.92644345611129e+01
1.89153872954420e+01 0.00000000000000e+00 0.00000000000000e+00 3.92644345611129e+01
1.91449552225187e+01 0.00000000000000e+00 0.00000000000000e+00 3.92329406186502e+01
1.91449552225187e+01 0.00000000000000e+00 0.00000000000000e+00 3.92329406186502e+01
1.93773093168739e+01 0.00000000000000e+00 0.00000000000000e+00 3.92014719374301e+01
1.93773093168739e+01 0.00000000000000e+00 0.00000000000000e+00 3.92014719374301e+01
1.96124833930224e+01 0.00000000000000e+00 0.00000000000000e+00 3.91700284971908e+01
1.96124833930224e+01 0.00000000000000e+00 0.00000000000000e+00 3.91700284971908e+01
1.98505116758716e+01 0.00000000000000e+00 0.00000000000000e+00 3.91386102776864e+01
1.98505116758716e+01 0.00000000000000e+00 0.00000000000000e+00 3.91386102776864e+01
2.00914288057017e+01 0.00000000000000e+00 0.00000000000000e+00 3.91072172586875e+01
2.00914288057017e+01 0.00000000000000e+00 0.00000000000000e+00 3.91072172586875e+01
2.03352698432069e+01 0.00000000000000e+00 0.00000000000000e+00 3.90758494199808e+01
2.03352698432069e+01 0.00000000000000e+00 0.00000000000000e+00 3.90758494199808e+01
2.05820702745982e+01 0.00000000000000e+00 0.00000000000000e+00 3.90445067413692e+01
2.05820702745982e+01 0.00000000000000e+00 0.00000000000000e+00 3.90445067413692e+01
2.08318660167676e+01 0.00000000000000e+00 0.00000000000000e+00 3.90131892026718e+01
2.08318660167676e+01 0.00000000000000e+00 0.00000000000000e+00 3.90131892026718e+01
2.10846934225147e+01 0.00000000000000e+00 0.00000000000000e+00 3.89818967837239e+01
2.10846934225147e+01 0.00000000000000e+00 0.00000000000000e+00 3.89818967837239e+01
2.13405892858376e+01 0.00000000000000e+00 0.00000000000000e+00 3.89506294643770e+01
2.13405892858376e+01 0.00000000000000e+00 0.00000000000000e+00 3.89506294643770e+01
2.15995908472872e+01 0.00000000000000e+00 0.00000000000000e+00 3.89193872244988e+01
2.15995908472872e+01 0.00000000000000e+00 0.00000000000000e+00 3.89193872244988e+01
2.18617357993872e+01 0.00000000000000e+00 0.00000000000000e+00 3.88881700439731e+01
2.18617357993872e+01 0.00000000000000e+00 0.00000000000000e+00 3.88881700439731e+01
2.21270622921190e+01 0.00000000000000e+00 0.00000000000000e+00 3.88569779026998e+01
2.21270622921190e+01 0.00000000000000e+00 0.00000000000000e+00 3.88569779026998e+01
2.23956089384740e+01 0.00000000000000e+00 0.00000000000000e+00 3.88258107805949e+01
2.23956089384740e+01 0.00000000000000e+00 0.00000000000000e+00 3.88258107805949e+01
2.26674148200731e+01 0.00000000000000e+00 0.00000000000000e+00 3.87946686575906e+01
2.26674148200731e+01 0.00000000000000e+00 0.00000000000000e+00 3.87946686575906e+01
2.29425194928537e+01 0.00000000000000e+00 0.00000000000000e+00 3.87635515136353e+01
2.29425194928537e+01 0.00000000000000e+00 0.00000000000000e+00 3.87635515136353e+01
2.32209629928269e+01 0.00000000000000e+00 0.00000000000000e+00 3.87324593286931e+01
2.32209629928269e+01 0.00000000000000e+00 0.00000000000000e+00 3.87324593286931e+01
2.35027858419034e+01 0.00000000000000e+00 0.00000000000000e+00 3.87013920827446e+01
2.35027858419034e+01 0.00000000000000e+00 0.00000000000000e+00 3.87013920827446e+01
2.37880290537911e+01 0.00000000000000e+00 0.00000000000000e+00 3.86703497557862e+01
2.37880290537911e+01 0.00000000000000e+00 0.00000000000000e+00 3.86703497557862e+01
2.40767341399637e+01 0.00000000000000e+00 0.00000000000000e+00 3.86393323278304e+01
2.40767341399637e+01 0.00000000000000e+00 0.00000000000000e+00 3.86393323278304e+01
2.43689431157016e+01 0.00000000000000e+00 0.00000000000000e+00 3.86083397789058e+01
2.43689431157016e+01 0.00000000000000e+00 0.00000000000000e+00 3.86083397789058e+01
2.46646985062069e+01 0.00000000000000e+00 0.00000000000000e+00 3.85773720890569e+01
2.46646985062069e+01 0.00000000000000e+00 0.00000000000000e+00 3.85773720890569e+01
2.49640433527914e+01 0.00000000000000e+00 0.00000000000000e+00 3.85464292383444e+01
2.49640433527914e+01 0.00000000000000e+00 0.00000000000000e+00 3.85464292383444e+01
2.52670212191411e+01 0.00000000000000e+00 0.00000000000000e+00 3.85155112068447e+01
2.52670212191411e+01 0.00000000000000e+00 0.00000000000000e+00 3.85155112068447e+01
2.55736761976558e+01 0.00000000000000e+00 0.00000000000000e+00 3.84846179746504e+01
2.55736761976558e+01 0.00000000000000e+00 0.00000000000000e+00 3.84846179746504e+01
2.58840529158656e+01 0.00000000000000e+00 0.00000000000000e+00 3.84537495218701e+01
2.58840529158656e+01 0.00000000000000e+00 0.00000000000000e+00 3.84537495218701e+01
2.61981965429257e+01 0.00000000000000e+00 0.00000000000000e+00 3.84229058286282e+01
2.61981965429257e+01 0.00000000000000e+00 0.00000000000000e+00 3.84229058286282e+01
2.65161527961903e+01 0.00000000000000e+00 0.00000000000000e+00 3.83920868750651e+01
2.65161527961903e+01 0.00000000000000e+00 0.00000000000000e+00 3.83920868750651e+01
2.68379679478651e+01 0.00000000000000e+00 0.00000000000000e+00 3.83612926413372e+01
2.68379679478651e+01 0.00000000000000e+00 0.00000000000000e+00 3.83612926413372e+01
2.71636888317418e+01 0.00000000000000e+00 0.00000000000000e+00 3.83305231076168e+01
2.71636888317418e+01 0.00000000000000e+00 0.00000000000000e+00 3.83305231076168e+01
2.74933628500137e+01 0.00000000000000e+00 0.00000000000000e+00 3.82997782540919e+01
2.74933628500137e+01 0.00000000000000e+00 0.00000000000000e+00 3.82997782540919e+01
2.78270379801743e+01 0.00000000000000e+00 0.00000000000000e+00 3.82690580609666e+01
2.78270379801743e+01 0.00000000000000e+00 0.00000000000000e+00 3.82690580609666e+01
2.81647627819991e+01 0.00000000000000e+00 0.00000000000000e+00 3.82383625084609e+01
2.81647627819991e+01 0.00000000000000e+00 0.00000000000000e+00 3.82383625084609e+01
2.85065864046128e+01 0.00000000000000e+00 0.00000000000000e+00 3.82076915768106e+01
2.85065864046128e+01 0.00000000000000e+00 0.00000000000000e+00 3.82076915768106e+01
2.88525585936420e+01 0.00000000000000e+00 0.00000000000000e+00 3.81770452462673e+01
2.88525585936420e+01 0.00000000000000e+00 0.00000000000000e+00 3.81770452462673e+01
2.92027296984545e+01 0.00000000000000e+00 0.00000000000000e+00 3.81464234970985e+01
2.92027296984545e+01 0.00000000000000e+00 0.00000000000000e+00 3.81464234970985e+01
2.95571506794866e+01 0.00000000000000e+00 0.00000000000000e+00 3.81158263095876e+01
2.95571506794866e+01 0.00000000000000e+00 0.00000000000000e+00 3.81158263095876e+01
2.99168243048305e+01 0.00000000000000e+00 0.00000000000000e+00 3.80852585794962e+01
2.99168243048305e+01 0.00000000000000e+00 0.00000000000000e+00 3.80852585794962e+01
3.02821996703721e+01 0.00000000000000e+00 0.00000000000000e+00 3.80547222875785e+01
3.02821996703721e+01 0.00000000000000e+00 0.00000000000000e+00 3.80547222875785e+01
3.06528646616907e+01 0.00000000000000e+00 0.00000000000000e+00 3.80242149727431e+01
3.06528646616907e+01 0.00000000000000e+00 0.00000000000000e+00 3.80242149727431e+01
3.10284021627096e+01 0.00000000000000e+00 0.00000000000000e+00 3.79937341758727e+01
3.10284021627096e+01 0.00000000000000e+00 0.00000000000000e+00 3.79937341758727e+01
3.14083899949940e+01 4.93179334108168e-03 5.41843110075328e-03 3.79632774398223e+01
3.14083899949940e+01 4.93179334108168e-03 5.41843110075328e-03 3.79632774398223e+01
3.17924008563104e+01 9.08324771321698e-02 9.97952438419621e-02 3.79328423094179e+01
3.17924008563104e+01 9.08324771321698e-02 9.97952438419621e-02 3.79328423094179e+01
3.21800022584420e+01 1.76733160923258e-01 1.94172056583171e-01 3.79024263314549e+01
3.21800022584420e+01 1.76733160923258e-01 1.94172056583171e-01 3.79024263314549e+01
3.25707564642484e+01 2.62633844714347e-01 2.88548869324381e-01 3.78720270546962e+01
3.25707564642484e+01 2.62633844714347e-01 2.88548869324381e-01 3.78720270546962e+01
3.30239452847936e+01 3.43084118249106e-01 3.77769545288377e-01 3.79997923530545e+01
3.30239452847936e+01 3.43084118249106e-01 3.77769545288377e-01 3.79997923530545e+01
3.35570654091266e+01 4.16446334448798e-01 4.60284855713718e-01 3.83332381131805e+01
3.35570654091266e+01 4.16446334448798e-01 4.60284855713718e-01 3.83332381131805e+01
3.41687117788399e+01 4.82720493313423e-01 5.36094800600402e-01 3.88723569742683e+01
3.41687117788399e+01 4.82720493313423e-01 5.36094800600402e-01 3.88723569742683e+01
3.48580281253071e+01 5.41906594842981e-01 6.05199379948431e-01 3.96171444924967e+01
3.48580281253071e+01 5.41906594842981e-01 6.05199379948431e-01 3.96171444924967e+01
3.56250144485281e+01 5.94004639037472e-01 6.67598593757803e-01 4.05676006678658e+01
3.56250144485281e+01 5.94004639037472e-01 6.67598593757803e-01 4.05676006678658e+01
3.64696707485031e+01 6.39014625896895e-01 7.23292442028518e-01 4.17237255003755e+01
3.64696707485031e+01 6.39014625896895e-01 7.23292442028518e-01 4.17237255003755e+01
3.73919970252319e+01 6.76936555421251e-01 7.72280924760577e-01 4.30855189900259e+01
3.73919970252319e+01 6.76936555421251e-01 7.72280924760577e-01 4.30855189900259e+01
3.83919932787146e+01 7.07770427610541e-01 8.14564041953980e-01 4.46529811368170e+01
3.83919932787146e+01 7.07770427610541e-01 8.14564041953980e-01 4.46529811368170e+01
3.94894597902550e+01 7.30781122131734e-01 8.57889742621102e-01 4.63196352592084e+01
3.94894597902550e+01 7.30781122131734e-01 8.57889742621102e-01 4.63196352592084e+01
4.06847903242033e+01 7.45954019789495e-01 9.02412108719660e-01 4.80833638761071e+01
4.06847903242033e+01 7.45954019789495e-01 9.02412108719660e-01 4.80833638761071e+01
4.19182600197270e+01 7.58739530840152e-01 9.53287277026866e-01 4.97860166643297e+01
4.19182600197270e+01 7.58739530840152e-01 9.53287277026866e-01 4.97860166643297e+01
4.31719237609047e+01 7.70775302362444e-01 1.01206447630417e+00 5.13800752899189e+01
4.31719237609047e+01 7.70775302362444e-01 1.01206447630417e+00 5.13800752899189e+01
4.44457815477362e+01 7.82061334356370e-01 1.07874370655156e+00 5.28655397528749e+01
4.44457815477362e+01 7.82061334356370e-01 1.07874370655156e+00 5.28655397528749e+01
4.57398333802216e+01 7.92597626821931e-01 1.15332496776904e+00 5.42424100531977e+01
4.57398333802216e+01 7.92597626821931e-01 1.15332496776904e+00 5.42424100531977e+01
4.70540792583609e+01 8.02384179759126e-01 1.23580825995661e+00 5.55106861908872e+01
4.70540792583609e+01 8.02384179759126e-01 1.23580825995661e+00 5.55106861908872e+01
4.83988883305388e+01 8.15482374549725e-01 1.32317194380063e+00 5.66905274768769e+01
4.83988883305388e+01 8.15482374549725e-01 1.32317194380063e+00 5.66905274768769e+01
4.98178847514953e+01 8.48978892113333e-01 1.40270364832348e+00 5.78667463631633e+01
4.98178847514953e+01 8.48978892113333e-01 1.40270364832348e+00 5.78667463631633e+01
5.13110685212305e+01 9.02873732449951e-01 1.47440337352518e+00 5.90393428497463e+01
5.13110685212305e+01 9.02873732449951e-01 1.47440337352518e+00 5.90393428497463e+01
5.28586393584404e+01 9.77902015892608e-01 1.53052317039334e+00 6.03147936181663e+01
5.28586393584404e+01 9.77902015892608e-01 1.53052317039334e+00 6.03147936181663e+01
5.44602034987750e+01 1.07407836163664e+00 1.57090895697025e+00 6.16952161495163e+01
5.44602034987750e+01 1.07407836163664e+00 1.57090895697025e+00 6.16952161495163e+01
5.61157609422344e+01 1.19140276968205e+00 1.59556073325591e+00 6.31806104437961e+01
5.61157609422344e+01 1.19140276968205e+00 1.59556073325591e+00 6.31806104437961e+01
5.78253116888185e+01 1.32987524002883e+00 1.60447849925032e+00 6.47709765010059e+01
5.78253116888185e+01 1.32987524002883e+00 1.60447849925032e+00 6.47709765010059e+01
5.95888557385274e+01 1.48949577267699e+00 1.59766225495348e+00 6.64663143211456e+01
5.95888557385274e+01 1.48949577267699e+00 1.59766225495348e+00 6.64663143211456e+01
6.13705508100939e+01 1.66329719550724e+00 1.58146684575483e+00 6.82757624433167e+01
6.13705508100939e+01 1.66329719550724e+00 1.58146684575483e+00 6.82757624433167e+01
6.31174303628541e+01 1.84098365143891e+00 1.56528325249696e+00 7.02128254990835e+01
6.31174303628541e+01 1.84098365143891e+00 1.56528325249696e+00 7.02128254990835e+01
6.48191252484232e+01 2.01849375909026e+00 1.55213311449353e+00 7.22573441775124e+01
6.48191252484232e+01 2.01849375909026e+00 1.55213311449353e+00 7.22573441775124e+01
6.64320113120612e+01 2.17874083754166e+00 1.55472880272213e+00 7.43245060266070e+01
6.64320113120612e+01 2.17874083754166e+00 1.55472880272213e+00 7.43245060266070e+01
6.79560885537681e+01 2.32172488679312e+00 1.57307031718277e+00 7.64143110463674e+01
6.79560885537681e+01 2.32172488679312e+00 1.57307031718277e+00 7.64143110463674e+01
6.93913569735439e+01 2.44744590684464e+00 1.60715765787544e+00 7.85267592367934e+01
6.93913569735439e+01 2.44744590684464e+00 1.60715765787544e+00 7.85267592367934e+01
7.07378165713885e+01 2.55590389769621e+00 1.65699082480015e+00 8.06618505978852e+01
7.07378165713885e+01 2.55590389769621e+00 1.65699082480015e+00 8.06618505978852e+01
7.19954673473020e+01 2.64709885934784e+00 1.72256981795690e+00 8.28195851296428e+01
7.19954673473020e+01 2.64709885934784e+00 1.72256981795690e+00 8.28195851296428e+01
7.31758906285420e+01 2.72777208335570e+00 1.82179329829832e+00 8.50026537453618e+01
7.31758906285420e+01 2.72777208335570e+00 1.82179329829832e+00 8.50026537453618e+01
7.42863324330683e+01 2.80214135224178e+00 1.96585981119286e+00 8.72127400522520e+01
7.42863324330683e+01 2.80214135224178e+00 1.96585981119286e+00 8.72127400522520e+01
7.53626350421479e+01 2.87717383812539e+00 2.14841451125105e+00 8.94407055112119e+01
7.53626350421479e+01 2.87717383812539e+00 2.14841451125105e+00 8.94407055112119e+01
7.64577649964450e+01 2.96316539808717e+00 2.36006641763033e+00 9.16730454906772e+01
7.64577649964450e+01 2.96316539808717e+00 2.36006641763033e+00 9.16730454906772e+01
7.75717222959596e+01 3.06011603212713e+00 2.60081553033067e+00 9.39097599906481e+01
7.75717222959596e+01 3.06011603212713e+00 2.60081553033067e+00 9.39097599906481e+01
7.87045069406916e+01 3.16802574024525e+00 2.87066184935209e+00 9.61508490111244e+01
7.87045069406916e+01 3.16802574024525e+00 2.87066184935209e+00 9.61508490111244e+01
7.98561189306410e+01 3.28689452244155e+00 3.16960537469458e+00 9.83963125521063e+01
7.98561189306410e+01 3.28689452244155e+00 3.16960537469458e+00 9.83963125521063e+01
8.10265582658079e+01 3.41672237871602e+00 3.49764610635814e+00 1.00646150613594e+02
8.10265582658079e+01 3.41672237871602e+00 3.49764610635814e+00 1.00646150613594e+02
8.22023716585134e+01 3.59218408806949e+00 3.83358036960164e+00 1.02749861903035e+02
8.22023716585134e+01 3.59218408806949e+00 3.83358036960164e+00 1.02749861903035e+02
8.33807384699937e+01 3.82054962257910e+00 4.17296256656568e+00 1.04675892068074e+02
8.33807384699937e+01 3.82054962257910e+00 4.17296256656568e+00 1.04675892068074e+02
8.45500773729913e+01 4.09507769068867e+00 4.49789403629762e+00 1.06421550195417e+02
8.45500773729913e+01 4.09507769068867e+00 4.49789403629762e+00 1.06421550195417e+02
8.57031423495463e+01 4.41155050987620e+00 4.79717623342904e+00 1.07985152677853e+02
8.57031423495463e+01 4.41155050987620e+00 4.79717623342904e+00 1.07985152677853e+02
8.68399333996588e+01 4.76996808014169e+00 5.07080915795992e+00 1.09366699515383e+02
8.68399333996588e+01 4.76996808014169e+00 5.07080915795992e+00 1.09366699515383e+02
8.79604505233286e+01 5.17033040148514e+00 5.31879280989028e+00 1.10566190708005e+02
8.79604505233286e+01 5.17033040148514e+00 5.31879280989028e+00 1.10566190708005e+02
8.90646937205559e+01 5.61263747390655e+00 5.54112718922011e+00 1.11583626255721e+02
8.90646937205559e+01 5.61263747390655e+00 5.54112718922011e+00 1.11583626255721e+02
9.01469977522772e+01 6.09568490275605e+00 5.73901180914822e+00 1.12419467485034e+02
9.01469977522772e+01 6.09568490275605e+00 5.73901180914822e+00 1.12419467485034e+02
9.10648067672288e+01 6.58916619917295e+00 5.94263032534068e+00 1.13085322872096e+02
9.10648067672288e+01 6.58916619917295e+00 5.94263032534068e+00 1.13085322872096e+02
9.18181207654107e+01 7.09308136315727e+00 6.15198273779750e+00 1.13581192416905e+02
9.18181207654107e+01 7.09308136315727e+00 6.15198273779750e+00 1.13581192416905e+02
9.24203930345019e+01 7.57275561570817e+00 6.38827272125981e+00 1.14057577412014e+02
9.24203930345019e+01 7.57275561570817e+00 6.38827272125981e+00 1.14057577412014e+02
9.28744442132660e+01 8.02091898474852e+00 6.65594587358701e+00 1.14546032209777e+02
9.28744442132660e+01 8.02091898474852e+00 6.65594587358701e+00 1.14546032209777e+02
9.31802743017030e+01 8.43757147027832e+00 6.95500219477909e+00 1.15046556810195e+02
9.31802743017030e+01 8.43757147027832e+00 6.95500219477909e+00 1.15046556810195e+02
9.33378832998129e+01 8.82271307229756e+00 7.28544168483605e+00 1.15559151213267e+02
9.33378832998129e+01 8.82271307229756e+00 7.28544168483605e+00 1.15559151213267e+02
9.33472712075957e+01 9.17634379080626e+00 7.64726434375789e+00 1.16083815418994e+02
9.33472712075957e+01 9.17634379080626e+00 7.64726434375789e+00 1.16083815418994e+02
9.32118069204662e+01 9.51561252836314e+00 8.04227052563531e+00 1.16610654450243e+02
9.32118069204662e+01 9.51561252836314e+00 8.04227052563531e+00 1.16610654450243e+02
9.29416097679699e+01 9.89203035164594e+00 8.47586804938214e+00 1.17109946240246e+02
9.29416097679699e+01 9.89203035164594e+00 8.47586804938214e+00 1.17109946240246e+02
9.25423449891704e+01 1.03068016553045e+01 8.94685740179958e+00 1.17581229462499e+02
9.25423449891704e+01 1.03068016553045e+01 8.94685740179958e+00 1.17581229462499e+02
9.21565684353313e+01 1.07902329281995e+01 9.42505492722155e+00 1.18012895640851e+02
9.21565684353313e+01 1.07902329281995e+01 9.42505492722155e+00 1.18012895640851e+02
9.17842801064526e+01 1.13423241703310e+01 9.91046062564806e+00 1.18404944775303e+02
9.17842801064526e+01 1.13423241703310e+01 9.91046062564806e+00 1.18404944775303e+02
9.14254800025342e+01 1.19630753816990e+01 1.04030744970791e+01 1.18757376865854e+02
9.14254800025342e+01 1.19630753816990e+01 1.04030744970791e+01 1.18757376865854e+02
9.10801681235762e+01 1.26524865623034e+01 1.09028965415147e+01 1.19070191912505e+02
9.10801681235762e+01 1.26524865623034e+01 1.09028965415147e+01 1.19070191912505e+02
9.07483444695787e+01 1.34105577121442e+01 1.14099267589548e+01 1.19343389915255e+02
9.07483444695787e+01 1.34105577121442e+01 1.14099267589548e+01 1.19343389915255e+02
9.04089687745998e+01 1.42210355130163e+01 1.19232913068489e+01 1.19534935632604e+02
9.04089687745998e+01 1.42210355130163e+01 1.19232913068489e+01 1.19534935632604e+02
9.00374714626854e+01 1.50649403029107e+01 1.24419697636407e+01 1.19595742800068e+02
9.00374714626854e+01 1.50649403029107e+01 1.24419697636407e+01 1.19595742800068e+02
8.96304836384208e+01 1.59251231792684e+01 1.29641617752395e+01 1.19535706394781e+02
8.96304836384208e+01 1.59251231792684e+01 1.29641617752395e+01 1.19535706394781e+02
8.91778859722602e+01 1.67500730754119e+01 1.34844595227316e+01 1.19384548483509e+02
8.91778859722602e+01 1.67500730754119e+01 1.34844595227316e+01 1.19384548483509e+02
8.86796784642037e+01 1.75397899913412e+01 1.40028630061168e+01 1.19142269066254e+02
8.86796784642037e+01 1.75397899913412e+01 1.40028630061168e+01 1.19142269066254e+02
8.81358611142512e+01 1.82942739270562e+01 1.45193722253951e+01 1.18808868143015e+02
8.81358611142512e+01 1.82942739270562e+01 1.45193722253951e+01 1.18808868143015e+02
8.75464339224028e+01 1.90135248825569e+01 1.50339871805667e+01 1.18384345713792e+02
8.75464339224028e+01 1.90135248825569e+01 1.50339871805667e+01 1.18384345713792e+02
8.69113968886585e+01 1.96975428578433e+01 1.55467078716314e+01 1.17868701778586e+02
8.69113968886585e+01 1.96975428578433e+01 1.55467078716314e+01 1.17868701778586e+02
8.61929279319090e+01 2.03371726874581e+01 1.60543161848674e+01 1.17217456338380e+02
8.61929279319090e+01 2.03371726874581e+01 1.60543161848674e+01 1.17217456338380e+02
8.53726377007407e+01 2.09279630680908e+01 1.65552474516371e+01 1.16408982917085e+02
8.53726377007407e+01 2.09279630680908e+01 1.65552474516371e+01 1.16408982917085e+02
8.44715664610953e+01 2.14861673179467e+01 1.70503755144911e+01 1.15485316756203e+02
8.44715664610953e+01 2.14861673179467e+01 1.70503755144911e+01 1.15485316756203e+02
8.35142837889271e+01 2.20307650990348e+01 1.75407207949856e+01 1.14495544120216e+02
8.35142837889271e+01 2.20307650990348e+01 1.75407207949856e+01 1.14495544120216e+02
8.25007896842360e+01 2.25617564113551e+01 1.80262832931206e+01 1.13439665009124e+02
8.25007896842360e+01 2.25617564113551e+01 1.80262832931206e+01 1.13439665009124e+02
8.14310841470220e+01 2.30791412549076e+01 1.85070630088962e+01 1.12317679422928e+02
8.14310841470220e+01 2.30791412549076e+01 1.85070630088962e+01 1.12317679422928e+02
8.03051671772852e+01 2.35829196296923e+01 1.89830599423123e+01 1.11129587361626e+02
8.03051671772852e+01 2.35829196296923e+01 1.89830599423123e+01 1.11129587361626e+02
7.91230387750256e+01 2.40730915357092e+01 1.94542740933690e+01 1.09875388825220e+02
7.91230387750256e+01 2.40730915357092e+01 1.94542740933690e+01 1.09875388825220e+02
7.78799927505747e+01 2.45214174623719e+01 1.99030526516120e+01 1.08499625255824e+02
7.78799927505747e+01 2.45214174623719e+01 1.99030526516120e+01 1.08499625255824e+02
7.65754139454835e+01 2.49242061488606e+01 2.03270881716843e+01 1.06995047519242e+02
7.65754139454835e+01 2.49242061488606e+01 2.03270881716843e+01 1.06995047519242e+02
7.52471244408613e+01 2.52906127606326e+01 2.07295987673077e+01 1.05406135614489e+02
7.52471244408613e+01 2.52906127606326e+01 2.07295987673077e+01 1.05406135614489e+02
7.39135135881216e+01 2.56250886009983e+01 2.11121491071198e+01 1.03754516017656e+02
7.39135135881216e+01 2.56250886009983e+01 2.11121491071198e+01 1.03754516017656e+02
7.25745813872645e+01 2.59276336699578e+01 2.14747391911208e+01 1.02040188728742e+02
7.25745813872645e+01 2.59276336699578e+01 2.14747391911208e+01 1.02040188728742e+02
7.12303278382899e+01 2.61982479675110e+01 2.18173690193104e+01 1.00263153747747e+02
7.12303278382899e+01 2.61982479675110e+01 2.18173690193104e+01 1.00263153747747e+02
6.98807529411978e+01 2.64369314936579e+01 2.21400385916888e+01 9.84234110746713e+01
6.98807529411978e+01 2.64369314936579e+01 2.21400385916888e+01 9.84234110746713e+01
6.85242091514294e+01 2.66427311345800e+01 2.24457406914650e+01 9.65240855272516e+01
6.85242091514294e+01 2.66427311345800e+01 2.24457406914650e+01 9.65240855272516e+01
6.71451717380029e+01 2.68066657458531e+01 2.27626761669590e+01 9.45946221086403e+01
6.71451717380029e+01 2.68066657458531e+01 2.27626761669590e+01 9.45946221086403e+01
6.57436407009185e+01 2.69287353274773e+01 2.30908450181708e+01 9.26350208188374e+01
6.57436407009185e+01 2.69287353274773e+01 2.30908450181708e+01 9.26350208188374e+01
6.43243222298445e+01 2.70371793900390e+01 2.34479000555545e+01 9.07007402157286e+01
6.43243222298445e+01 2.70371793900390e+01 2.34479000555545e+01 9.07007402157286e+01
6.28878314832299e+01 2.71356891943581e+01 2.38361487244673e+01 8.87990294335090e+01
6.28878314832299e+01 2.71356891943581e+01 2.38361487244673e+01 8.87990294335090e+01
6.14341684610748e+01 2.72242647404345e+01 2.42555910249091e+01 8.69298884721786e+01
6.14341684610748e+01 2.72242647404345e+01 2.42555910249091e+01 8.69298884721786e+01
5.99633331633791e+01 2.73029060282683e+01 2.47062269568800e+01 8.50933173317374e+01
5.99633331633791e+01 2.73029060282683e+01 2.47062269568800e+01 8.50933173317374e+01
5.84753255901429e+01 2.73716130578594e+01 2.51880565203799e+01 8.32893160121855e+01
5.84753255901429e+01 2.73716130578594e+01 2.51880565203799e+01 8.32893160121855e+01
5.69801437899583e+01 2.74297914674256e+01 2.56934111366516e+01 8.15189039012631e+01
5.69801437899583e+01 2.74297914674256e+01 2.56934111366516e+01 8.15189039012631e+01
5.55003051486379e+01 2.74761026483935e+01 2.62050198007666e+01 7.97843768416870e+01
5.55003051486379e+01 2.74761026483935e+01 2.62050198007666e+01 7.97843768416870e+01
5.40374572107407e+01 2.75114997145816e+01 2.67198897295159e+01 7.80826100157202e+01
5.40374572107407e+01 2.75114997145816e+01 2.67198897295159e+01 7.80826100157202e+01
5.26071247072483e+01 2.75449638104141e+01 2.72098200745794e+01 7.63841584202105e+01
5.26071247072483e+01 2.75449638104141e+01 2.72098200745794e+01 7.63841584202105e+01
5.12093076381606e+01 2.75764949358908e+01 2.76748108359572e+01 7.46890220551578e+01
5.12093076381606e+01 2.75764949358908e+01 2.76748108359572e+01 7.46890220551578e+01
4.98440060034777e+01 2.76060930910119e+01 2.81148620136492e+01 7.29972009205622e+01
4.98440060034777e+01 2.76060930910119e+01 2.81148620136492e+01 7.29972009205622e+01
4.85112198031995e+01 2.76337582757772e+01 2.85299736076556e+01 7.13086950164236e+01
4.85112198031995e+01 2.76337582757772e+01 2.85299736076556e+01 7.13086950164236e+01
4.72109490373261e+01 2.76594904901868e+01 2.89201456179761e+01 6.96235043427420e+01
4.72109490373261e+01 2.76594904901868e+01 2.89201456179761e+01 6.96235043427420e+01
4.59269110684053e+01 2.76610262761838e+01 2.92740967253299e+01 6.79623080953340e+01
4.59269110684053e+01 2.76610262761838e+01 2.92740967253299e+01 6.79623080953340e+01
4.46440172713932e+01 2.76177347641201e+01 2.95813728741541e+01 6.63442690561993e+01
4.46440172713932e+01 2.76177347641201e+01 2.95813728741541e+01 6.63442690561993e+01
4.33522695976979e+01 2.75302103157782e+01 2.98496426432060e+01 6.47683678375976e+01
4.33522695976979e+01 2.75302103157782e+01 2.98496426432060e+01 6.47683678375976e+01
4.20291506615066e+01 2.73997915397315e+01 3.00961770374142e+01 6.32323085968122e+01
4.20291506615066e+01 2.73997915397315e+01 3.00961770374142e+01 6.32323085968122e+01
4.06746604628194e+01 2.72264784359799e+01 3.03209760567786e+01 6.17360913338432e+01
4.06746604628194e+01 2.72264784359799e+01 3.03209760567786e+01 6.17360913338432e+01
3.92887990016362e+01 2.70102710045235e+01 3.05240397012993e+01 6.02797160486905e+01
3.92887990016362e+01 2.70102710045235e+01 3.05240397012993e+01 6.02797160486905e+01
3.78715662779571e+01 2.67511692453623e+01 3.07053679709762e+01 5.88631827413541e+01
3.78715662779571e+01 2.67511692453623e+01 3.07053679709762e+01 5.88631827413541e+01
3.64229622917821e+01 2.64491731584963e+01 3.08649608658094e+01 5.74864914118340e+01
3.64229622917821e+01 2.64491731584963e+01 3.08649608658094e+01 5.74864914118340e+01
3.49494697634654e+01 2.60646882660875e+01 3.09664846724854e+01 5.61268763005969e+01
3.49494697634654e+01 2.60646882660875e+01 3.09664846724854e+01 5.61268763005969e+01
3.34534794285873e+01 2.55831126847011e+01 3.09965400314083e+01 5.47759417175070e+01
3.34534794285873e+01 2.55831126847011e+01 3.09965400314083e+01 5.47759417175070e+01
3.19512739246002e+01 2.50267098723941e+01 3.09664082618593e+01 5.34130084667479e+01
3.19512739246002e+01 2.50267098723941e+01 3.09664082618593e+01 5.34130084667479e+01
3.04579418765477e+01 2.44161106988142e+01 3.08865434194009e+01 5.20189137663197e+01
3.04579418765477e+01 2.44161106988142e+01 3.08865434194009e+01 5.20189137663197e+01
2.89734832844299e+01 2.37513151639615e+01 3.07569455040333e+01 5.05936576162224e+01
2.89734832844299e+01 2.37513151639615e+01 3.07569455040333e+01 5.05936576162224e+01
2.74978981482466e+01 2.30323232678360e+01 3.05776145157564e+01 4.91372400164559e+01
2.74978981482466e+01 2.30323232678360e+01 3.05776145157564e+01 4.91372400164559e+01
2.60311864679980e+01 2.22591350104376e+01 3.03485504545701e+01 4.76496609670204e+01
2.60311864679980e+01 2.22591350104376e+01 3.03485504545701e+01 4.76496609670204e+01
2.45733482436840e+01 2.14317503917665e+01 3.00697533204746e+01 4.61309204679157e+01
2.45733482436840e+01 2.14317503917665e+01 3.00697533204746e+01 4.61309204679157e+01
2.31395676731266e+01 2.05233420586614e+01 2.96539499091230e+01 4.45225575469842e+01
2.31395676731266e+01 2.05233420586614e+01 2.96539499091230e+01 4.45225575469842e+01
2.17307776355667e+01 1.95322618054584e+01 2.90957783725220e+01 4.28209805079129e+01
2.17307776355667e+01 1.95322618054584e+01 2.90957783725220e+01 4.28209805079129e+01
2.03404954106501e+01 1.84981041099955e+01 2.84315724239850e+01 4.10489551102352e+01
2.03404954106501e+01 1.84981041099955e+01 2.84315724239850e+01 4.10489551102352e+01
1.89663302627963e+01 1.74354708557075e+01 2.76747314231078e+01 3.92148770440869e+01
1.89663302627963e+01 1.74354708557075e+01 2.76747314231078e+01 3.92148770440869e+01
1.76082821920055e+01 1.63443620425944e+01 2.68252553698905e+01 3.73187463094680e+01
1.76082821920055e+01 1.63443620425944e+01 2.68252553698905e+01 3.73187463094680e+01
1.62663511982775e+01 1.52247776706563e+01 2.58831442643331e+01 3.53605629063785e+01
1.62663511982775e+01 1.52247776706563e+01 2.58831442643331e+01 3.53605629063785e+01
1.49405372816125e+01 1.40767177398932e+01 2.48483981064355e+01 3.33403268348183e+01
1.49405372816125e+01 1.40767177398932e+01 2.48483981064355e+01 3.33403268348183e+01
1.36378248647800e+01 1.29078119154150e+01 2.37152382416165e+01 3.12598063581771e+01
1.36378248647800e+01 1.29078119154150e+01 2.37152382416165e+01 3.12598063581771e+01
1.23966824735184e+01 1.17600825630402e+01 2.24518372261747e+01 2.91287406471710e+01
1.23966824735184e+01 1.17600825630402e+01 2.24518372261747e+01 2.91287406471710e+01
1.12171101078276e+01 1.06335296827686e+01 2.10581950601101e+01 2.69471297018002e+01
1.12171101078276e+01 1.06335296827686e+01 2.10581950601101e+01 2.69471297018002e+01
1.00839235698856e+01 9.55498062776138e+00 1.96215849477692e+01 2.47734344942225e+01
1.00839235698856e+01 9.55498062776138e+00 1.96215849477692e+01 2.47734344942225e+01
8.99618998045159e+00 8.52608360368252e+00 1.81473687371457e+01 2.26112467207507e+01
8.99618998045159e+00 8.52608360368252e+00 1.81473687371457e+01 2.26112467207507e+01
7.95390933952549e+00 7.54683861053201e+00 1.66355464282394e+01 2.04605663813847e+01
7.95390933952549e+00 7.54683861053201e+00 1.66355464282394e+01 2.04605663813847e+01
6.95708164710731e+00 6.61724564830983e+00 1.50861180210504e+01 1.83213934761245e+01
6.95708164710731e+00 6.61724564830983e+00 1.50861180210504e+01 1.83213934761245e+01
6.00570690319707e+00 5.73730471701599e+00 1.34990835155786e+01 1.61937280049702e+01
6.00570690319707e+00 5.73730471701599e+00 1.34990835155786e+01 1.61937280049702e+01
5.12237298112010e+00 4.92587720664014e+00 1.19138548447899e+01 1.41293763094162e+01
5.12237298112010e+00 4.92587720664014e+00 1.19138548447899e+01 1.41293763094162e+01
4.34634154703826e+00 4.21574750491351e+00 1.03989368268494e+01 1.22183868528798e+01
4.34634154703826e+00 4.21574750491351e+00 1.03989368268494e+01 1.22183868528798e+01
3.67062817818179e+00 3.59928594672603e+00 8.96010811633852e+00 1.04589913719717e+01
3.67062817818179e+00 3.59928594672603e+00 8.96010811633852e+00 1.04589913719717e+01
3.05676434881251e+00 3.03447016625943e+00 7.62919615695862e+00 8.84145069597552e+00
3.05676434881251e+00 3.03447016625943e+00 7.62919615695862e+00 8.84145069597552e+00
2.50475005893042e+00 2.52130016351371e+00 6.40620094870974e+00 7.36576482489115e+00
2.50475005893042e+00 2.52130016351371e+00 6.40620094870974e+00 7.36576482489115e+00
2.01458530853553e+00 2.05977593848887e+00 5.29112249159187e+00 6.03193375871866e+00
2.01458530853553e+00 2.05977593848887e+00 5.29112249159187e+00 6.03193375871866e+00
1.58627009762783e+00 1.64989749118490e+00 4.28396078560500e+00 4.83995749745803e+00
1.58627009762783e+00 1.64989749118490e+00 4.28396078560500e+00 4.83995749745803e+00
1.21980442620732e+00 1.29166482160181e+00 3.38471583074915e+00 3.78983604110926e+00
1.21980442620732e+00 1.29166482160181e+00 3.38471583074915e+00 3.78983604110926e+00
9.25675351562095e-01 9.96589272339863e-01 2.62703915366781e+00 2.91835380136298e+00
9.25675351562095e-01 9.96589272339863e-01 2.62703915366781e+00 2.91835380136298e+00
7.11578807942031e-01 7.73118450134289e-01 2.03562595048149e+00 2.25250504420008e+00
7.11578807942031e-01 7.73118450134289e-01 2.03562595048149e+00 2.25250504420008e+00
5.54926922021778e-01 6.02390964995432e-01 1.57106428822445e+00 1.74048342812621e+00
5.54926922021778e-01 6.02390964995432e-01 1.57106428822445e+00 1.74048342812621e+00
4.16458027639492e-01 4.51622429192067e-01 1.16484934873141e+00 1.29224048972385e+00
4.16458027639492e-01 4.51622429192067e-01 1.16484934873141e+00 1.29224048972385e+00
3.47678503456767e-01 3.76737517254863e-01 9.63201664444047e-01 1.06971470888113e+00
3.47678503456767e-01 3.76737517254863e-01 9.63201664444047e-01 1.06971470888113e+00
2.10119455091317e-01 2.26967693380457e-01 5.59906295869325e-01 6.24663147195704e-01
2.10119455091317e-01 2.26967693380457e-01 5.59906295869325e-01 6.24663147195704e-01
7.25604067258674e-02 7.71978695060516e-02 1.56610927294603e-01 1.79611585510278e-01
7.25604067258674e-02 7.71978695060516e-02 1.56610927294603e-01 1.79611585510278e-01
0.00000000000000e+00 0.00000000000000e+00 0.00000000000000e+00 0.00000000000000e+00
0.00000000000000e+00 0.00000000000000e+00 0.00000000000000e+00 0.00000000000000e+00
0.00000000000000e+00 0.00000000000000e+00 0.00000000000000e+00 0.00000000000000e+00
0.00000000000000e+00 0.00000000000000e+00 0.00000000000000e+00 0.00000000000000e+00
---