PdfType: central
Format: lhagrid1
---
0.0001  0.00010429532461863897  0.0001087751473730729  0.00011344739305714942  0.00011832032686033726  0.00012340256898882342  0.00012870310991463342  0.00013423132627975076  0.00013999699748337048  0.00014601032298162906  0.0001522819403304134  0.0001588229440031669  0.0001656449050169821  0.00017275989140169766  0.0001801804895482089  0.0001879198264737575  0.00019599159304358843  0.00020441006819005238  0.0002131901441719966  0.00022234735291912848  0.00023189789350795586  0.00024185866081790827  0.00025224727541833065  0.0002630821147392205  0.0002743823455808502  0.0002861679580197835  0.000298459800771264  0.0003112796180705332  0.00032465008813832217  0.0003385948632985606  0.000353138611819271  0.00036830706155066437  0.0003841270454376358  0.00040062654898716905  0.00041783475977461904  0.00043578211907644967  0.00045450037572076693  0.0004740226422509076  0.0004943834535014343  0.0005156188276901594  0.0005377663301342724  0.0005608651397032811  0.0005849561181263205  0.0006100818822764358  0.0006362868795597115  0.0006636174665426095  0.0006921219909566031  0.000721850877225177  0.0007528567156644912  0.0007851943555155049  0.0008189210019721267  0.0008540963173770411  0.000890782526764226  0.000929044527934864  0.0009689500062613694  0.0010105695544226187  0.0010539767972822035  0.0010992485221306084  0.0011464648145217105  0.0011957091999438964  0.0012470687915764175  0.0013006344443923627  0.0013565009158808474  0.0014147670336727418  0.0014755358703664753  0.0015389149258631751  0.0016050163175336874  0.001673956978553886  0.001745858864759136  0.0018208491703838258  0.0018990605530676075  0.001980631368526384  0.0020657059153031832  0.002154434690031882  0.002246974653665322  0.0023434895091387887  0.0024441499909600485  0.002549134167238217  0.0026586277546857403  0.002772824447150728  0.002891926258260833  0.003016143878784795  0.0031456970493438136  0.003280814949132081  0.0034217366013341386  0.0035687112959562244  0.0037219990308195853  0.0038818709714958863  0.004048609930998349  0.004222510870077183  0.004403881419004318  0.0045930424217704826  0.0047903285036573215  0.0049960886631885935  0.005210686889507569  0.005434502806272785  0.0056679323432112455  0.005911388436516999  0.006165301759334096  0.0064301214836161615  0.006706316074710319  0.006994374120071094  0.007294805193570227  0.00760814075693141  0.007934935099884589  0.008275766320702958  0.008631237348857151  0.009001977011595783  0.009388641146339076  0.009791913760853446  0.01021250824325929  0.01065116862401255  0.01110867089209251  0.01158582436772414  0.01208347313406328  0.012602497530377338  0.013143815709363004  0.013708385261355807  0.014297204908304714  0.014911316270508398  0.015551805709238663  0.01621980624851049  0.01691649957939832  0.01764311815044419  0.01840094734785578  0.01919132776935102  0.02001565759567167  0.020875395063961057  0.021772061047381518  0.0227072417455348  0.023682591490444646  0.024699835673065437  0.025760773795493984  0.02686728265428373  0.028021319660492525  0.02922492630233721  0.030480231756580593  0.03178945665503921  0.0331549170128747  0.034579028325618065  0.03606430984217448  0.03761338902136763  0.03922900617990692  0.0409140193399999  0.042671409285185626  0.044504284833332394  0.046415888336127774  0.04840960141478949  0.05048895094214394  0.05265761528165439  0.05491943079443554  0.05727839862576538  0.05973869178310004  0.06230466251811238  0.06498085002581286  0.06777198847437253  0.07068301537985341  0.07371908034066062  0.07688555414716733  0.08018803828262767  0.08363237483218501  0.08722465681750427  0.09097123897530998  0.09487874899889745  0.09895409926250376  0.10320449904927852  0.1076374673044853  0.11226084593649444  0.11708281368909704  0.12211190060968001  0.12735700313885567  0.13282739984823985  0.1385327678542193  0.14448319993674355  0.150689222393424  0.15716181366052454  0.16391242373378453  0.1709529944234296  0.17829598047919984  0.18595437162276682  0.1939417155265149  0.20227214177933603  0.21096038688183238  0.22002182031514395  0.2294724717295179  0.2393290593007152  0.24960901930441615  0.26033053696094227  0.2715125786048606  0.28317492523637666  0.2953382075138675  0.308023942249458  0.32125457047220124  0.33505349712619653  0.3494451324738692  0.3644549352776552  0.38010945783648104  0.3964363929567065  0.41346462294062064  0.4312242706791523  0.44974675293918026  0.4690648359397062  0.48921269331520334  0.5102259665686786  0.5321418281213915  0.5549990470707652  0.578838057772808  0.6037010313703756  0.6296319503938047  0.6566766865658864  0.6848830819488142  0.7143010335766556  0.7449825817230663  0.7769820019603892  0.8103559011729886  0.8451633176946665  0.8814658257473112  0.9193276443655247  0.9588157509999117  1.0  
0.1e+001 0.1e+007
-14 -12 12 14
1.19510480710633e+10 0.00000000000000e+00 0.00000000000000e+00 3.44928541791968e+10
1.19510480710633e+10 0.00000000000000e+00 0.00000000000000e+00 3.44928541791968e+10
1.21034559425663e+10 0.00000000000000e+00 0.00000000000000e+00 3.44652760239893e+10
1.21034559425663e+10 0.00000000000000e+00 0.00000000000000e+00 3.44652760239893e+10
1.22558638140693e+10 0.00000000000000e+00 0.00000000000000e+00 3.44376978687817e+10
1.22558638140693e+10 0.00000000000000e+00 0.00000000000000e+00 3.44376978687817e+10
1.24082716855723e+10 0.00000000000000e+00 0.00000000000000e+00 3.44101197135742e+10
1.24082716855723e+10 0.00000000000000e+00 0.00000000000000e+00 3.44101197135742e+10
1.25606795570753e+10 0.00000000000000e+00 0.00000000000000e+00 3.43825415583667e+10
1.25606795570753e+10 0.00000000000000e+00 0.00000000000000e+00 3.43825415583667e+10
1.27902519173188e+10 0.00000000000000e+00 0.00000000000000e+00 3.43411853573535e+10
1.27902519173188e+10 0.00000000000000e+00 0.00000000000000e+00 3.43411853573535e+10
1.29454817084717e+10 0.00000000000000e+00 0.00000000000000e+00 3.43136403454913e+10
1.29454817084717e+10 0.00000000000000e+00 0.00000000000000e+00 3.43136403454913e+10
1.31025954568927e+10 0.00000000000000e+00 0.00000000000000e+00 3.42861174274407e+10
1.31025954568927e+10 0.00000000000000e+00 0.00000000000000e+00 3.42861174274407e+10
1.32616160273617e+10 0.00000000000000e+00 0.00000000000000e+00 3.42586165854802e+10
1.32616160273617e+10 0.00000000000000e+00 0.00000000000000e+00 3.42586165854802e+10
1.34225665621584e+10 0.00000000000000e+00 0.00000000000000e+00 3.42311378019028e+10
1.34225665621584e+10 0.00000000000000e+00 0.00000000000000e+00 3.42311378019028e+10
1.35854704844305e+10 0.00000000000000e+00 0.00000000000000e+00 3.42036810590152e+10
1.35854704844305e+10 0.00000000000000e+00 0.00000000000000e+00 3.42036810590152e+10
1.37503515016024e+10 0.00000000000000e+00 0.00000000000000e+00 3.41762463391389e+10
1.37503515016024e+10 0.00000000000000e+00 0.00000000000000e+00 3.41762463391389e+10
1.39172336088252e+10 0.00000000000000e+00 0.00000000000000e+00 3.41488336246091e+10
1.39172336088252e+10 0.00000000000000e+00 0.00000000000000e+00 3.41488336246091e+10
1.40861410924689e+10 0.00000000000000e+00 0.00000000000000e+00 3.41214428977753e+10
1.40861410924689e+10 0.00000000000000e+00 0.00000000000000e+00 3.41214428977753e+10
1.42570985336568e+10 0.00000000000000e+00 0.00000000000000e+00 3.40940741410014e+10
1.42570985336568e+10 0.00000000000000e+00 0.00000000000000e+00 3.40940741410014e+10
1.44301308118427e+10 0.00000000000000e+00 0.00000000000000e+00 3.40667273366651e+10
1.44301308118427e+10 0.00000000000000e+00 0.00000000000000e+00 3.40667273366651e+10
1.46052631084317e+10 0.00000000000000e+00 0.00000000000000e+00 3.40394024671584e+10
1.46052631084317e+10 0.00000000000000e+00 0.00000000000000e+00 3.40394024671584e+10
1.47825209104445e+10 0.00000000000000e+00 0.00000000000000e+00 3.40120995148875e+10
1.47825209104445e+10 0.00000000000000e+00 0.00000000000000e+00 3.40120995148875e+10
1.49619300142272e+10 0.00000000000000e+00 0.00000000000000e+00 3.39848184622725e+10
1.49619300142272e+10 0.00000000000000e+00 0.00000000000000e+00 3.39848184622725e+10
1.51435165292049e+10 0.00000000000000e+00 0.00000000000000e+00 3.39575592917478e+10
1.51435165292049e+10 0.00000000000000e+00 0.00000000000000e+00 3.39575592917478e+10
1.53273068816815e+10 0.00000000000000e+00 0.00000000000000e+00 3.39303219857617e+10
1.53273068816815e+10 0.00000000000000e+00 0.00000000000000e+00 3.39303219857617e+10
1.55133278186857e+10 0.00000000000000e+00 0.00000000000000e+00 3.39031065267768e+10
1.55133278186857e+10 0.00000000000000e+00 0.00000000000000e+00 3.39031065267768e+10
1.57016064118634e+10 0.00000000000000e+00 0.00000000000000e+00 3.38759128972696e+10
1.57016064118634e+10 0.00000000000000e+00 0.00000000000000e+00 3.38759128972696e+10
1.58921700614173e+10 0.00000000000000e+00 0.00000000000000e+00 3.38487410797308e+10
1.58921700614173e+10 0.00000000000000e+00 0.00000000000000e+00 3.38487410797308e+10
1.60850465000948e+10 0.00000000000000e+00 0.00000000000000e+00 3.38215910566649e+10
1.60850465000948e+10 0.00000000000000e+00 0.00000000000000e+00 3.38215910566649e+10
1.62802637972235e+10 0.00000000000000e+00 0.00000000000000e+00 3.37944628105907e+10
1.62802637972235e+10 0.00000000000000e+00 0.00000000000000e+00 3.37944628105907e+10
1.64778503627965e+10 0.00000000000000e+00 0.00000000000000e+00 3.37673563240409e+10
1.64778503627965e+10 0.00000000000000e+00 0.00000000000000e+00 3.37673563240409e+10
1.66778349516068e+10 0.00000000000000e+00 0.00000000000000e+00 3.37402715795622e+10
1.66778349516068e+10 0.00000000000000e+00 0.00000000000000e+00 3.37402715795622e+10
1.68802466674319e+10 0.00000000000000e+00 0.00000000000000e+00 3.37132085597153e+10
1.68802466674319e+10 0.00000000000000e+00 0.00000000000000e+00 3.37132085597153e+10
1.70851149672694e+10 0.00000000000000e+00 0.00000000000000e+00 3.36861672470749e+10
1.70851149672694e+10 0.00000000000000e+00 0.00000000000000e+00 3.36861672470749e+10
1.72924696656238e+10 0.00000000000000e+00 0.00000000000000e+00 3.36591476242297e+10
1.72924696656238e+10 0.00000000000000e+00 0.00000000000000e+00 3.36591476242297e+10
1.75023409388454e+10 0.00000000000000e+00 0.00000000000000e+00 3.36321496737824e+10
1.75023409388454e+10 0.00000000000000e+00 0.00000000000000e+00 3.36321496737824e+10
1.77147593295218e+10 0.00000000000000e+00 0.00000000000000e+00 3.36051733783495e+10
1.77147593295218e+10 0.00000000000000e+00 0.00000000000000e+00 3.36051733783495e+10
1.79297557509232e+10 0.00000000000000e+00 0.00000000000000e+00 3.35782187205616e+10
1.79297557509232e+10 0.00000000000000e+00 0.00000000000000e+00 3.35782187205616e+10
1.81473614915004e+10 0.00000000000000e+00 0.00000000000000e+00 3.35512856830632e+10
1.81473614915004e+10 0.00000000000000e+00 0.00000000000000e+00 3.35512856830632e+10
1.83676082194392e+10 0.00000000000000e+00 0.00000000000000e+00 3.35243742485127e+10
1.83676082194392e+10 0.00000000000000e+00 0.00000000000000e+00 3.35243742485127e+10
1.85905279872680e+10 0.00000000000000e+00 0.00000000000000e+00 3.34974843995824e+10
1.85905279872680e+10 0.00000000000000e+00 0.00000000000000e+00 3.34974843995824e+10
1.88161532365235e+10 0.00000000000000e+00 0.00000000000000e+00 3.34706161189585e+10
1.88161532365235e+10 0.00000000000000e+00 0.00000000000000e+00 3.34706161189585e+10
1.90445168024710e+10 0.00000000000000e+00 0.00000000000000e+00 3.34437693893410e+10
1.90445168024710e+10 0.00000000000000e+00 0.00000000000000e+00 3.34437693893410e+10
1.92756519188835e+10 0.00000000000000e+00 0.00000000000000e+00 3.34169441934440e+10
1.92756519188835e+10 0.00000000000000e+00 0.00000000000000e+00 3.34169441934440e+10
1.95095922228780e+10 0.00000000000000e+00 0.00000000000000e+00 3.33901405139954e+10
1.95095922228780e+10 0.00000000000000e+00 0.00000000000000e+00 3.33901405139954e+10
1.97463717598107e+10 0.00000000000000e+00 0.00000000000000e+00 3.33633583337367e+10
1.97463717598107e+10 0.00000000000000e+00 0.00000000000000e+00 3.33633583337367e+10
1.99860249882317e+10 0.00000000000000e+00 0.00000000000000e+00 3.33365976354235e+10
1.99860249882317e+10 0.00000000000000e+00 0.00000000000000e+00 3.33365976354235e+10
2.02285867848995e+10 0.00000000000000e+00 0.00000000000000e+00 3.33098584018252e+10
2.02285867848995e+10 0.00000000000000e+00 0.00000000000000e+00 3.33098584018252e+10
2.04740924498572e+10 0.00000000000000e+00 0.00000000000000e+00 3.32831406157250e+10
2.04740924498572e+10 0.00000000000000e+00 0.00000000000000e+00 3.32831406157250e+10
2.07225777115691e+10 0.00000000000000e+00 0.00000000000000e+00 3.32564442599198e+10
2.07225777115691e+10 0.00000000000000e+00 0.00000000000000e+00 3.32564442599198e+10
2.09740787321206e+10 0.00000000000000e+00 0.00000000000000e+00 3.32297693172205e+10
2.09740787321206e+10 0.00000000000000e+00 0.00000000000000e+00 3.32297693172205e+10
2.12286321124807e+10 0.00000000000000e+00 0.00000000000000e+00 3.32031157704516e+10
2.12286321124807e+10 0.00000000000000e+00 0.00000000000000e+00 3.32031157704516e+10
2.14862748978288e+10 0.00000000000000e+00 0.00000000000000e+00 3.31764836024516e+10
2.14862748978288e+10 0.00000000000000e+00 0.00000000000000e+00 3.31764836024516e+10
2.17470445829456e+10 0.00000000000000e+00 0.00000000000000e+00 3.31498727960724e+10
2.17470445829456e+10 0.00000000000000e+00 0.00000000000000e+00 3.31498727960724e+10
2.20109791176698e+10 0.00000000000000e+00 0.00000000000000e+00 3.31232833341800e+10
2.20109791176698e+10 0.00000000000000e+00 0.00000000000000e+00 3.31232833341800e+10
2.22781169124211e+10 0.00000000000000e+00 0.00000000000000e+00 3.30967151996541e+10
2.22781169124211e+10 0.00000000000000e+00 0.00000000000000e+00 3.30967151996541e+10
2.25484968437899e+10 0.00000000000000e+00 0.00000000000000e+00 3.30701683753879e+10
2.25484968437899e+10 0.00000000000000e+00 0.00000000000000e+00 3.30701683753879e+10
2.28221582601951e+10 0.00000000000000e+00 0.00000000000000e+00 3.30436428442886e+10
2.28221582601951e+10 0.00000000000000e+00 0.00000000000000e+00 3.30436428442886e+10
2.30991409876104e+10 0.00000000000000e+00 0.00000000000000e+00 3.30171385892769e+10
2.30991409876104e+10 0.00000000000000e+00 0.00000000000000e+00 3.30171385892769e+10
2.33794853353603e+10 0.00000000000000e+00 0.00000000000000e+00 3.29906555932873e+10
2.33794853353603e+10 0.00000000000000e+00 0.00000000000000e+00 3.29906555932873e+10
2.36632321019862e+10 0.00000000000000e+00 0.00000000000000e+00 3.29641938392680e+10
2.36632321019862e+10 0.00000000000000e+00 0.00000000000000e+00 3.29641938392680e+10
2.39504225811839e+10 0.00000000000000e+00 0.00000000000000e+00 3.29377533101808e+10
2.39504225811839e+10 0.00000000000000e+00 0.00000000000000e+00 3.29377533101808e+10
2.42410985678129e+10 0.00000000000000e+00 0.00000000000000e+00 3.29113339890012e+10
2.42410985678129e+10 0.00000000000000e+00 0.00000000000000e+00 3.29113339890012e+10
2.45353023639791e+10 0.00000000000000e+00 0.00000000000000e+00 3.28849358587184e+10
2.45353023639791e+10 0.00000000000000e+00 0.00000000000000e+00 3.28849358587184e+10
2.48330767851910e+10 0.00000000000000e+00 0.00000000000000e+00 3.28585589023353e+10
2.48330767851910e+10 0.00000000000000e+00 0.00000000000000e+00 3.28585589023353e+10
2.51344651665902e+10 0.00000000000000e+00 0.00000000000000e+00 3.28322031028683e+10
2.51344651665902e+10 0.00000000000000e+00 0.00000000000000e+00 3.28322031028683e+10
2.54395113692585e+10 0.00000000000000e+00 0.00000000000000e+00 3.28058684433474e+10
2.54395113692585e+10 0.00000000000000e+00 0.00000000000000e+00 3.28058684433474e+10
2.57490784645573e+10 0.00000000000000e+00 0.00000000000000e+00 3.27795591375004e+10
2.57490784645573e+10 0.00000000000000e+00 0.00000000000000e+00 3.27795591375004e+10
2.60635529843287e+10 0.00000000000000e+00 0.00000000000000e+00 3.27532768901404e+10
2.60635529843287e+10 0.00000000000000e+00 0.00000000000000e+00 3.27532768901404e+10
2.63825802262671e+10 0.00000000000000e+00 0.00000000000000e+00 3.27270195830333e+10
2.63825802262671e+10 0.00000000000000e+00 0.00000000000000e+00 3.27270195830333e+10
2.67058011831973e+10 0.00000000000000e+00 0.00000000000000e+00 3.27007850996442e+10
2.67058011831973e+10 0.00000000000000e+00 0.00000000000000e+00 3.27007850996442e+10
2.70328524908285e+10 4.24473976303658e+06 4.66358347886432e+06 3.26745713251358e+10
2.70328524908285e+10 4.24473976303658e+06 4.66358347886432e+06 3.26745713251358e+10
2.73633663748734e+10 7.81785044085947e+07 8.58926581877008e+07 3.26483761463670e+10
2.73633663748734e+10 7.81785044085947e+07 8.58926581877008e+07 3.26483761463670e+10
2.76969705975264e+10 1.52112269054153e+08 1.67121732896538e+08 3.26221974518917e+10
2.76969705975264e+10 1.52112269054153e+08 1.67121732896538e+08 3.26221974518917e+10
2.80332884032916e+10 2.26046033699711e+08 2.48350807605375e+08 3.25960331319575e+10
2.80332884032916e+10 2.26046033699711e+08 2.48350807605375e+08 3.25960331319575e+10
2.84233429886506e+10 2.95288690762317e+08 3.25142052646943e+08 3.27059993054709e+10
2.84233429886506e+10 2.95288690762317e+08 3.25142052646943e+08 3.27059993054709e+10
2.88821935595740e+10 3.58430735586730e+08 3.96162064029847e+08 3.29929923684269e+10
2.88821935595740e+10 3.58430735586730e+08 3.96162064029847e+08 3.29929923684269e+10
2.94086307978930e+10 4.15472168172949e+08 4.61410841754086e+08 3.34570059854615e+10
2.94086307978930e+10 4.15472168172949e+08 4.61410841754086e+08 3.34570059854615e+10
3.00019177227093e+10 4.66412988520976e+08 5.20888385819660e+08 3.40980363318272e+10
3.00019177227093e+10 4.66412988520976e+08 5.20888385819660e+08 3.40980363318272e+10
3.06620543340231e+10 5.11253196630809e+08 5.74594696226570e+08 3.49160834075240e+10
3.06620543340231e+10 5.11253196630809e+08 5.74594696226570e+08 3.49160834075240e+10
3.13890406318344e+10 5.49992792502449e+08 6.22529772974814e+08 3.59111472125519e+10
3.13890406318344e+10 5.49992792502449e+08 6.22529772974814e+08 3.59111472125519e+10
3.21828766161430e+10 5.82631776135895e+08 6.64693616064394e+08 3.70832277469109e+10
3.21828766161430e+10 5.82631776135895e+08 6.64693616064394e+08 3.70832277469109e+10
3.30435622869490e+10 6.09170147531149e+08 7.01086225495309e+08 3.84323250106011e+10
3.30435622869490e+10 6.09170147531149e+08 7.01086225495309e+08 3.84323250106011e+10
3.39881395264963e+10 6.28975196780795e+08 7.38376174944574e+08 3.98667957062024e+10
3.39881395264963e+10 6.28975196780795e+08 7.38376174944574e+08 3.98667957062024e+10
3.50169472433884e+10 6.42034341305747e+08 7.76696081042174e+08 4.13848173412521e+10
3.50169472433884e+10 6.42034341305747e+08 7.76696081042174e+08 4.13848173412521e+10
3.60785809131281e+10 6.53038688688957e+08 8.20483773455379e+08 4.28502716887832e+10
3.60785809131281e+10 6.53038688688957e+08 8.20483773455379e+08 4.28502716887832e+10
3.71575953737151e+10 6.63397743585668e+08 8.71072656175585e+08 4.42222602464315e+10
3.71575953737151e+10 6.63397743585668e+08 8.71072656175585e+08 4.42222602464315e+10
3.82539906251495e+10 6.73111505995877e+08 9.28462729202792e+08 4.55007830141970e+10
3.82539906251495e+10 6.73111505995877e+08 9.28462729202792e+08 4.55007830141970e+10
3.93677666674312e+10 6.82179975919587e+08 9.92653992537000e+08 4.66858399920797e+10
3.93677666674312e+10 6.82179975919587e+08 9.92653992537000e+08 4.66858399920797e+10
4.04989235005603e+10 6.90603153356795e+08 1.06364644617821e+09 4.77774311800795e+10
4.04989235005603e+10 6.90603153356795e+08 1.06364644617821e+09 4.77774311800795e+10
4.16563857354060e+10 7.01876624162743e+08 1.13883939872328e+09 4.87929074732557e+10
4.16563857354060e+10 7.01876624162743e+08 1.13883939872328e+09 4.87929074732557e+10
4.28777001975241e+10 7.30706704864040e+08 1.20729145363769e+09 4.98052660072326e+10
4.28777001975241e+10 7.30706704864040e+08 1.20729145363769e+09 4.98052660072326e+10
4.41628668869145e+10 7.77093395460684e+08 1.26900261092144e+09 5.08145067820102e+10
4.41628668869145e+10 7.77093395460684e+08 1.26900261092144e+09 5.08145067820102e+10
4.54948439213334e+10 8.41669405860093e+08 1.31730429689751e+09 5.19122730950083e+10
4.54948439213334e+10 8.41669405860093e+08 1.31730429689751e+09 5.19122730950083e+10
4.68732923921772e+10 9.24447318641352e+08 1.35206389493592e+09 5.31003874386899e+10
4.68732923921772e+10 9.24447318641352e+08 1.35206389493592e+09 5.31003874386899e+10
4.82982122994460e+10 1.02542713380446e+09 1.37328140503668e+09 5.43788498130550e+10
4.82982122994460e+10 1.02542713380446e+09 1.37328140503668e+09 5.43788498130550e+10
4.97696036431399e+10 1.14460885134942e+09 1.38095682719977e+09 5.57476602181036e+10
4.97696036431399e+10 1.14460885134942e+09 1.38095682719977e+09 5.57476602181036e+10
5.12874664232587e+10 1.28199247127622e+09 1.37509016142520e+09 5.72068186538357e+10
5.12874664232587e+10 1.28199247127622e+09 1.37509016142520e+09 5.72068186538357e+10
5.28209515863305e+10 1.43158142590952e+09 1.36115095257159e+09 5.87641905593761e+10
5.28209515863305e+10 1.43158142590952e+09 1.36115095257159e+09 5.87641905593761e+10
5.43244714189783e+10 1.58451418539145e+09 1.34722191356700e+09 6.04313992211484e+10
5.43244714189783e+10 1.58451418539145e+09 1.34722191356700e+09 6.04313992211484e+10
5.57891013103328e+10 1.73729516386678e+09 1.33590373581458e+09 6.21910937440934e+10
5.57891013103328e+10 1.73729516386678e+09 1.33590373581458e+09 6.21910937440934e+10
5.71772944348383e+10 1.87521804480889e+09 1.33813781584884e+09 6.39702769925869e+10
5.71772944348383e+10 1.87521804480889e+09 1.33813781584884e+09 6.39702769925869e+10
5.84890507924949e+10 1.99828282821779e+09 1.35392415366978e+09 6.57689489666288e+10
5.84890507924949e+10 1.99828282821779e+09 1.35392415366978e+09 6.57689489666288e+10
5.97243703833025e+10 2.10648951409347e+09 1.38326274927740e+09 6.75871096662192e+10
5.97243703833025e+10 2.10648951409347e+09 1.38326274927740e+09 6.75871096662192e+10
6.08832532072612e+10 2.19983810243593e+09 1.42615360267171e+09 6.94247590913580e+10
6.08832532072612e+10 2.19983810243593e+09 1.42615360267171e+09 6.94247590913580e+10
6.19656992643709e+10 2.27832859324518e+09 1.48259671385270e+09 7.12818972420453e+10
6.19656992643709e+10 2.27832859324518e+09 1.48259671385270e+09 7.12818972420453e+10
6.29816764743962e+10 2.34776314130420e+09 1.56799726154470e+09 7.31608401574732e+10
6.29816764743962e+10 2.34776314130420e+09 1.56799726154470e+09 7.31608401574732e+10
6.39374214045309e+10 2.41177194519287e+09 1.69199370939085e+09 7.50630368996712e+10
6.39374214045309e+10 2.41177194519287e+09 1.69199370939085e+09 7.50630368996712e+10
6.48637831082470e+10 2.47635157258653e+09 1.84911651253254e+09 7.69806220295146e+10
6.48637831082470e+10 2.47635157258653e+09 1.84911651253254e+09 7.69806220295146e+10
6.58063492989216e+10 2.55036355334306e+09 2.03128295804170e+09 7.89019722605798e+10
6.58063492989216e+10 2.55036355334306e+09 2.03128295804170e+09 7.89019722605798e+10
6.67651199765545e+10 2.63380788746245e+09 2.23849304591833e+09 8.08270875928667e+10
6.67651199765545e+10 2.63380788746245e+09 2.23849304591833e+09 8.08270875928667e+10
6.77400951411457e+10 2.72668457494470e+09 2.47074677616244e+09 8.27559680263754e+10
6.77400951411457e+10 2.72668457494470e+09 2.47074677616244e+09 8.27559680263754e+10
6.87312747926954e+10 2.82899361578981e+09 2.72804414877402e+09 8.46886135611057e+10
6.87312747926954e+10 2.82899361578981e+09 2.72804414877402e+09 8.46886135611057e+10
6.97386589312034e+10 2.94073500999778e+09 3.01038516375307e+09 8.66250241970578e+10
6.97386589312034e+10 2.94073500999778e+09 3.01038516375307e+09 8.66250241970578e+10
7.07506684613580e+10 3.09175295480479e+09 3.29952005370840e+09 8.84356651429903e+10
7.07506684613580e+10 3.09175295480479e+09 3.29952005370840e+09 8.84356651429903e+10
7.17648756906974e+10 3.28830463444743e+09 3.59162254192905e+09 9.00933779182298e+10
7.17648756906974e+10 3.28830463444743e+09 3.59162254192905e+09 9.00933779182298e+10
7.27713126994572e+10 3.52458789414273e+09 3.87128744969069e+09 9.15958464835843e+10
7.27713126994572e+10 3.52458789414273e+09 3.87128744969069e+09 9.15958464835843e+10
7.37637429204434e+10 3.79697253531079e+09 4.12887631335018e+09 9.29416217770242e+10
7.37637429204434e+10 3.79697253531079e+09 4.12887631335018e+09 9.29416217770242e+10
7.47421663536560e+10 4.10545855795164e+09 4.36438913290751e+09 9.41307037985494e+10
7.47421663536560e+10 4.10545855795164e+09 4.36438913290751e+09 9.41307037985494e+10
7.57065829990951e+10 4.45004596206526e+09 4.57782590836270e+09 9.51630925481599e+10
7.57065829990951e+10 4.45004596206526e+09 4.57782590836270e+09 9.51630925481599e+10
7.66569928567607e+10 4.83073474765165e+09 4.76918663971573e+09 9.60387880258559e+10
7.66569928567607e+10 4.83073474765165e+09 4.76918663971573e+09 9.60387880258559e+10
7.75885199183010e+10 5.24648830561001e+09 4.93950373465669e+09 9.67581872902367e+10
7.75885199183010e+10 5.24648830561001e+09 4.93950373465669e+09 9.67581872902367e+10
7.83784679455604e+10 5.67122217751963e+09 5.11475593043971e+09 9.73312816278172e+10
7.83784679455604e+10 5.67122217751963e+09 5.11475593043971e+09 9.73312816278172e+10
7.90268369385388e+10 6.10493636338050e+09 5.29494322706479e+09 9.77580710385975e+10
7.90268369385388e+10 6.10493636338050e+09 5.29494322706479e+09 9.77580710385975e+10
7.95452059925480e+10 6.51778666595646e+09 5.49831539192313e+09 9.81680903138189e+10
7.95452059925480e+10 6.51778666595646e+09 5.49831539192313e+09 9.81680903138189e+10
7.99360028000499e+10 6.90351590101089e+09 5.72869870172569e+09 9.85884979341546e+10
7.99360028000499e+10 6.90351590101089e+09 5.72869870172569e+09 9.85884979341546e+10
8.01992273610443e+10 7.26212406854381e+09 5.98609315647246e+09 9.90192938996048e+10
8.01992273610443e+10 7.26212406854381e+09 5.98609315647246e+09 9.90192938996048e+10
8.03348796755314e+10 7.59361116855522e+09 6.27049875616344e+09 9.94604782101692e+10
8.03348796755314e+10 7.59361116855522e+09 6.27049875616344e+09 9.94604782101692e+10
8.03429597435110e+10 7.89797720104510e+09 6.58191550079863e+09 9.99120508658480e+10
8.03429597435110e+10 7.89797720104510e+09 6.58191550079863e+09 9.99120508658480e+10
8.02263671358564e+10 8.18998203601393e+09 6.92189293515166e+09 1.00365495369703e+11
8.02263671358564e+10 8.18998203601393e+09 6.92189293515166e+09 1.00365495369703e+11
7.99938114471364e+10 8.51396067654101e+09 7.29508550890997e+09 1.00795230268919e+11
7.99938114471364e+10 8.51396067654101e+09 7.29508550890997e+09 1.00795230268919e+11
7.96501686857026e+10 8.87094973172715e+09 7.70046081438347e+09 1.01200858504896e+11
7.96501686857026e+10 8.87094973172715e+09 7.70046081438347e+09 1.01200858504896e+11
7.93181350897107e+10 9.28703365999306e+09 8.11204011431804e+09 1.01572388791120e+11
7.93181350897107e+10 9.28703365999306e+09 8.11204011431804e+09 1.01572388791120e+11
7.89977106591608e+10 9.76221246133874e+09 8.52982340871367e+09 1.01909821127591e+11
7.89977106591608e+10 9.76221246133874e+09 8.52982340871367e+09 1.01909821127591e+11
7.86888953940528e+10 1.02964861357642e+10 8.95381069757036e+09 1.02213155514308e+11
7.86888953940528e+10 1.02964861357642e+10 8.95381069757036e+09 1.02213155514308e+11
7.83916892943868e+10 1.08898546832694e+10 9.38400198088812e+09 1.02482391951272e+11
7.83916892943868e+10 1.08898546832694e+10 9.38400198088812e+09 1.02482391951272e+11
7.81060923601627e+10 1.15423181038544e+10 9.82039725866694e+09 1.02717530438482e+11
7.81060923601627e+10 1.15423181038544e+10 9.82039725866694e+09 1.02717530438482e+11
7.78139954681286e+10 1.22398873470266e+10 1.02622444243273e+10 1.02882391710364e+11
7.78139954681286e+10 1.22398873470266e+10 1.02622444243273e+10 1.02882391710364e+11
7.74942518570959e+10 1.29662268284567e+10 1.07086652123670e+10 1.02934727764161e+11
7.74942518570959e+10 1.29662268284567e+10 1.07086652123670e+10 1.02934727764161e+11
7.71439619561916e+10 1.37065766781440e+10 1.11581100780125e+10 1.02883055096811e+11
7.71439619561916e+10 1.37065766781440e+10 1.11581100780125e+10 1.02883055096811e+11
7.67544161708469e+10 1.44166018930094e+10 1.16059245715762e+10 1.02752955161129e+11
7.67544161708469e+10 1.44166018930094e+10 1.16059245715762e+10 1.02752955161129e+11
7.63256145010618e+10 1.50963024730528e+10 1.20521086930583e+10 1.02544427957116e+11
7.63256145010618e+10 1.50963024730528e+10 1.20521086930583e+10 1.02544427957116e+11
7.58575569468363e+10 1.57456784182743e+10 1.24966624424587e+10 1.02257473484770e+11
7.58575569468363e+10 1.57456784182743e+10 1.24966624424587e+10 1.02257473484770e+11
7.53502435081704e+10 1.63647297286737e+10 1.29395858197775e+10 1.01892091744093e+11
7.53502435081704e+10 1.63647297286737e+10 1.29395858197775e+10 1.01892091744093e+11
7.48036741850641e+10 1.69534564042512e+10 1.33808788250145e+10 1.01448282735085e+11
7.48036741850641e+10 1.69534564042512e+10 1.33808788250145e+10 1.01448282735085e+11
7.41852959323060e+10 1.75039786957621e+10 1.38177716634254e+10 1.00887763016525e+11
7.41852959323060e+10 1.75039786957621e+10 1.38177716634254e+10 1.00887763016525e+11
7.34792812393410e+10 1.80124654158770e+10 1.42489176420887e+10 1.00191918920598e+11
7.34792812393410e+10 1.80124654158770e+10 1.42489176420887e+10 1.00191918920598e+11
7.27037392294212e+10 1.84929056150885e+10 1.46750688675840e+10 9.93969297128769e+10
7.27037392294212e+10 1.84929056150885e+10 1.46750688675840e+10 9.93969297128769e+10
7.18798166637349e+10 1.89616348777261e+10 1.50971036054134e+10 9.85450433961200e+10
7.18798166637349e+10 1.89616348777261e+10 1.50971036054134e+10 9.85450433961200e+10
7.10075135422822e+10 1.94186532037897e+10 1.55150218555770e+10 9.76362599703270e+10
7.10075135422822e+10 1.94186532037897e+10 1.55150218555770e+10 9.76362599703270e+10
7.00868298650629e+10 1.98639605932794e+10 1.59288236180746e+10 9.66705794354979e+10
7.00868298650629e+10 1.98639605932794e+10 1.59288236180746e+10 9.66705794354979e+10
6.91177656320772e+10 2.02975570461952e+10 1.63385088929065e+10 9.56480017916326e+10
6.91177656320772e+10 2.02975570461952e+10 1.63385088929065e+10 9.56480017916326e+10
6.81003208433250e+10 2.07194425625370e+10 1.67440776800724e+10 9.45685270387312e+10
6.81003208433250e+10 2.07194425625370e+10 1.67440776800724e+10 9.45685270387312e+10
6.70304449336191e+10 2.11053117091318e+10 1.71303364016422e+10 9.33844226118670e+10
6.70304449336191e+10 2.11053117091318e+10 1.71303364016422e+10 9.33844226118670e+10
6.59076084429136e+10 2.14519874587821e+10 1.74952990650201e+10 9.20894492617370e+10
6.59076084429136e+10 2.14519874587821e+10 1.74952990650201e+10 9.20894492617370e+10
6.47643644164196e+10 2.17673495607324e+10 1.78417354649508e+10 9.07218904295606e+10
6.47643644164196e+10 2.17673495607324e+10 1.78417354649508e+10 9.07218904295606e+10
6.36165403646925e+10 2.20552292023121e+10 1.81709922943555e+10 8.93003597831546e+10
6.36165403646925e+10 2.20552292023121e+10 1.81709922943555e+10 8.93003597831546e+10
6.24641362877322e+10 2.23156263835210e+10 1.84830695532343e+10 8.78248573225190e+10
6.24641362877322e+10 2.23156263835210e+10 1.84830695532343e+10 8.78248573225190e+10
6.13071521855386e+10 2.25485411043594e+10 1.87779672415871e+10 8.62953830476538e+10
6.13071521855386e+10 2.25485411043594e+10 1.87779672415871e+10 8.62953830476538e+10
6.01455880581119e+10 2.27539733648270e+10 1.90556853594140e+10 8.47119369585589e+10
6.01455880581119e+10 2.27539733648270e+10 1.90556853594140e+10 8.47119369585589e+10
5.89780258821453e+10 2.29311028304443e+10 1.93187997619894e+10 8.30772085511607e+10
5.89780258821453e+10 2.29311028304443e+10 1.93187997619894e+10 8.30772085511607e+10
5.77911036940793e+10 2.30721995299374e+10 1.95915826063028e+10 8.14165408126972e+10
5.77911036940793e+10 2.30721995299374e+10 1.95915826063028e+10 8.14165408126972e+10
5.65848214939136e+10 2.31772634633065e+10 1.98740338923543e+10 7.97299337431682e+10
5.65848214939136e+10 2.31772634633065e+10 1.98740338923543e+10 7.97299337431682e+10
5.53632298468357e+10 2.32706000637246e+10 2.01813471980742e+10 7.80651199075006e+10
5.53632298468357e+10 2.32706000637246e+10 2.01813471980742e+10 7.80651199075006e+10
5.41268582128913e+10 2.33553863583892e+10 2.05155085160581e+10 7.64283385549971e+10
5.41268582128913e+10 2.33553863583892e+10 2.05155085160581e+10 7.64283385549971e+10
5.28757065920806e+10 2.34316223473005e+10 2.08765178463060e+10 7.48195896856580e+10
5.28757065920806e+10 2.34316223473005e+10 2.08765178463060e+10 7.48195896856580e+10
5.16097749844036e+10 2.34993080304583e+10 2.12643751888179e+10 7.32388732994831e+10
5.16097749844036e+10 2.34993080304583e+10 2.12643751888179e+10 7.32388732994831e+10
5.03290633898602e+10 2.35584434078628e+10 2.16790805435938e+10 7.16861893964725e+10
5.03290633898602e+10 2.35584434078628e+10 2.16790805435938e+10 7.16861893964725e+10
4.90421770178493e+10 2.36085169189280e+10 2.21140336500539e+10 7.01624153523343e+10
4.90421770178493e+10 2.36085169189280e+10 2.21140336500539e+10 7.01624153523343e+10
4.77684963322930e+10 2.36483764381195e+10 2.25543695460440e+10 6.86695271734004e+10
4.77684963322930e+10 2.36483764381195e+10 2.25543695460440e+10 6.86695271734004e+10
4.65094393564980e+10 2.36788422999171e+10 2.29975123762896e+10 6.72048353637445e+10
4.65094393564980e+10 2.36788422999171e+10 2.29975123762896e+10 6.72048353637445e+10
4.52783680540240e+10 2.37076444755944e+10 2.34191899838013e+10 6.57429969361287e+10
4.52783680540240e+10 2.37076444755944e+10 2.34191899838013e+10 6.57429969361287e+10
4.40752824248710e+10 2.37347829651514e+10 2.38194023685790e+10 6.42840118905529e+10
4.40752824248710e+10 2.37347829651514e+10 2.38194023685790e+10 6.42840118905529e+10
4.29001824690390e+10 2.37602577685882e+10 2.41981495306227e+10 6.28278802270172e+10
4.29001824690390e+10 2.37602577685882e+10 2.41981495306227e+10 6.28278802270172e+10
4.17530681865281e+10 2.37840688859047e+10 2.45554314699323e+10 6.13746019455215e+10
4.17530681865281e+10 2.37840688859047e+10 2.45554314699323e+10 6.13746019455215e+10
4.06339395773382e+10 2.38062163171009e+10 2.48912481865080e+10 5.99241770460658e+10
4.06339395773382e+10 2.38062163171009e+10 2.48912481865080e+10 5.99241770460658e+10
3.95287823562264e+10 2.38075381510541e+10 2.51958899741190e+10 5.84944038828550e+10
3.95287823562264e+10 2.38075381510541e+10 2.51958899741190e+10 5.84944038828550e+10
3.84246099111711e+10 2.37702776273562e+10 2.54603591432308e+10 5.71017756495613e+10
3.84246099111711e+10 2.37702776273562e+10 2.54603591432308e+10 5.71017756495613e+10
3.73128170327732e+10 2.36949463065931e+10 2.56912559544231e+10 5.57454149704763e+10
3.73128170327732e+10 2.36949463065931e+10 2.56912559544231e+10 5.57454149704763e+10
3.61740232571106e+10 2.35826963142991e+10 2.59034453698503e+10 5.44233458392683e+10
3.61740232571106e+10 2.35826963142991e+10 2.59034453698503e+10 5.44233458392683e+10
3.50082285841834e+10 2.34335276504742e+10 2.60969273895122e+10 5.31355682559372e+10
3.50082285841834e+10 2.34335276504742e+10 2.60969273895122e+10 5.31355682559372e+10
3.38154330139915e+10 2.32474403151185e+10 2.62717020134090e+10 5.18820822204831e+10
3.38154330139915e+10 2.32474403151185e+10 2.62717020134090e+10 5.18820822204831e+10
3.25956365465350e+10 2.30244343082319e+10 2.64277692415405e+10 5.06628877329059e+10
3.25956365465350e+10 2.30244343082319e+10 2.64277692415405e+10 5.06628877329059e+10
3.13488391818137e+10 2.27645096298145e+10 2.65651290739068e+10 4.94779847932057e+10
3.13488391818137e+10 2.27645096298145e+10 2.65651290739068e+10 4.94779847932057e+10
3.00806205252486e+10 2.24335877524723e+10 2.66525094869308e+10 4.83077791649570e+10
3.00806205252486e+10 2.24335877524723e+10 2.66525094869308e+10 4.83077791649570e+10
2.87930382564055e+10 2.20191009972812e+10 2.66783778006027e+10 4.71450447708907e+10
2.87930382564055e+10 2.20191009972812e+10 2.66783778006027e+10 4.71450447708907e+10
2.75001066605273e+10 2.15402112753637e+10 2.66524437211534e+10 4.59719832568020e+10
2.75001066605273e+10 2.15402112753637e+10 2.66524437211534e+10 4.59719832568020e+10
2.62148123496357e+10 2.10146753471280e+10 2.65837049381173e+10 4.47721014290187e+10
2.62148123496357e+10 2.10146753471280e+10 2.65837049381173e+10 4.47721014290187e+10
2.49371553237308e+10 2.04424932125742e+10 2.64721614514944e+10 4.35453992875410e+10
2.49371553237308e+10 2.04424932125742e+10 2.64721614514944e+10 4.35453992875410e+10
2.36671355828126e+10 1.98236648717023e+10 2.63178132612848e+10 4.22918768323687e+10
2.36671355828126e+10 1.98236648717023e+10 2.63178132612848e+10 4.22918768323687e+10
2.24047531268810e+10 1.91581903245121e+10 2.61206603674884e+10 4.10115340635020e+10
2.24047531268810e+10 1.91581903245121e+10 2.61206603674884e+10 4.10115340635020e+10
2.11500079559362e+10 1.84460695710038e+10 2.58807027701053e+10 3.97043709809407e+10
2.11500079559362e+10 1.84460695710038e+10 2.58807027701053e+10 3.97043709809407e+10
1.99159689404288e+10 1.76642126062188e+10 2.55228253912890e+10 3.83200708751348e+10
1.99159689404288e+10 1.76642126062188e+10 2.55228253912890e+10 3.83200708751348e+10
1.87034389991623e+10 1.68112008378449e+10 2.50424133480127e+10 3.68555424129524e+10
1.87034389991623e+10 1.68112008378449e+10 2.50424133480127e+10 3.68555424129524e+10
1.75068385267159e+10 1.59211127932759e+10 2.44707386638536e+10 3.53303798308189e+10
1.75068385267159e+10 1.59211127932759e+10 2.44707386638536e+10 3.53303798308189e+10
1.63241098435236e+10 1.50065161514360e+10 2.38193340188214e+10 3.37518092060032e+10
1.63241098435236e+10 1.50065161514360e+10 2.38193340188214e+10 3.37518092060032e+10
1.51552529495856e+10 1.40674109123254e+10 2.30881994129159e+10 3.21198305385055e+10
1.51552529495856e+10 1.40674109123254e+10 2.30881994129159e+10 3.21198305385055e+10
1.40002678449017e+10 1.31037970759440e+10 2.22773348461373e+10 3.04344438283257e+10
1.40002678449017e+10 1.31037970759440e+10 2.22773348461373e+10 3.04344438283257e+10
1.28591545294721e+10 1.21156746422918e+10 2.13867403184855e+10 2.86956490754638e+10
1.28591545294721e+10 1.21156746422918e+10 2.13867403184855e+10 2.86956490754638e+10
1.17379244184153e+10 1.11096103794046e+10 2.04114422061320e+10 2.69049682045832e+10
1.17379244184153e+10 1.11096103794046e+10 2.04114422061320e+10 2.69049682045832e+10
1.06696869446563e+10 1.01217724709002e+10 1.93240469817144e+10 2.50707836117700e+10
1.06696869446563e+10 1.01217724709002e+10 1.93240469817144e+10 2.50707836117700e+10
9.65444210819512e+09 9.15216091677877e+09 1.81245546452327e+10 2.31930952970240e+10
9.65444210819512e+09 9.15216091677877e+09 1.81245546452327e+10 2.31930952970240e+10
8.67912103858091e+09 8.22386572199867e+09 1.68880802745333e+10 2.13222199698953e+10
8.67912103858091e+09 8.22386572199867e+09 1.68880802745333e+10 2.13222199698953e+10
7.74292081701030e+09 7.33830547887226e+09 1.56192387526429e+10 1.94612489635160e+10
7.74292081701030e+09 7.33830547887226e+09 1.56192387526429e+10 1.94612489635160e+10
6.84584144348328e+09 6.49548018739952e+09 1.43180300795615e+10 1.76101822778860e+10
6.84584144348328e+09 6.49548018739952e+09 1.43180300795615e+10 1.76101822778860e+10
5.98788291799986e+09 5.69538984758046e+09 1.29844542552892e+10 1.57690199130055e+10
5.98788291799986e+09 5.69538984758046e+09 1.29844542552892e+10 1.57690199130055e+10
5.16904524056002e+09 4.93803445941507e+09 1.16185112798260e+10 1.39377618688743e+10
5.16904524056002e+09 4.93803445941507e+09 1.16185112798260e+10 1.39377618688743e+10
4.40876954290543e+09 4.23964781181910e+09 1.02541225662213e+10 1.21609972883275e+10
4.40876954290543e+09 4.23964781181910e+09 1.02541225662213e+10 1.21609972883275e+10
3.74084790511616e+09 3.62844706325505e+09 8.95024945075089e+09 1.05162298838757e+10
3.74084790511616e+09 3.62844706325505e+09 8.95024945075089e+09 1.05162298838757e+10
3.15926891207356e+09 3.09786544568712e+09 7.71186555724314e+09 9.00193773085548e+09
3.15926891207356e+09 3.09786544568712e+09 7.71186555724314e+09 9.00193773085548e+09
2.63092313085269e+09 2.61173477549742e+09 6.56636441306063e+09 7.60973843318086e+09
2.63092313085269e+09 2.61173477549742e+09 6.56636441306063e+09 7.60973843318086e+09
2.15581056145355e+09 2.17005505268596e+09 5.51374601820334e+09 6.33963199085187e+09
2.15581056145355e+09 2.17005505268596e+09 5.51374601820334e+09 6.33963199085187e+09
1.73393120387614e+09 1.77282627725274e+09 4.55401037267129e+09 5.19161840386850e+09
1.73393120387614e+09 1.77282627725274e+09 4.55401037267129e+09 5.19161840386850e+09
1.36528505812045e+09 1.42004844919775e+09 3.68715747646447e+09 4.16569767223076e+09
1.36528505812045e+09 1.42004844919775e+09 3.68715747646447e+09 4.16569767223076e+09
1.04987212418649e+09 1.11172156852100e+09 2.91318732958287e+09 3.26186979593863e+09
1.04987212418649e+09 1.11172156852100e+09 2.91318732958287e+09 3.26186979593863e+09
7.96718495827462e+08 8.57753319969586e+08 2.26106342732155e+09 2.51179470965777e+09
7.96718495827462e+08 8.57753319969586e+08 2.26106342732155e+09 2.51179470965777e+09
6.12447978191892e+08 6.65414464853157e+08 1.75204065075094e+09 1.93870607835719e+09
6.12447978191892e+08 6.65414464853157e+08 1.75204065075094e+09 1.93870607835719e+09
4.77619439538136e+08 5.18471214255962e+08 1.35219758682152e+09 1.49801475920180e+09
4.77619439538136e+08 5.18471214255962e+08 1.35219758682152e+09 1.49801475920180e+09
3.58440799786112e+08 3.88706409715514e+08 1.00257289925758e+09 1.11221703968107e+09
3.58440799786112e+08 3.88706409715514e+08 1.00257289925758e+09 1.11221703968107e+09
2.99243027091704e+08 3.24253797578765e+08 8.29016976609960e+08 9.20691571171338e+08
2.99243027091704e+08 3.24253797578765e+08 8.29016976609960e+08 9.20691571171338e+08
1.80847481702887e+08 1.95348573305267e+08 4.81905131314724e+08 5.37640634151881e+08
1.80847481702887e+08 1.95348573305267e+08 4.81905131314724e+08 5.37640634151881e+08
6.24519363140714e+07 6.64433490317694e+07 1.34793286019490e+08 1.54589697132423e+08
6.24519363140714e+07 6.64433490317694e+07 1.34793286019490e+08 1.54589697132423e+08
0.00000000000000e+00 0.00000000000000e+00 0.00000000000000e+00 0.00000000000000e+00
0.00000000000000e+00 0.00000000000000e+00 0.00000000000000e+00 0.00000000000000e+00
0.00000000000000e+00 0.00000000000000e+00 0.00000000000000e+00 0.00000000000000e+00
0.00000000000000e+00 0.00000000000000e+00 0.00000000000000e+00 0.00000000000000e+00
---