1.429873211264406807e+00
1.056868450426769135e+00
1.529263788526076029e+00
2.321512434649109835e+00
3.431057681406736837e+00
4.593996613653660077e+00
6.424675677241802774e+00
9.502994594796657424e+00
1.058409534821748643e+01
1.057906685684204184e+01
1.044275239724922244e+01
9.956525850909232034e+00
9.141848347475349357e+00
7.870953133085161646e+00
6.283909839929938457e+00
4.650719759659766694e+00
3.142703915088772781e+00
1.878731954564266005e+00
1.431774505468272007e+00
1.009396939183341946e+00
1.443398241772654744e+00
1.093494696702957070e+00
1.404168803774416663e+00
1.861814301074087741e+00
2.467092661407649601e+00
2.222798302669018788e+00
2.194258653867244835e+00
2.097769872776627853e+00
1.813891595233320997e+00
1.493048978416934514e+00
1.123672764131248059e+00
2.061055501866402739e+00
