5.347659696099606563e+00
4.597539451547467237e+00
5.530395625135828830e+00
6.813974515140351684e+00
8.283788603539731454e+00
9.585402040241881139e+00
1.133549793987172194e+01
1.378622108831615911e+01
1.454929231833458481e+01
1.454583573181138512e+01
1.445181815360906263e+01
1.411136127445487176e+01
1.352172204083144891e+01
1.254667536288810048e+01
1.121062874234084994e+01
9.644397088112627969e+00
7.928056401273609666e+00
6.129815583790863442e+00
5.351213891199401829e+00
4.493099017790153304e+00
5.372891664220775354e+00
4.676525840200087991e+00
5.299375064617367848e+00
6.102154211545440354e+00
7.024375646856665156e+00
6.667530731341279271e+00
6.624588521360771587e+00
6.477298623309917680e+00
6.023108159801418005e+00
5.464520067520906466e+00
4.740617605610577101e+00
6.420366814857858984e+00
