0.000000000000000000e+00
0.000000000000000000e+00
0.000000000000000000e+00
0.000000000000000000e+00
0.000000000000000000e+00
0.000000000000000000e+00
0.000000000000000000e+00
0.000000000000000000e+00
0.000000000000000000e+00
0.000000000000000000e+00
0.000000000000000000e+00
0.000000000000000000e+00
0.000000000000000000e+00
0.000000000000000000e+00
0.000000000000000000e+00
0.000000000000000000e+00
0.000000000000000000e+00
0.000000000000000000e+00
0.000000000000000000e+00
0.000000000000000000e+00
0.000000000000000000e+00
0.000000000000000000e+00
0.000000000000000000e+00
0.000000000000000000e+00
0.000000000000000000e+00
0.000000000000000000e+00
0.000000000000000000e+00
0.000000000000000000e+00
0.000000000000000000e+00
0.000000000000000000e+00
0.000000000000000000e+00
0.000000000000000000e+00
0.000000000000000000e+00
0.000000000000000000e+00
0.000000000000000000e+00
0.000000000000000000e+00
0.000000000000000000e+00
0.000000000000000000e+00
0.000000000000000000e+00
0.000000000000000000e+00
0.000000000000000000e+00
0.000000000000000000e+00
0.000000000000000000e+00
0.000000000000000000e+00
0.000000000000000000e+00
0.000000000000000000e+00
0.000000000000000000e+00
0.000000000000000000e+00
0.000000000000000000e+00
0.000000000000000000e+00
0.000000000000000000e+00
0.000000000000000000e+00
0.000000000000000000e+00
0.000000000000000000e+00
2.093699653663328442e-01
0.000000000000000000e+00
5.699562503688885284e-01
nan
6.942438252891738326e-01
7.391381906539731261e-01
8.276306590667643626e-01
1.396401501150131175e+00
2.048907619957329285e+00
3.040889430285620865e+00
4.031146647654765047e+00
5.346676827564555090e+00
6.550701722391049309e+00
7.441593852109289031e+00
8.040296977664704414e+00
9.623525459990394992e+00
1.029468040515414096e+01
1.118517605569355311e+01
1.197803434160144498e+01
1.266353130865248033e+01
1.468404455280004406e+01
1.517450177447020643e+01
1.587643415524275881e+01
1.651487489030817102e+01
1.732435065772948590e+01
1.767480911519432851e+01
1.860562331816527859e+01
1.994857615686396457e+01
2.092188623481129284e+01
2.221550069279305006e+01
2.377840711440405030e+01
2.493745237014748639e+01
2.592275207191915243e+01
2.657782371560886503e+01
2.744616779795842731e+01
2.861349960738897025e+01
2.953183501323818305e+01
3.095839329889983205e+01
3.201684002997581047e+01
3.320162815552543378e+01
3.470655432570853804e+01
3.619332496476554439e+01
3.783356611921378487e+01
3.968363086892090053e+01
4.086667312642774164e+01
4.289421504490227477e+01
4.505224091149467114e+01
4.633243160045342535e+01
4.779097024479926858e+01
4.970202680482879742e+01
5.110116917004861392e+01
5.224880817430586433e+01
5.411037177273215093e+01
5.523879341586737013e+01
5.652968947696131607e+01
5.916142174743731630e+01
6.047221050952883559e+01
6.208947396839630528e+01
6.330845966431999727e+01
6.876435132648441595e+01
7.221217555415707068e+01
7.562862371398249195e+01
7.801988191652610283e+01
8.003291915334838791e+01
8.169909403444221141e+01
8.220850196011679145e+01
8.292947713117372643e+01
8.405964934740177341e+01
8.488088365766975585e+01
8.394519817661685579e+01
8.300504153883926506e+01
8.378248042932015949e+01
8.351913960406797344e+01
8.363695610973029204e+01
8.335114543316333879e+01
8.302136869330691127e+01
8.273024082981066840e+01
8.246626289722443914e+01
8.274186470158845452e+01
8.249462342056993691e+01
8.207368782111079497e+01
8.109005081397496895e+01
8.081681890765938192e+01
7.994214390685100113e+01
7.964718991023168826e+01
7.869041344688335471e+01
7.773820855214904668e+01
7.650154967268773021e+01
7.634524435975556855e+01
7.532847101487364228e+01
7.444395589030632721e+01
7.294112598763835820e+01
7.187553355603334637e+01
7.000399384814734560e+01
6.844368456069604179e+01
6.639191241646499009e+01
6.490718695442238584e+01
6.367895754548374754e+01
6.166215148526301704e+01
6.032956270177778180e+01
5.825245661239851103e+01
5.622560776311755149e+01
5.441511682241586101e+01
5.228287107608194617e+01
5.019920693224244701e+01
4.840011776605568627e+01
4.677288025887349221e+01
4.486140492212031461e+01
4.257899742925414444e+01
4.041485239415456476e+01
3.859852323674988384e+01
3.661222230597886806e+01
3.455592007399300059e+01
3.236415120763012254e+01
3.044160936237865300e+01
2.843650277787766356e+01
2.628597838370900064e+01
2.410161003796587309e+01
2.243227416932040441e+01
2.049237200163470618e+01
1.871448528549259294e+01
1.717157962808073890e+01
1.543499744363588633e+01
1.365413968750445406e+01
1.201167699055961791e+01
1.044644754832300748e+01
9.033469245315282947e+00
8.026148137161083440e+00
7.079694111053067118e+00
6.155855669412454212e+00
5.241391561330873472e+00
4.413139593555402307e+00
3.620555596065587523e+00
2.965539415292599568e+00
2.517211962144271009e+00
1.745507037878937684e+00
nan
0.000000000000000000e+00
0.000000000000000000e+00
0.000000000000000000e+00
0.000000000000000000e+00
0.000000000000000000e+00
0.000000000000000000e+00
0.000000000000000000e+00
0.000000000000000000e+00
0.000000000000000000e+00
0.000000000000000000e+00
