0.000000000000000000e+00
0.000000000000000000e+00
0.000000000000000000e+00
0.000000000000000000e+00
0.000000000000000000e+00
0.000000000000000000e+00
0.000000000000000000e+00
0.000000000000000000e+00
0.000000000000000000e+00
0.000000000000000000e+00
0.000000000000000000e+00
0.000000000000000000e+00
0.000000000000000000e+00
0.000000000000000000e+00
0.000000000000000000e+00
0.000000000000000000e+00
0.000000000000000000e+00
0.000000000000000000e+00
0.000000000000000000e+00
0.000000000000000000e+00
0.000000000000000000e+00
0.000000000000000000e+00
0.000000000000000000e+00
0.000000000000000000e+00
0.000000000000000000e+00
0.000000000000000000e+00
0.000000000000000000e+00
0.000000000000000000e+00
0.000000000000000000e+00
0.000000000000000000e+00
0.000000000000000000e+00
0.000000000000000000e+00
0.000000000000000000e+00
0.000000000000000000e+00
0.000000000000000000e+00
0.000000000000000000e+00
0.000000000000000000e+00
0.000000000000000000e+00
0.000000000000000000e+00
0.000000000000000000e+00
0.000000000000000000e+00
0.000000000000000000e+00
0.000000000000000000e+00
0.000000000000000000e+00
0.000000000000000000e+00
0.000000000000000000e+00
0.000000000000000000e+00
0.000000000000000000e+00
0.000000000000000000e+00
0.000000000000000000e+00
0.000000000000000000e+00
0.000000000000000000e+00
0.000000000000000000e+00
0.000000000000000000e+00
0.000000000000000000e+00
0.000000000000000000e+00
0.000000000000000000e+00
0.000000000000000000e+00
0.000000000000000000e+00
0.000000000000000000e+00
0.000000000000000000e+00
0.000000000000000000e+00
0.000000000000000000e+00
0.000000000000000000e+00
0.000000000000000000e+00
0.000000000000000000e+00
0.000000000000000000e+00
0.000000000000000000e+00
0.000000000000000000e+00
0.000000000000000000e+00
0.000000000000000000e+00
0.000000000000000000e+00
0.000000000000000000e+00
0.000000000000000000e+00
0.000000000000000000e+00
0.000000000000000000e+00
0.000000000000000000e+00
0.000000000000000000e+00
0.000000000000000000e+00
0.000000000000000000e+00
0.000000000000000000e+00
0.000000000000000000e+00
0.000000000000000000e+00
0.000000000000000000e+00
0.000000000000000000e+00
0.000000000000000000e+00
0.000000000000000000e+00
0.000000000000000000e+00
0.000000000000000000e+00
0.000000000000000000e+00
0.000000000000000000e+00
0.000000000000000000e+00
0.000000000000000000e+00
0.000000000000000000e+00
0.000000000000000000e+00
0.000000000000000000e+00
0.000000000000000000e+00
0.000000000000000000e+00
0.000000000000000000e+00
0.000000000000000000e+00
0.000000000000000000e+00
0.000000000000000000e+00
1.519325779220197410e-02
4.358596570923287811e-02
6.858507515523384890e-02
1.429052116892018387e-01
2.317142026101544905e-01
3.504877135901356966e-01
4.498692895070875997e-01
5.507682411031001868e-01
6.585936262330265301e-01
7.524184442241288462e-01
8.424719493193024711e-01
9.111630009325157875e-01
1.014070512097565491e+00
1.097360456284064645e+00
1.177556572027050885e+00
1.268708504331825582e+00
1.356615137523273562e+00
1.446265277536323168e+00
1.528933458871942763e+00
1.630795115981126031e+00
1.727876173359614853e+00
1.842802451880771741e+00
1.959792972973048775e+00
2.061124756730190466e+00
2.192484479373954631e+00
2.303591590051740301e+00
2.389241547114441921e+00
2.500632541531058184e+00
2.583462273540221954e+00
2.694517888008411077e+00
2.774812301433376316e+00
2.853325687720692283e+00
2.960120296798133488e+00
3.030213943229157270e+00
3.131547384619790098e+00
3.248415531285614666e+00
3.305363671999779651e+00
3.410993139859534118e+00
3.506366481523521372e+00
3.571854553373963181e+00
3.665865393091060742e+00
3.728900641432953300e+00
3.812641485586137247e+00
3.868038821676177630e+00
3.957341778442392322e+00
4.046688462486904392e+00
4.078895091850509580e+00
4.135438088811854485e+00
4.177109946329748524e+00
4.244893671754276454e+00
4.274803605401941375e+00
4.333784556943014010e+00
4.349318208555467358e+00
4.380712984456820003e+00
4.407196237616135548e+00
4.413772572407846262e+00
4.414976210064335049e+00
4.402443954391915604e+00
4.398507943930495934e+00
4.382092763528263824e+00
4.353410416888971568e+00
4.342453173501238162e+00
4.301966017172722090e+00
4.241219897275313677e+00
4.180092720062285494e+00
4.102405454464980394e+00
3.998264613437349180e+00
3.936017028045720512e+00
3.854294901499137893e+00
3.733355804192247884e+00
3.592108908556588709e+00
3.423489075832299111e+00
3.213577978127620582e+00
3.058759222069969752e+00
2.962657466334929879e+00
2.856299629311112920e+00
2.671577412964773135e+00
2.463929189520119412e+00
2.205538108094517113e+00
1.868035523933354369e+00
1.641975022975291187e+00
1.593629880724768633e+00
1.537905389414106150e+00
1.378009764221213906e+00
1.222724884982122839e+00
1.072556784586105039e+00
8.245590087736256457e-01
1.111218168131320683e+00
7.654141424051822407e-01
0.000000000000000000e+00
0.000000000000000000e+00
0.000000000000000000e+00
0.000000000000000000e+00
0.000000000000000000e+00
0.000000000000000000e+00
0.000000000000000000e+00
0.000000000000000000e+00
0.000000000000000000e+00
0.000000000000000000e+00
