0.000000000000000000e+00
0.000000000000000000e+00
0.000000000000000000e+00
0.000000000000000000e+00
0.000000000000000000e+00
0.000000000000000000e+00
0.000000000000000000e+00
0.000000000000000000e+00
0.000000000000000000e+00
0.000000000000000000e+00
0.000000000000000000e+00
0.000000000000000000e+00
0.000000000000000000e+00
0.000000000000000000e+00
0.000000000000000000e+00
0.000000000000000000e+00
0.000000000000000000e+00
0.000000000000000000e+00
0.000000000000000000e+00
0.000000000000000000e+00
0.000000000000000000e+00
0.000000000000000000e+00
0.000000000000000000e+00
0.000000000000000000e+00
0.000000000000000000e+00
0.000000000000000000e+00
0.000000000000000000e+00
0.000000000000000000e+00
0.000000000000000000e+00
0.000000000000000000e+00
0.000000000000000000e+00
0.000000000000000000e+00
0.000000000000000000e+00
0.000000000000000000e+00
0.000000000000000000e+00
0.000000000000000000e+00
0.000000000000000000e+00
0.000000000000000000e+00
0.000000000000000000e+00
0.000000000000000000e+00
0.000000000000000000e+00
0.000000000000000000e+00
0.000000000000000000e+00
0.000000000000000000e+00
0.000000000000000000e+00
0.000000000000000000e+00
0.000000000000000000e+00
0.000000000000000000e+00
0.000000000000000000e+00
0.000000000000000000e+00
0.000000000000000000e+00
0.000000000000000000e+00
0.000000000000000000e+00
0.000000000000000000e+00
1.363876436835219537e-02
0.000000000000000000e+00
4.051230991546560245e-02
nan
4.969624237788079074e-02
4.267256886547160510e-02
5.899315335189123793e-02
9.827526579362363957e-02
1.467010181862183626e-01
2.172642981289738817e-01
2.918835171321020328e-01
3.894413860582766063e-01
4.744218093776183531e-01
5.362064267479507151e-01
5.813315599231835273e-01
6.927717661790457893e-01
7.466209404582001552e-01
8.090272209837062745e-01
8.670766929746845930e-01
9.270660512211555959e-01
1.072717945848532306e+00
1.112671552045651158e+00
1.154472396301431836e+00
1.208665704099839644e+00
1.265295952030554671e+00
1.291839745181813548e+00
1.368935615438262587e+00
1.463374106903025273e+00
1.539169600472874322e+00
1.633873650279659584e+00
1.760753096642600601e+00
1.841119033722128595e+00
1.922391444503828595e+00
1.965537589203997015e+00
2.043675693031735463e+00
2.133388946837900590e+00
2.195350333814038546e+00
2.307819351056974888e+00
2.396040735438357050e+00
2.483823386093986674e+00
2.603034220550522804e+00
2.710386221380911564e+00
2.843670471522285581e+00
2.977334285179430662e+00
3.094206312961536476e+00
3.257444749323920252e+00
3.426468023315400568e+00
3.526578378752127207e+00
3.647477850664392562e+00
3.809335985837094540e+00
3.925030649747248912e+00
4.020676966636812288e+00
4.178140639183491878e+00
4.283874710675354081e+00
4.418314017947580830e+00
4.622328478419679421e+00
4.747502789386553346e+00
4.893246141991686393e+00
5.064774828668194395e+00
5.517386907860827527e+00
5.803788647219828789e+00
6.097442702258495828e+00
6.319948655569517015e+00
6.531654455660033776e+00
6.690202231332048832e+00
6.780753923794488713e+00
6.894062787022155803e+00
7.019976064143944150e+00
7.135309460287807326e+00
7.117952699529027427e+00
7.100193003967309124e+00
7.212784516144672864e+00
7.263285538150648257e+00
7.334370875945875667e+00
7.373324552815479827e+00
7.418157411128178502e+00
7.472223972702384920e+00
7.536479903051770179e+00
7.640994391918720652e+00
7.707012519461605926e+00
7.745601317383691509e+00
7.745626920494278700e+00
7.812903780136688070e+00
7.840451251731761495e+00
7.911117786013750042e+00
7.919707183848273324e+00
7.937100521601782255e+00
7.941194785632655240e+00
8.022219645979996372e+00
8.048735699004335942e+00
8.068893515987602072e+00
8.048703046164909836e+00
8.049690770968622289e+00
7.989451714000729510e+00
7.952895524900382540e+00
7.857089925339518111e+00
7.825192092206858518e+00
7.828008068801306507e+00
7.744579363333682132e+00
7.721198348685631707e+00
7.614403247071710013e+00
7.504322273340340743e+00
7.416750557612332706e+00
7.274657033358435498e+00
7.107446286498540822e+00
6.967678760851445219e+00
6.827476906209749785e+00
6.652591923991320932e+00
6.426855715696176752e+00
6.211485457081115769e+00
6.032156598848890994e+00
5.824799966461858602e+00
5.592711775997583068e+00
5.323175384144185784e+00
5.095327197461242186e+00
4.846162194193303741e+00
4.576362810239146484e+00
4.289621703330579905e+00
4.074396757521534518e+00
3.793420385075692902e+00
3.510287612883536745e+00
3.249333250024864839e+00
2.964651637748347834e+00
2.673094624181578283e+00
2.406076573989939682e+00
2.148887036471168965e+00
1.901543275230504371e+00
1.711356581512943009e+00
1.512130770546041614e+00
1.318636149480849395e+00
1.133865708766851110e+00
9.644415162970646493e-01
7.995895536231680811e-01
6.612252292077269722e-01
5.579953841323304076e-01
3.827202193944357900e-01
nan
0.000000000000000000e+00
0.000000000000000000e+00
0.000000000000000000e+00
0.000000000000000000e+00
0.000000000000000000e+00
0.000000000000000000e+00
0.000000000000000000e+00
0.000000000000000000e+00
0.000000000000000000e+00
0.000000000000000000e+00
