0.000000000000000000e+00
0.000000000000000000e+00
0.000000000000000000e+00
0.000000000000000000e+00
0.000000000000000000e+00
0.000000000000000000e+00
0.000000000000000000e+00
0.000000000000000000e+00
0.000000000000000000e+00
0.000000000000000000e+00
0.000000000000000000e+00
0.000000000000000000e+00
0.000000000000000000e+00
0.000000000000000000e+00
0.000000000000000000e+00
0.000000000000000000e+00
0.000000000000000000e+00
0.000000000000000000e+00
0.000000000000000000e+00
0.000000000000000000e+00
0.000000000000000000e+00
0.000000000000000000e+00
0.000000000000000000e+00
0.000000000000000000e+00
0.000000000000000000e+00
0.000000000000000000e+00
0.000000000000000000e+00
0.000000000000000000e+00
0.000000000000000000e+00
0.000000000000000000e+00
0.000000000000000000e+00
0.000000000000000000e+00
0.000000000000000000e+00
0.000000000000000000e+00
0.000000000000000000e+00
0.000000000000000000e+00
0.000000000000000000e+00
0.000000000000000000e+00
0.000000000000000000e+00
0.000000000000000000e+00
0.000000000000000000e+00
0.000000000000000000e+00
0.000000000000000000e+00
0.000000000000000000e+00
0.000000000000000000e+00
0.000000000000000000e+00
0.000000000000000000e+00
0.000000000000000000e+00
0.000000000000000000e+00
0.000000000000000000e+00
0.000000000000000000e+00
0.000000000000000000e+00
2.187511467961548994e-01
1.976222908261118516e-01
4.460552169250924237e-01
4.288800461365447902e-01
4.067781129767873427e-01
8.395354893085553716e-01
6.343766614015940997e-01
8.048002884447571503e-01
1.138333280294938410e+00
9.336334124604691587e-01
8.950684114445863759e-01
1.328923818624943909e+00
1.448911905731096184e+00
1.559789864254801151e+00
2.037329130096386720e+00
2.332384590605407926e+00
2.416734659132140806e+00
3.232707340711470145e+00
3.753087881991855834e+00
4.324776425863797513e+00
5.025249581191329362e+00
5.601316353123078073e+00
6.339552992763703543e+00
6.860839025677075931e+00
7.696224158017633599e+00
8.516310556625404260e+00
9.069330292655580550e+00
1.010983942692279669e+01
1.054523062533869471e+01
1.137555203517703717e+01
1.213170240703049885e+01
1.277115757984980782e+01
1.355463063193389317e+01
1.404429268624990357e+01
1.447411062574573570e+01
1.520993109426099466e+01
1.595136077618938764e+01
1.629288723375034564e+01
1.701726056887539684e+01
1.741121247265406069e+01
1.788181655183129237e+01
1.851513549170931938e+01
1.865899815632431213e+01
1.947734521645831407e+01
2.005207495747591651e+01
2.061506135080352919e+01
2.104473451404351891e+01
2.215746889671819986e+01
2.253274850981094701e+01
2.327279303282983136e+01
2.411369279771080443e+01
2.487882366409002799e+01
2.558236812416916095e+01
2.606215801304205115e+01
2.684096335888231266e+01
2.745066098853203229e+01
2.835723013926871516e+01
2.900020982503334821e+01
2.968954313469050632e+01
2.995369230328654098e+01
3.083087769318986204e+01
3.358126070514884987e+01
3.591973922999141422e+01
3.679541247657267888e+01
3.756651938428746718e+01
3.754133233944979509e+01
3.753834923841675675e+01
3.726054291405976926e+01
3.680437822447674279e+01
3.604756954496050980e+01
3.613252544932407062e+01
3.536084047976590483e+01
3.518585475485766523e+01
3.563141303328465881e+01
3.629431952809801487e+01
3.649353662284401167e+01
3.623959956047250586e+01
3.651838519646774728e+01
3.651538687034989294e+01
3.629377465682760828e+01
3.600476744731028589e+01
3.534459043127908728e+01
3.521661225140720575e+01
3.474552256070487744e+01
3.424529033260032662e+01
3.373994134435404391e+01
3.328505881535128452e+01
3.274486201149579756e+01
3.211063181643336861e+01
3.148875496180552247e+01
3.079367830779319348e+01
3.036398891995588656e+01
2.967657629016899890e+01
2.870584459760672047e+01
2.778971073613817566e+01
2.695169063600425119e+01
2.587695702286079680e+01
2.514976998238175199e+01
2.438429252563308225e+01
2.352469667680396626e+01
2.266014549290603952e+01
2.176924380221427313e+01
2.086173833921342435e+01
2.002220195758598820e+01
1.943293661946631445e+01
1.843962738653192446e+01
1.746516534292540257e+01
1.641461934055331184e+01
1.551989938799388646e+01
1.463368898303197163e+01
1.385759538701975835e+01
1.292228767215307705e+01
1.209113406638222976e+01
1.119090417342783716e+01
1.046115291069861186e+01
9.521992323954243886e+00
8.736516022454528851e+00
7.920317039890216293e+00
7.160404648900881242e+00
6.384329659117397249e+00
5.672166211264567437e+00
5.086297175543518456e+00
4.514359092996881984e+00
4.056299202562676065e+00
3.583112146407010812e+00
3.035712002058413628e+00
2.510198591386757272e+00
2.045063839496657376e+00
1.658840369146235005e+00
1.415313664484949774e+00
1.283847622163442059e+00
1.130664516368346417e+00
9.418831252677588584e-01
8.061307615016883865e-01
6.678736432227853070e-01
5.499532775311197774e-01
4.466942645977660109e-01
3.030359979589787867e-01
2.191779333922014295e-02
0.000000000000000000e+00
0.000000000000000000e+00
0.000000000000000000e+00
0.000000000000000000e+00
0.000000000000000000e+00
0.000000000000000000e+00
0.000000000000000000e+00
0.000000000000000000e+00
0.000000000000000000e+00
0.000000000000000000e+00
