0.000000000000000000e+00
0.000000000000000000e+00
0.000000000000000000e+00
0.000000000000000000e+00
0.000000000000000000e+00
0.000000000000000000e+00
0.000000000000000000e+00
0.000000000000000000e+00
0.000000000000000000e+00
0.000000000000000000e+00
0.000000000000000000e+00
0.000000000000000000e+00
0.000000000000000000e+00
0.000000000000000000e+00
0.000000000000000000e+00
0.000000000000000000e+00
0.000000000000000000e+00
0.000000000000000000e+00
0.000000000000000000e+00
0.000000000000000000e+00
0.000000000000000000e+00
0.000000000000000000e+00
0.000000000000000000e+00
0.000000000000000000e+00
0.000000000000000000e+00
0.000000000000000000e+00
0.000000000000000000e+00
0.000000000000000000e+00
0.000000000000000000e+00
0.000000000000000000e+00
0.000000000000000000e+00
0.000000000000000000e+00
0.000000000000000000e+00
0.000000000000000000e+00
0.000000000000000000e+00
0.000000000000000000e+00
0.000000000000000000e+00
0.000000000000000000e+00
0.000000000000000000e+00
0.000000000000000000e+00
0.000000000000000000e+00
0.000000000000000000e+00
0.000000000000000000e+00
0.000000000000000000e+00
0.000000000000000000e+00
0.000000000000000000e+00
0.000000000000000000e+00
0.000000000000000000e+00
0.000000000000000000e+00
0.000000000000000000e+00
0.000000000000000000e+00
0.000000000000000000e+00
0.000000000000000000e+00
0.000000000000000000e+00
0.000000000000000000e+00
0.000000000000000000e+00
0.000000000000000000e+00
0.000000000000000000e+00
0.000000000000000000e+00
0.000000000000000000e+00
0.000000000000000000e+00
0.000000000000000000e+00
0.000000000000000000e+00
0.000000000000000000e+00
0.000000000000000000e+00
0.000000000000000000e+00
0.000000000000000000e+00
0.000000000000000000e+00
0.000000000000000000e+00
0.000000000000000000e+00
0.000000000000000000e+00
0.000000000000000000e+00
0.000000000000000000e+00
0.000000000000000000e+00
0.000000000000000000e+00
0.000000000000000000e+00
0.000000000000000000e+00
0.000000000000000000e+00
0.000000000000000000e+00
0.000000000000000000e+00
0.000000000000000000e+00
0.000000000000000000e+00
0.000000000000000000e+00
0.000000000000000000e+00
0.000000000000000000e+00
0.000000000000000000e+00
0.000000000000000000e+00
0.000000000000000000e+00
0.000000000000000000e+00
0.000000000000000000e+00
0.000000000000000000e+00
0.000000000000000000e+00
0.000000000000000000e+00
0.000000000000000000e+00
0.000000000000000000e+00
0.000000000000000000e+00
0.000000000000000000e+00
0.000000000000000000e+00
0.000000000000000000e+00
0.000000000000000000e+00
0.000000000000000000e+00
0.000000000000000000e+00
0.000000000000000000e+00
7.208506169315434531e-02
2.501125144824662971e-01
4.380167920861280928e-01
5.989616998067412990e-01
7.544926767938335832e-01
9.086784476724881765e-01
1.086899575515458904e+00
1.268983203545088534e+00
1.417976781523850871e+00
1.580210870870609963e+00
1.765797847696538581e+00
1.966968185419091908e+00
2.160630373447121499e+00
2.392287124110013874e+00
2.608287675686904450e+00
2.841227268629820557e+00
3.038229396752136768e+00
3.238216722929017521e+00
3.486487584861042155e+00
3.661369522171946667e+00
3.895040234551796043e+00
4.165465616824700845e+00
4.461853148857600537e+00
4.683103756824328556e+00
4.977102672053554500e+00
5.210467370462230186e+00
5.425232019316864829e+00
5.631511669450391722e+00
5.847457704293086422e+00
6.028670785297532753e+00
6.210079235928862573e+00
6.419241637283734647e+00
6.501592451604903289e+00
6.637417474739651269e+00
6.772930514232167631e+00
6.847531573816950434e+00
6.991748220934852043e+00
7.070095388387929169e+00
7.151534113322499664e+00
7.279885310243091823e+00
7.281802979872421311e+00
7.327686615855918184e+00
7.364105442332659734e+00
7.368619332510301767e+00
7.427544146688146220e+00
7.435075133347248233e+00
7.412203773023829712e+00
7.399983828485247273e+00
7.354871248336010581e+00
7.294288337905460828e+00
7.216120670590146169e+00
7.133091331600297735e+00
7.060354128101652194e+00
6.968165500934730971e+00
6.797935683424410236e+00
6.600778261836341976e+00
6.365333288407075685e+00
6.119857599590969421e+00
5.968596410908281413e+00
5.931314385041686954e+00
5.866442144104929035e+00
5.765775673777298493e+00
5.636224222385260774e+00
5.466199439897024170e+00
5.282546008946159333e+00
5.098064658411291639e+00
4.998188512819567997e+00
4.828002010657961307e+00
4.628280484701267739e+00
4.389172837855685572e+00
4.079883914239111675e+00
3.757569009122903481e+00
3.500105274888427598e+00
3.351257520335289897e+00
3.206595480652420616e+00
2.921395798814256484e+00
2.647624043895810075e+00
2.264467367001574249e+00
1.762946082515559176e+00
1.413065897250235459e+00
1.385768371525042619e+00
1.357840828806485156e+00
1.175465372909633599e+00
1.018914988624326945e+00
8.555135215140667881e-01
5.752278451543760829e-01
8.433442988434788345e-01
5.877545968947990307e-01
0.000000000000000000e+00
0.000000000000000000e+00
0.000000000000000000e+00
0.000000000000000000e+00
0.000000000000000000e+00
0.000000000000000000e+00
0.000000000000000000e+00
0.000000000000000000e+00
0.000000000000000000e+00
0.000000000000000000e+00
