1.111477502355196378e+01
4.107423165147571353e+01
6.269774699691633657e+01
7.619599493523502076e+01
8.556126987130949146e+01
9.163818126459814550e+01
9.594667649525739250e+01
9.874215194079840785e+01
1.002674832421633511e+02
1.014078686747612892e+02
1.014368588310320547e+02
1.012603032319354384e+02
1.005682804648323554e+02
9.986172799245235865e+01
9.848004273957435828e+01
9.653938823639411737e+01
9.561190090664027252e+01
9.371259566213247183e+01
9.221464814342991190e+01
9.009338032253077699e+01
8.869935549054100932e+01
8.716225826791101383e+01
8.504969846283837853e+01
8.354774826467900084e+01
8.146858644416603568e+01
7.976992184459814439e+01
7.834236661503236121e+01
7.672593999401318854e+01
7.447459560351047969e+01
7.322245126209834609e+01
7.123200373661389051e+01
6.952324030418539280e+01
6.810844888542362696e+01
6.658329621371396456e+01
6.500565545538371737e+01
6.331616272159835290e+01
6.139177238050791630e+01
6.023937185263687155e+01
5.882564046900574084e+01
5.755519541978257081e+01
5.576302633428305455e+01
5.444984779887939652e+01
5.308904461460873137e+01
5.177183017443481816e+01
5.012077375196353302e+01
4.930219615594643301e+01
4.799767027353999538e+01
4.645132281427409282e+01
4.514026288564120648e+01
4.415538368787860435e+01
4.259139781983536466e+01
4.119354330903719585e+01
4.001277867030602664e+01
3.892722973012779875e+01
3.785000052915151514e+01
3.643020635823836528e+01
3.522786224028494217e+01
3.429285430129980483e+01
3.274099046057828133e+01
3.246531442809561696e+01
3.138978872751840399e+01
3.053704940647943999e+01
2.891722700626722897e+01
2.749803063371440359e+01
2.679643064278992881e+01
2.573106949981566416e+01
2.469855693605923008e+01
2.399528880878008152e+01
2.343077145503070469e+01
2.250571610742222717e+01
2.142783857042719831e+01
1.994241045813934221e+01
1.933994449444498187e+01
1.843638245021016431e+01
1.809486371291734841e+01
1.734982434706151011e+01
1.613523498731070305e+01
1.579800675268346311e+01
1.479608458576434415e+01
1.361077569629664197e+01
1.315515881476294879e+01
1.247398115009173125e+01
1.172269878755806261e+01
1.124906670427936461e+01
1.058389013838255721e+01
9.871631672250904543e+00
9.313955892850453111e+00
8.470625143304152616e+00
8.104200124092004742e+00
7.387614434569678146e+00
7.232155455394297050e+00
6.925738467466580950e+00
6.500197488857407002e+00
5.788088652512753285e+00
5.723031094721402923e+00
5.167601989313252098e+00
4.808393103540329783e+00
4.168269056495182312e+00
3.984190267619438952e+00
3.676299133342618486e+00
