0.000000000000000000e+00
0.000000000000000000e+00
0.000000000000000000e+00
0.000000000000000000e+00
0.000000000000000000e+00
0.000000000000000000e+00
0.000000000000000000e+00
0.000000000000000000e+00
0.000000000000000000e+00
0.000000000000000000e+00
0.000000000000000000e+00
0.000000000000000000e+00
0.000000000000000000e+00
0.000000000000000000e+00
0.000000000000000000e+00
0.000000000000000000e+00
0.000000000000000000e+00
0.000000000000000000e+00
0.000000000000000000e+00
0.000000000000000000e+00
0.000000000000000000e+00
0.000000000000000000e+00
0.000000000000000000e+00
0.000000000000000000e+00
0.000000000000000000e+00
0.000000000000000000e+00
0.000000000000000000e+00
0.000000000000000000e+00
0.000000000000000000e+00
0.000000000000000000e+00
0.000000000000000000e+00
0.000000000000000000e+00
0.000000000000000000e+00
0.000000000000000000e+00
0.000000000000000000e+00
0.000000000000000000e+00
0.000000000000000000e+00
0.000000000000000000e+00
0.000000000000000000e+00
0.000000000000000000e+00
0.000000000000000000e+00
0.000000000000000000e+00
0.000000000000000000e+00
0.000000000000000000e+00
0.000000000000000000e+00
0.000000000000000000e+00
0.000000000000000000e+00
0.000000000000000000e+00
0.000000000000000000e+00
0.000000000000000000e+00
0.000000000000000000e+00
0.000000000000000000e+00
0.000000000000000000e+00
0.000000000000000000e+00
0.000000000000000000e+00
0.000000000000000000e+00
0.000000000000000000e+00
0.000000000000000000e+00
0.000000000000000000e+00
0.000000000000000000e+00
0.000000000000000000e+00
0.000000000000000000e+00
0.000000000000000000e+00
0.000000000000000000e+00
0.000000000000000000e+00
0.000000000000000000e+00
0.000000000000000000e+00
0.000000000000000000e+00
0.000000000000000000e+00
0.000000000000000000e+00
0.000000000000000000e+00
0.000000000000000000e+00
0.000000000000000000e+00
0.000000000000000000e+00
0.000000000000000000e+00
0.000000000000000000e+00
0.000000000000000000e+00
0.000000000000000000e+00
0.000000000000000000e+00
0.000000000000000000e+00
0.000000000000000000e+00
0.000000000000000000e+00
0.000000000000000000e+00
0.000000000000000000e+00
0.000000000000000000e+00
0.000000000000000000e+00
0.000000000000000000e+00
0.000000000000000000e+00
0.000000000000000000e+00
0.000000000000000000e+00
0.000000000000000000e+00
0.000000000000000000e+00
0.000000000000000000e+00
0.000000000000000000e+00
0.000000000000000000e+00
0.000000000000000000e+00
0.000000000000000000e+00
0.000000000000000000e+00
0.000000000000000000e+00
0.000000000000000000e+00
6.331500688844543534e-01
6.510263272923731970e-01
6.671728909274229347e-01
6.808412455319627909e-01
6.906269305465326802e-01
7.065439441911806062e-01
7.235789076891128158e-01
7.427792130679486959e-01
7.549205677617288890e-01
7.662594912231869282e-01
7.835315665046672651e-01
7.952033168857660650e-01
8.202013309567910415e-01
8.232998619545964791e-01
8.481630675086915261e-01
8.607746743913905485e-01
8.702278624400239249e-01
8.854343803766904220e-01
9.058224091342421680e-01
9.145120876118378872e-01
9.286128615190474278e-01
9.448868698682330036e-01
9.564711702779965519e-01
9.736157932730143960e-01
9.803658403528904275e-01
9.837126176063564209e-01
1.000942859756018599e+00
1.008763350318535590e+00
1.017963004991235820e+00
1.029756087685322452e+00
1.037380899485459640e+00
1.043807242184307871e+00
1.053389079278359119e+00
1.057639875879327063e+00
1.063617979062730479e+00
1.063224937112094315e+00
1.067249984340374436e+00
1.068458405083115181e+00
1.065080511823510712e+00
1.071680170927074016e+00
1.069837280816523073e+00
1.065873945167659542e+00
1.058224654531903841e+00
1.052432961839999459e+00
1.049244615756078192e+00
1.035169070276950709e+00
1.029565293119832914e+00
1.017588404276361658e+00
1.006616620031598242e+00
9.903789158448699226e-01
9.730969131429210162e-01
9.527907347717026187e-01
9.355263175379464613e-01
9.121251470162365926e-01
8.916459118633764946e-01
8.639153647057224994e-01
8.387357479990528164e-01
8.157603896266613086e-01
7.861656534807359709e-01
7.582548734671601398e-01
7.303057900000015090e-01
6.964590529946019792e-01
6.682343650282441816e-01
6.335344429160033597e-01
6.007469397158567981e-01
5.658764262082685015e-01
5.339491572264890573e-01
5.011788384531897789e-01
4.668118313714754719e-01
4.293926237309995120e-01
3.947384317715678104e-01
3.570862794208521374e-01
3.229226416739044425e-01
2.901261307677164836e-01
2.651009913493354575e-01
2.381861401679648271e-01
2.077304348175656734e-01
1.782601793746496077e-01
1.479637079315485049e-01
1.190048025790344660e-01
9.707911954272693822e-02
8.360941106266603362e-02
7.616728094892437351e-02
6.803744486429652572e-02
5.785110340480401764e-02
4.856209576317444682e-02
4.037621128335640297e-02
3.387283706926887822e-02
2.894790573856075716e-02
1.816767998410088666e-02
2.454157359428205294e-03
0.000000000000000000e+00
0.000000000000000000e+00
0.000000000000000000e+00
0.000000000000000000e+00
0.000000000000000000e+00
0.000000000000000000e+00
0.000000000000000000e+00
0.000000000000000000e+00
0.000000000000000000e+00
0.000000000000000000e+00
