0.000000000000000000e+00
0.000000000000000000e+00
0.000000000000000000e+00
0.000000000000000000e+00
0.000000000000000000e+00
0.000000000000000000e+00
0.000000000000000000e+00
0.000000000000000000e+00
0.000000000000000000e+00
0.000000000000000000e+00
0.000000000000000000e+00
0.000000000000000000e+00
0.000000000000000000e+00
0.000000000000000000e+00
0.000000000000000000e+00
0.000000000000000000e+00
0.000000000000000000e+00
0.000000000000000000e+00
0.000000000000000000e+00
0.000000000000000000e+00
0.000000000000000000e+00
0.000000000000000000e+00
0.000000000000000000e+00
0.000000000000000000e+00
0.000000000000000000e+00
0.000000000000000000e+00
0.000000000000000000e+00
0.000000000000000000e+00
0.000000000000000000e+00
0.000000000000000000e+00
0.000000000000000000e+00
0.000000000000000000e+00
0.000000000000000000e+00
0.000000000000000000e+00
0.000000000000000000e+00
0.000000000000000000e+00
0.000000000000000000e+00
0.000000000000000000e+00
0.000000000000000000e+00
0.000000000000000000e+00
0.000000000000000000e+00
0.000000000000000000e+00
0.000000000000000000e+00
0.000000000000000000e+00
0.000000000000000000e+00
0.000000000000000000e+00
0.000000000000000000e+00
0.000000000000000000e+00
0.000000000000000000e+00
0.000000000000000000e+00
0.000000000000000000e+00
0.000000000000000000e+00
0.000000000000000000e+00
0.000000000000000000e+00
3.914441646169707426e-03
0.000000000000000000e+00
1.228930930991658718e-02
nan
1.574074344680511522e-02
1.285868899574377743e-02
1.854839086163100406e-02
3.091551278383975268e-02
4.726353210529687238e-02
6.942137722570236591e-02
9.353047615773565915e-02
1.244776673027238045e-01
1.511939273412365170e-01
1.706428009721303873e-01
1.846223057352800179e-01
2.214591930879146742e-01
2.386006558354966944e-01
2.582082662002193607e-01
2.784874922600401592e-01
2.971107520143986824e-01
3.457303177467918598e-01
3.572949003155602155e-01
3.715649395639431529e-01
3.896728788127812315e-01
4.081314754756193985e-01
4.176815218206020863e-01
4.418591954020078538e-01
4.733026936152393005e-01
4.984809212773228526e-01
5.295450085989671374e-01
5.700913333518536907e-01
5.978843234289749065e-01
6.238393838390581259e-01
6.389115462688359504e-01
6.642773089048159552e-01
6.942613429457810126e-01
7.158959267801219273e-01
7.527836566257368744e-01
7.809420519042911124e-01
8.103283222658569374e-01
8.511399733337970952e-01
8.868075689045333831e-01
9.299981210094224737e-01
9.761047323711546930e-01
1.014003776792653966e+00
1.067752208827327687e+00
1.124720997955351187e+00
1.158100602648674204e+00
1.199469239478522686e+00
1.253166320323332306e+00
1.292645934964836707e+00
1.325702396350770584e+00
1.377857907191901043e+00
1.413570118473140402e+00
1.458908660768676535e+00
1.527394414634596798e+00
1.568952375001453126e+00
1.618286206539751637e+00
1.671793988016320620e+00
1.822954748144977044e+00
1.918730963165564019e+00
2.016035822950336343e+00
2.089663996970635207e+00
2.158912324319945952e+00
2.210721294372528511e+00
2.239116881218168320e+00
2.275042621924486586e+00
2.315854130319705995e+00
2.352586193979981477e+00
2.344976384848146189e+00
2.336714462998941144e+00
2.373956525998748290e+00
2.385993728243060552e+00
2.407042985696549842e+00
2.416879439017872944e+00
2.429098742746965467e+00
2.442603739237116489e+00
2.458338608492024235e+00
2.489164390891112522e+00
2.507344262316575811e+00
2.515463765385618888e+00
2.511129732741003817e+00
2.527977497915620209e+00
2.530064599910806233e+00
2.546532536559816151e+00
2.542990160185851778e+00
2.540093756207330689e+00
2.530642836492368541e+00
2.548227299301630833e+00
2.542893943824961589e+00
2.537281332094716291e+00
2.515417032940950648e+00
2.502444546553423521e+00
2.467345120054216245e+00
2.439323408330948073e+00
2.392787699261917034e+00
2.364919435735866493e+00
2.345603700610111808e+00
2.297735469136187980e+00
2.271112923406055639e+00
2.217673909192114046e+00
2.164797965149837911e+00
2.118531550755823556e+00
2.056612598453665175e+00
1.991222493411735073e+00
1.933638963196996574e+00
1.878730441891875991e+00
1.813833091114549934e+00
1.736683687279697130e+00
1.664601988782883568e+00
1.605091498351348900e+00
1.540605754314360087e+00
1.473575646714955001e+00
1.400433479533492065e+00
1.339407524360704427e+00
1.272180273638908954e+00
1.199415058236337872e+00
1.122981479949712424e+00
1.065760025287313617e+00
9.919447961575866834e-01
9.183702859473695801e-01
8.508759414600068904e-01
7.770852202573645950e-01
7.012446908345906227e-01
6.318252735491002303e-01
5.647149765451446868e-01
4.996747569766669117e-01
4.491817885253301945e-01
3.956894091562774829e-01
3.438904079372203659e-01
2.944628141787687947e-01
2.490749689202431394e-01
2.051704136791133726e-01
1.686655999880921630e-01
1.428499287792028005e-01
9.864986094015769369e-02
nan
0.000000000000000000e+00
0.000000000000000000e+00
0.000000000000000000e+00
0.000000000000000000e+00
0.000000000000000000e+00
0.000000000000000000e+00
0.000000000000000000e+00
0.000000000000000000e+00
0.000000000000000000e+00
0.000000000000000000e+00
