0.000000000000000000e+00
0.000000000000000000e+00
0.000000000000000000e+00
0.000000000000000000e+00
0.000000000000000000e+00
0.000000000000000000e+00
0.000000000000000000e+00
0.000000000000000000e+00
0.000000000000000000e+00
0.000000000000000000e+00
0.000000000000000000e+00
0.000000000000000000e+00
0.000000000000000000e+00
0.000000000000000000e+00
0.000000000000000000e+00
0.000000000000000000e+00
0.000000000000000000e+00
0.000000000000000000e+00
0.000000000000000000e+00
0.000000000000000000e+00
0.000000000000000000e+00
0.000000000000000000e+00
0.000000000000000000e+00
0.000000000000000000e+00
0.000000000000000000e+00
0.000000000000000000e+00
0.000000000000000000e+00
0.000000000000000000e+00
0.000000000000000000e+00
0.000000000000000000e+00
0.000000000000000000e+00
0.000000000000000000e+00
0.000000000000000000e+00
0.000000000000000000e+00
0.000000000000000000e+00
0.000000000000000000e+00
0.000000000000000000e+00
0.000000000000000000e+00
0.000000000000000000e+00
0.000000000000000000e+00
0.000000000000000000e+00
0.000000000000000000e+00
0.000000000000000000e+00
0.000000000000000000e+00
0.000000000000000000e+00
0.000000000000000000e+00
0.000000000000000000e+00
0.000000000000000000e+00
0.000000000000000000e+00
0.000000000000000000e+00
0.000000000000000000e+00
0.000000000000000000e+00
0.000000000000000000e+00
0.000000000000000000e+00
0.000000000000000000e+00
0.000000000000000000e+00
0.000000000000000000e+00
0.000000000000000000e+00
0.000000000000000000e+00
0.000000000000000000e+00
0.000000000000000000e+00
0.000000000000000000e+00
0.000000000000000000e+00
0.000000000000000000e+00
0.000000000000000000e+00
0.000000000000000000e+00
0.000000000000000000e+00
0.000000000000000000e+00
0.000000000000000000e+00
0.000000000000000000e+00
0.000000000000000000e+00
0.000000000000000000e+00
0.000000000000000000e+00
0.000000000000000000e+00
0.000000000000000000e+00
0.000000000000000000e+00
0.000000000000000000e+00
0.000000000000000000e+00
0.000000000000000000e+00
0.000000000000000000e+00
0.000000000000000000e+00
0.000000000000000000e+00
0.000000000000000000e+00
0.000000000000000000e+00
0.000000000000000000e+00
0.000000000000000000e+00
0.000000000000000000e+00
0.000000000000000000e+00
0.000000000000000000e+00
0.000000000000000000e+00
0.000000000000000000e+00
0.000000000000000000e+00
0.000000000000000000e+00
0.000000000000000000e+00
0.000000000000000000e+00
0.000000000000000000e+00
0.000000000000000000e+00
0.000000000000000000e+00
0.000000000000000000e+00
0.000000000000000000e+00
0.000000000000000000e+00
0.000000000000000000e+00
4.434785731024437280e-03
1.272308417607873922e-02
2.011621094262509846e-02
4.207454827743776354e-02
6.861381624593217154e-02
1.041447918927144722e-01
1.341936366858439145e-01
1.649659294983119584e-01
1.981439918849265125e-01
2.274061528013805733e-01
2.559507364409712715e-01
2.782283973742397665e-01
3.113297867392573748e-01
3.388873612449968542e-01
3.658065739750774870e-01
3.962933593766570506e-01
4.260820609187775387e-01
4.566602694888592939e-01
4.856031312666458932e-01
5.208804992624012087e-01
5.553219017277013503e-01
5.958261380835035981e-01
6.373643715976675672e-01
6.736838745529641903e-01
7.185335333641255096e-01
7.563731021591713066e-01
7.856505950775719560e-01
8.240400127218976412e-01
8.538114061152318746e-01
8.927786525298418985e-01
9.218010470778351673e-01
9.505776356712484221e-01
9.888194728480467210e-01
1.015485481773813703e+00
1.052796517391801689e+00
1.095645571614339397e+00
1.118730251043350332e+00
1.157571228323672985e+00
1.193074499683072442e+00
1.218303851333928378e+00
1.253342881228465711e+00
1.278385012425656386e+00
1.310312365704940696e+00
1.333297127375731472e+00
1.369994163186475156e+00
1.409165052053718670e+00
1.430932983548891313e+00
1.462055384556784965e+00
1.488773922074599021e+00
1.526004853011763140e+00
1.550938454418875567e+00
1.585901605851856244e+00
1.603059563557178491e+00
1.624113268942015909e+00
1.644450186799520708e+00
1.659676415823810425e+00
1.674169322564062368e+00
1.685121250747615651e+00
1.699272682925754063e+00
1.706079363236567170e+00
1.704743941973774657e+00
1.710940295911361986e+00
1.709219169328045185e+00
1.700683258834317702e+00
1.694721522290679072e+00
1.682363515518021657e+00
1.654199248834748559e+00
1.635222216593120059e+00
1.608728384448847581e+00
1.571161728247093547e+00
1.526201056559503666e+00
1.473389232671136861e+00
1.405220915888291344e+00
1.350728381051871541e+00
1.306115995666385921e+00
1.256271235922884255e+00
1.178376770572735710e+00
1.088590928768719879e+00
9.767616812097327239e-01
8.309220136588404415e-01
7.326959851081620290e-01
7.094692385734803208e-01
6.827207183429648829e-01
6.105217822896419344e-01
5.393173874076461205e-01
4.694421806088896476e-01
3.531954699403779263e-01
4.827858682967463011e-01
3.338113112140777550e-01
0.000000000000000000e+00
0.000000000000000000e+00
0.000000000000000000e+00
0.000000000000000000e+00
0.000000000000000000e+00
0.000000000000000000e+00
0.000000000000000000e+00
0.000000000000000000e+00
0.000000000000000000e+00
0.000000000000000000e+00
