1.230625759306581246e+00
3.252602286242660679e+00
4.221939929454832985e+00
4.691298710291288643e+00
4.924946292042100104e+00
5.003630701841832007e+00
4.992436762007524287e+00
4.931281598319294801e+00
4.824560900502704364e+00
4.716620659737313481e+00
4.578660168377422401e+00
4.444328223358818164e+00
4.308612584922624222e+00
4.183390509903825105e+00
4.030705832558601820e+00
3.893678966043033540e+00
3.774610682060930866e+00
3.641352079647319329e+00
3.534986119862617571e+00
3.404399585086601565e+00
3.297677219239103064e+00
3.198391288792819864e+00
3.082129476161884263e+00
3.000808436650310718e+00
2.901166360043047732e+00
2.804498607368895335e+00
2.733486923607039820e+00
2.648833945517492516e+00
2.551804840511203487e+00
2.489275364195145723e+00
2.404305896651815377e+00
2.327407559564579120e+00
2.265520335830529142e+00
2.194228788993536128e+00
2.136775723811179084e+00
2.064031272472492518e+00
1.995159251520161270e+00
1.947467583447154871e+00
1.895998331028363459e+00
1.844524676753564130e+00
1.781656286276930734e+00
1.731950905820137221e+00
1.680167620923128435e+00
1.639094978898824051e+00
1.577820191726108101e+00
1.546507022435031686e+00
1.501454140355483302e+00
1.444840809282903704e+00
1.407464578135722233e+00
1.376966614048598769e+00
1.329065671792343473e+00
1.279988600163689094e+00
1.235979618074261266e+00
1.196060987355581418e+00
1.167440637951685289e+00
1.130204613715950268e+00
1.087281629368530123e+00
1.056801049058267772e+00
1.006518670808293825e+00
1.000282273443252157e+00
9.601651755050152337e-01
9.342370316720062240e-01
8.858162386776917696e-01
8.510698616777498948e-01
8.231954620844732506e-01
7.978941172241093005e-01
7.621852903029986415e-01
7.426444145799963037e-01
7.244740340730081440e-01
6.900108768404775716e-01
6.589219401236001694e-01
6.196973738160839185e-01
5.996862962672956376e-01
5.868946886354449166e-01
5.653813966377643219e-01
5.460394865977421519e-01
5.094719201351505244e-01
4.957948289282092524e-01
4.671859922765524975e-01
4.333521996740206106e-01
4.184140051520494064e-01
3.980202639477171678e-01
3.724611745993933187e-01
3.531922973586210657e-01
3.456592313263444072e-01
3.206523733157642941e-01
3.029469394095818391e-01
2.759074180131831366e-01
2.726288294586744487e-01
2.513673674832807570e-01
2.432731786402728968e-01
2.292582608955079648e-01
2.173419343113399127e-01
1.977351422313076423e-01
1.938186178216560474e-01
1.761208599928418272e-01
1.670020176797049893e-01
1.473073007752001284e-01
1.436797228990017994e-01
1.237795054849938348e-01
