0.000000000000000000e+00
0.000000000000000000e+00
0.000000000000000000e+00
0.000000000000000000e+00
0.000000000000000000e+00
0.000000000000000000e+00
0.000000000000000000e+00
0.000000000000000000e+00
0.000000000000000000e+00
0.000000000000000000e+00
0.000000000000000000e+00
0.000000000000000000e+00
0.000000000000000000e+00
0.000000000000000000e+00
0.000000000000000000e+00
0.000000000000000000e+00
0.000000000000000000e+00
0.000000000000000000e+00
0.000000000000000000e+00
0.000000000000000000e+00
0.000000000000000000e+00
0.000000000000000000e+00
0.000000000000000000e+00
0.000000000000000000e+00
0.000000000000000000e+00
0.000000000000000000e+00
0.000000000000000000e+00
0.000000000000000000e+00
0.000000000000000000e+00
0.000000000000000000e+00
0.000000000000000000e+00
0.000000000000000000e+00
0.000000000000000000e+00
0.000000000000000000e+00
0.000000000000000000e+00
0.000000000000000000e+00
0.000000000000000000e+00
0.000000000000000000e+00
0.000000000000000000e+00
0.000000000000000000e+00
0.000000000000000000e+00
0.000000000000000000e+00
0.000000000000000000e+00
0.000000000000000000e+00
0.000000000000000000e+00
0.000000000000000000e+00
0.000000000000000000e+00
0.000000000000000000e+00
0.000000000000000000e+00
0.000000000000000000e+00
0.000000000000000000e+00
0.000000000000000000e+00
0.000000000000000000e+00
0.000000000000000000e+00
0.000000000000000000e+00
0.000000000000000000e+00
0.000000000000000000e+00
0.000000000000000000e+00
0.000000000000000000e+00
0.000000000000000000e+00
0.000000000000000000e+00
0.000000000000000000e+00
0.000000000000000000e+00
0.000000000000000000e+00
0.000000000000000000e+00
0.000000000000000000e+00
0.000000000000000000e+00
0.000000000000000000e+00
0.000000000000000000e+00
0.000000000000000000e+00
0.000000000000000000e+00
0.000000000000000000e+00
0.000000000000000000e+00
0.000000000000000000e+00
0.000000000000000000e+00
0.000000000000000000e+00
0.000000000000000000e+00
0.000000000000000000e+00
0.000000000000000000e+00
0.000000000000000000e+00
0.000000000000000000e+00
0.000000000000000000e+00
0.000000000000000000e+00
0.000000000000000000e+00
0.000000000000000000e+00
0.000000000000000000e+00
0.000000000000000000e+00
0.000000000000000000e+00
0.000000000000000000e+00
0.000000000000000000e+00
0.000000000000000000e+00
0.000000000000000000e+00
0.000000000000000000e+00
0.000000000000000000e+00
0.000000000000000000e+00
0.000000000000000000e+00
0.000000000000000000e+00
0.000000000000000000e+00
0.000000000000000000e+00
0.000000000000000000e+00
0.000000000000000000e+00
0.000000000000000000e+00
0.000000000000000000e+00
1.766920147887069900e-02
6.171989143152803448e-02
1.089440288076007624e-01
1.503862588698715863e-01
1.914211370017600555e-01
2.325190904779230461e-01
2.811472168048563258e-01
3.308264525774295417e-01
3.724261831162738456e-01
4.180145503732992096e-01
4.695457382956021997e-01
5.265578240378061547e-01
5.813794971559752556e-01
6.478768499482358001e-01
7.110082512464375171e-01
7.800199118999706638e-01
8.413550327497192338e-01
9.052130646151791415e-01
9.835368114460835143e-01
1.042492552695386099e+00
1.119486991494440087e+00
1.207760954532314690e+00
1.305316262845741093e+00
1.379482353818531237e+00
1.475687291120709066e+00
1.554984301639537714e+00
1.631024447568055979e+00
1.707183806302211337e+00
1.785762373075213461e+00
1.855892803368766275e+00
1.927404505534244583e+00
2.006626524688774449e+00
2.049644622546217043e+00
2.110870224759319846e+00
2.173151606652228285e+00
2.221833599129741099e+00
2.295429128613737824e+00
2.353525987409677445e+00
2.417245094280974005e+00
2.499761749373858422e+00
2.547778103179553000e+00
2.614312120119318905e+00
2.682713998452282755e+00
2.737927254151770295e+00
2.791950788779406167e+00
2.822013389863399890e+00
2.844271625477830412e+00
2.879697877724360033e+00
2.907413595368030457e+00
2.932262325030882355e+00
2.949008775889971901e+00
2.955806244481816059e+00
2.958208054141864274e+00
2.955546015857278608e+00
2.932778524961374256e+00
2.904995556928466449e+00
2.867621266219128273e+00
2.820713950759750510e+00
2.785680398973291449e+00
2.759999040811373927e+00
2.715470494501588394e+00
2.669578161325922405e+00
2.605746663028076338e+00
2.520853867131751969e+00
2.432301659790555348e+00
2.356759332904750259e+00
2.338275176745888473e+00
2.291519691156724825e+00
2.232799036596123443e+00
2.162375320538664880e+00
2.072205648699928737e+00
1.983576347700165998e+00
1.901420027241681465e+00
1.829631422756276438e+00
1.761316527932422327e+00
1.642783983571301398e+00
1.531326010043981167e+00
1.378823775332723045e+00
1.189445468607867484e+00
1.056158563982522836e+00
1.009391901377707734e+00
9.588645482416398025e-01
8.499037694333598791e-01
7.408233438421418793e-01
6.263069275956858473e-01
4.302515358373695253e-01
6.212121506965672113e-01
4.316307195631376992e-01
0.000000000000000000e+00
0.000000000000000000e+00
0.000000000000000000e+00
0.000000000000000000e+00
0.000000000000000000e+00
0.000000000000000000e+00
0.000000000000000000e+00
0.000000000000000000e+00
0.000000000000000000e+00
0.000000000000000000e+00
