0.000000000000000000e+00
0.000000000000000000e+00
0.000000000000000000e+00
0.000000000000000000e+00
0.000000000000000000e+00
0.000000000000000000e+00
0.000000000000000000e+00
0.000000000000000000e+00
0.000000000000000000e+00
0.000000000000000000e+00
0.000000000000000000e+00
0.000000000000000000e+00
0.000000000000000000e+00
0.000000000000000000e+00
0.000000000000000000e+00
0.000000000000000000e+00
0.000000000000000000e+00
0.000000000000000000e+00
0.000000000000000000e+00
0.000000000000000000e+00
0.000000000000000000e+00
0.000000000000000000e+00
0.000000000000000000e+00
0.000000000000000000e+00
0.000000000000000000e+00
0.000000000000000000e+00
0.000000000000000000e+00
0.000000000000000000e+00
0.000000000000000000e+00
0.000000000000000000e+00
0.000000000000000000e+00
0.000000000000000000e+00
0.000000000000000000e+00
0.000000000000000000e+00
0.000000000000000000e+00
0.000000000000000000e+00
0.000000000000000000e+00
0.000000000000000000e+00
0.000000000000000000e+00
0.000000000000000000e+00
0.000000000000000000e+00
0.000000000000000000e+00
0.000000000000000000e+00
0.000000000000000000e+00
0.000000000000000000e+00
0.000000000000000000e+00
0.000000000000000000e+00
0.000000000000000000e+00
0.000000000000000000e+00
0.000000000000000000e+00
0.000000000000000000e+00
0.000000000000000000e+00
0.000000000000000000e+00
0.000000000000000000e+00
0.000000000000000000e+00
0.000000000000000000e+00
0.000000000000000000e+00
0.000000000000000000e+00
0.000000000000000000e+00
0.000000000000000000e+00
0.000000000000000000e+00
0.000000000000000000e+00
0.000000000000000000e+00
0.000000000000000000e+00
0.000000000000000000e+00
0.000000000000000000e+00
0.000000000000000000e+00
0.000000000000000000e+00
0.000000000000000000e+00
0.000000000000000000e+00
0.000000000000000000e+00
0.000000000000000000e+00
0.000000000000000000e+00
0.000000000000000000e+00
0.000000000000000000e+00
0.000000000000000000e+00
0.000000000000000000e+00
0.000000000000000000e+00
0.000000000000000000e+00
0.000000000000000000e+00
0.000000000000000000e+00
0.000000000000000000e+00
0.000000000000000000e+00
0.000000000000000000e+00
0.000000000000000000e+00
0.000000000000000000e+00
0.000000000000000000e+00
0.000000000000000000e+00
0.000000000000000000e+00
0.000000000000000000e+00
0.000000000000000000e+00
0.000000000000000000e+00
0.000000000000000000e+00
0.000000000000000000e+00
0.000000000000000000e+00
0.000000000000000000e+00
0.000000000000000000e+00
0.000000000000000000e+00
0.000000000000000000e+00
0.000000000000000000e+00
5.287553080239317360e+00
5.335996135870015422e+00
5.381882728724391107e+00
5.458224789956069856e+00
5.538224510394211819e+00
5.657559529485794769e+00
5.696692999917895683e+00
5.692395435207325605e+00
5.795859592523859405e+00
5.845070074632535473e+00
5.863429452763051053e+00
5.946693744710151996e+00
6.001819813701258610e+00
6.004079613449320618e+00
6.096776348732766415e+00
6.134034852389433468e+00
6.178312975144051755e+00
6.186367310465489489e+00
6.221963023774411461e+00
6.233754562814652900e+00
6.287176474453517017e+00
6.318240528460751015e+00
6.335544507897795441e+00
6.358816175868589049e+00
6.362265599241696101e+00
6.364355510671586558e+00
6.324867356523061090e+00
6.333600538406445324e+00
6.303018154791616645e+00
6.306730967899154550e+00
6.291861310378863870e+00
6.266515212275037605e+00
6.246982009967701366e+00
6.208384274752401844e+00
6.127378880199076505e+00
6.086660475950033344e+00
6.044983492100891809e+00
5.996578169654405599e+00
5.952782495567200627e+00
5.873829911665314540e+00
5.784394192999436690e+00
5.691240593055525210e+00
5.577191763153065196e+00
5.506396631405059416e+00
5.413806707343782776e+00
5.308769632950953721e+00
5.202394410574735950e+00
5.087678858626040856e+00
4.969806078020841511e+00
4.849059336588399383e+00
4.713862517059316914e+00
4.594953626233358790e+00
4.476507649648035603e+00
4.305813829618697852e+00
4.164837372037346164e+00
4.037719833953570259e+00
3.868888513274128638e+00
3.711343012588320889e+00
3.578748056716455572e+00
3.443983169744929906e+00
3.281602916677342829e+00
3.144494230666615930e+00
2.986212749654251652e+00
2.824363082312125961e+00
2.657325027343985013e+00
2.501415990795614608e+00
2.354662330904564893e+00
2.226560697891691198e+00
2.087719143633347763e+00
1.924721386715726457e+00
1.775910916523987249e+00
1.630853964337620754e+00
1.481947811697891249e+00
1.356241785173520231e+00
1.226768333749033379e+00
1.106574105093505622e+00
9.845749714311906597e-01
8.488957024252544725e-01
7.326654335915036009e-01
6.150209629973480974e-01
5.188174144302378776e-01
4.645954719840367786e-01
4.166998177141461590e-01
3.724516562482665383e-01
3.178679288404224201e-01
2.683323935503622581e-01
2.257841892971791664e-01
1.826690242577308221e-01
1.559505453906804284e-01
9.414914650189741552e-02
1.760680567299485050e-02
0.000000000000000000e+00
0.000000000000000000e+00
0.000000000000000000e+00
0.000000000000000000e+00
0.000000000000000000e+00
0.000000000000000000e+00
0.000000000000000000e+00
0.000000000000000000e+00
0.000000000000000000e+00
0.000000000000000000e+00
