0.000000000000000000e+00
0.000000000000000000e+00
0.000000000000000000e+00
0.000000000000000000e+00
0.000000000000000000e+00
0.000000000000000000e+00
0.000000000000000000e+00
0.000000000000000000e+00
0.000000000000000000e+00
0.000000000000000000e+00
0.000000000000000000e+00
0.000000000000000000e+00
0.000000000000000000e+00
0.000000000000000000e+00
0.000000000000000000e+00
0.000000000000000000e+00
0.000000000000000000e+00
0.000000000000000000e+00
0.000000000000000000e+00
0.000000000000000000e+00
0.000000000000000000e+00
0.000000000000000000e+00
0.000000000000000000e+00
0.000000000000000000e+00
0.000000000000000000e+00
0.000000000000000000e+00
0.000000000000000000e+00
0.000000000000000000e+00
0.000000000000000000e+00
0.000000000000000000e+00
0.000000000000000000e+00
0.000000000000000000e+00
0.000000000000000000e+00
0.000000000000000000e+00
0.000000000000000000e+00
0.000000000000000000e+00
0.000000000000000000e+00
0.000000000000000000e+00
0.000000000000000000e+00
0.000000000000000000e+00
0.000000000000000000e+00
0.000000000000000000e+00
0.000000000000000000e+00
0.000000000000000000e+00
0.000000000000000000e+00
0.000000000000000000e+00
0.000000000000000000e+00
0.000000000000000000e+00
0.000000000000000000e+00
0.000000000000000000e+00
0.000000000000000000e+00
0.000000000000000000e+00
0.000000000000000000e+00
0.000000000000000000e+00
0.000000000000000000e+00
0.000000000000000000e+00
0.000000000000000000e+00
0.000000000000000000e+00
0.000000000000000000e+00
0.000000000000000000e+00
0.000000000000000000e+00
0.000000000000000000e+00
0.000000000000000000e+00
0.000000000000000000e+00
0.000000000000000000e+00
0.000000000000000000e+00
0.000000000000000000e+00
0.000000000000000000e+00
0.000000000000000000e+00
0.000000000000000000e+00
0.000000000000000000e+00
0.000000000000000000e+00
0.000000000000000000e+00
0.000000000000000000e+00
0.000000000000000000e+00
0.000000000000000000e+00
0.000000000000000000e+00
0.000000000000000000e+00
0.000000000000000000e+00
0.000000000000000000e+00
0.000000000000000000e+00
0.000000000000000000e+00
0.000000000000000000e+00
0.000000000000000000e+00
0.000000000000000000e+00
0.000000000000000000e+00
0.000000000000000000e+00
0.000000000000000000e+00
0.000000000000000000e+00
0.000000000000000000e+00
0.000000000000000000e+00
0.000000000000000000e+00
0.000000000000000000e+00
0.000000000000000000e+00
0.000000000000000000e+00
0.000000000000000000e+00
0.000000000000000000e+00
0.000000000000000000e+00
0.000000000000000000e+00
0.000000000000000000e+00
0.000000000000000000e+00
0.000000000000000000e+00
5.669905919319091596e-03
1.627136363336683864e-02
2.572958936981097067e-02
5.392449295311811663e-02
8.828227406418073797e-02
1.345404222635612490e-01
1.739549117410560952e-01
2.143819616796905636e-01
2.576607353176794124e-01
2.953350876222829990e-01
3.315151543597919526e-01
3.590500809583135888e-01
4.000625050782153358e-01
4.334781650073024628e-01
4.657913442748514155e-01
5.027418446052304146e-01
5.387577008250626909e-01
5.758659788413748037e-01
6.106633849492065780e-01
6.532789318385578969e-01
6.942751347661176853e-01
7.426191159165888012e-01
7.917167570572228863e-01
8.333090755304745079e-01
8.841693888693266112e-01
9.244802596659710270e-01
9.536422814451235297e-01
9.932572300832559486e-01
1.021789017717531722e+00
1.060453734475519161e+00
1.085610938259993219e+00
1.108720427877091241e+00
1.142205421614856720e+00
1.159248500881791877e+00
1.187671389990573312e+00
1.220946840268632538e+00
1.229666669409378965e+00
1.257130791326392716e+00
1.278491413116563002e+00
1.288099363472940295e+00
1.306916663491223041e+00
1.310990763454034980e+00
1.320878841685576122e+00
1.318086417716105352e+00
1.326748269652620271e+00
1.340345431702656409e+00
1.334915801789043011e+00
1.335621848661933120e+00
1.327573075473077457e+00
1.325330880773283981e+00
1.308355183755185891e+00
1.300669247692547215e+00
1.283237808227597698e+00
1.274179076468805238e+00
1.261170818006582151e+00
1.237069989845598572e+00
1.207955910457320758e+00
1.170647509402444442e+00
1.135357089728834090e+00
1.103788131599949374e+00
1.079277227532480010e+00
1.058340220285833855e+00
1.020791080883157065e+00
9.753237077909966413e-01
9.229597880080327998e-01
8.649265073544298854e-01
8.143446096160232850e-01
7.957430211795002428e-01
7.734115102760820148e-01
7.313876023862330156e-01
6.848011805643078320e-01
6.275850354460221769e-01
5.574663191720571342e-01
5.083615422299142539e-01
4.903861938674591303e-01
4.707935921908241728e-01
4.266826058510944653e-01
3.788764764909657301e-01
3.155095122300379806e-01
2.253155244748423491e-01
1.589915164655072433e-01
1.636274976586577778e-01
1.676629532238537446e-01
1.414278376514430946e-01
1.220010154688930260e-01
1.026372739648459126e-01
6.964828471751147165e-02
1.021783629652742303e-01
7.186314165667971599e-02
0.000000000000000000e+00
0.000000000000000000e+00
0.000000000000000000e+00
0.000000000000000000e+00
0.000000000000000000e+00
0.000000000000000000e+00
0.000000000000000000e+00
0.000000000000000000e+00
0.000000000000000000e+00
0.000000000000000000e+00
