0.000000000000000000e+00
0.000000000000000000e+00
0.000000000000000000e+00
0.000000000000000000e+00
0.000000000000000000e+00
0.000000000000000000e+00
0.000000000000000000e+00
0.000000000000000000e+00
0.000000000000000000e+00
0.000000000000000000e+00
0.000000000000000000e+00
0.000000000000000000e+00
0.000000000000000000e+00
0.000000000000000000e+00
0.000000000000000000e+00
0.000000000000000000e+00
0.000000000000000000e+00
0.000000000000000000e+00
0.000000000000000000e+00
0.000000000000000000e+00
0.000000000000000000e+00
0.000000000000000000e+00
0.000000000000000000e+00
0.000000000000000000e+00
0.000000000000000000e+00
0.000000000000000000e+00
0.000000000000000000e+00
0.000000000000000000e+00
0.000000000000000000e+00
0.000000000000000000e+00
0.000000000000000000e+00
0.000000000000000000e+00
0.000000000000000000e+00
0.000000000000000000e+00
0.000000000000000000e+00
0.000000000000000000e+00
0.000000000000000000e+00
0.000000000000000000e+00
0.000000000000000000e+00
0.000000000000000000e+00
0.000000000000000000e+00
0.000000000000000000e+00
0.000000000000000000e+00
0.000000000000000000e+00
0.000000000000000000e+00
0.000000000000000000e+00
0.000000000000000000e+00
0.000000000000000000e+00
0.000000000000000000e+00
0.000000000000000000e+00
0.000000000000000000e+00
0.000000000000000000e+00
0.000000000000000000e+00
0.000000000000000000e+00
0.000000000000000000e+00
0.000000000000000000e+00
0.000000000000000000e+00
0.000000000000000000e+00
0.000000000000000000e+00
0.000000000000000000e+00
0.000000000000000000e+00
0.000000000000000000e+00
0.000000000000000000e+00
0.000000000000000000e+00
0.000000000000000000e+00
0.000000000000000000e+00
0.000000000000000000e+00
0.000000000000000000e+00
0.000000000000000000e+00
0.000000000000000000e+00
0.000000000000000000e+00
0.000000000000000000e+00
0.000000000000000000e+00
0.000000000000000000e+00
0.000000000000000000e+00
0.000000000000000000e+00
0.000000000000000000e+00
0.000000000000000000e+00
0.000000000000000000e+00
0.000000000000000000e+00
0.000000000000000000e+00
0.000000000000000000e+00
0.000000000000000000e+00
0.000000000000000000e+00
0.000000000000000000e+00
0.000000000000000000e+00
0.000000000000000000e+00
0.000000000000000000e+00
0.000000000000000000e+00
0.000000000000000000e+00
0.000000000000000000e+00
0.000000000000000000e+00
0.000000000000000000e+00
0.000000000000000000e+00
0.000000000000000000e+00
0.000000000000000000e+00
0.000000000000000000e+00
0.000000000000000000e+00
0.000000000000000000e+00
0.000000000000000000e+00
2.110514218027421229e+00
2.167249977882498957e+00
2.219623233830834153e+00
2.262568574291962786e+00
2.292741241115747730e+00
2.347457469569466770e+00
2.402207562251805317e+00
2.461687807240640513e+00
2.504194426306156185e+00
2.542165778502073259e+00
2.595961247445265130e+00
2.636037173987900939e+00
2.717995917755104518e+00
2.729719988793686269e+00
2.810403002377657167e+00
2.855018285533866607e+00
2.890805881998166349e+00
2.940857182355117061e+00
3.012320724156303697e+00
3.044286424639664812e+00
3.095440694403507997e+00
3.154795717644866215e+00
3.199656290666152980e+00
3.264682377176161943e+00
3.293628432231813008e+00
3.313172672170005217e+00
3.382743412950433459e+00
3.413622737421150077e+00
3.458759877641695901e+00
3.507977424623838214e+00
3.545959437825423333e+00
3.583797893151595026e+00
3.625129791606503726e+00
3.659476445910198272e+00
3.694165163666369711e+00
3.711628116743144634e+00
3.744516668335910570e+00
3.770835706524959807e+00
3.780244728668781029e+00
3.826949159751376062e+00
3.843429005806780818e+00
3.855738150814489007e+00
3.858733660174485713e+00
3.867566955249633232e+00
3.884784245600823027e+00
3.871878641810365451e+00
3.883276303149736375e+00
3.873373531194131747e+00
3.875198922716897254e+00
3.854289326656595627e+00
3.831671560947602639e+00
3.797077858942021766e+00
3.776655174127514503e+00
3.735998627405114458e+00
3.702390245423234028e+00
3.644048031252944408e+00
3.592587899335139667e+00
3.552145670700689095e+00
3.480546794624632234e+00
3.411565358286398730e+00
3.345627144640272999e+00
3.253676749715820105e+00
3.185767113890363156e+00
3.084426356497723454e+00
2.993839429323360335e+00
2.886770437808506173e+00
2.786776323694360791e+00
2.680658764704165531e+00
2.560859796855873061e+00
2.431468220422488891e+00
2.314943020968601495e+00
2.176132269236117800e+00
2.050585508828879799e+00
1.913474638816053952e+00
1.802157423122348501e+00
1.672674847416955490e+00
1.529076363451963294e+00
1.396247121951388781e+00
1.259667658620478914e+00
1.127339466991229333e+00
1.017445877415336097e+00
9.220764044558569239e-01
8.385867727476978839e-01
7.545955276255803534e-01
6.627277778545002107e-01
5.725334545177289680e-01
4.884827387857541003e-01
4.154240000576693848e-01
3.481402509240730248e-01
2.150026326980616076e-01
3.082092680425512279e-02
0.000000000000000000e+00
0.000000000000000000e+00
0.000000000000000000e+00
0.000000000000000000e+00
0.000000000000000000e+00
0.000000000000000000e+00
0.000000000000000000e+00
0.000000000000000000e+00
0.000000000000000000e+00
0.000000000000000000e+00
