0.000000000000000000e+00
0.000000000000000000e+00
0.000000000000000000e+00
0.000000000000000000e+00
0.000000000000000000e+00
0.000000000000000000e+00
0.000000000000000000e+00
0.000000000000000000e+00
0.000000000000000000e+00
0.000000000000000000e+00
0.000000000000000000e+00
0.000000000000000000e+00
0.000000000000000000e+00
0.000000000000000000e+00
0.000000000000000000e+00
0.000000000000000000e+00
0.000000000000000000e+00
0.000000000000000000e+00
0.000000000000000000e+00
0.000000000000000000e+00
0.000000000000000000e+00
0.000000000000000000e+00
0.000000000000000000e+00
0.000000000000000000e+00
0.000000000000000000e+00
0.000000000000000000e+00
0.000000000000000000e+00
0.000000000000000000e+00
0.000000000000000000e+00
0.000000000000000000e+00
0.000000000000000000e+00
0.000000000000000000e+00
0.000000000000000000e+00
0.000000000000000000e+00
0.000000000000000000e+00
0.000000000000000000e+00
0.000000000000000000e+00
0.000000000000000000e+00
0.000000000000000000e+00
0.000000000000000000e+00
0.000000000000000000e+00
0.000000000000000000e+00
0.000000000000000000e+00
0.000000000000000000e+00
0.000000000000000000e+00
0.000000000000000000e+00
0.000000000000000000e+00
0.000000000000000000e+00
0.000000000000000000e+00
0.000000000000000000e+00
0.000000000000000000e+00
0.000000000000000000e+00
0.000000000000000000e+00
0.000000000000000000e+00
0.000000000000000000e+00
0.000000000000000000e+00
0.000000000000000000e+00
0.000000000000000000e+00
0.000000000000000000e+00
0.000000000000000000e+00
0.000000000000000000e+00
0.000000000000000000e+00
0.000000000000000000e+00
0.000000000000000000e+00
0.000000000000000000e+00
0.000000000000000000e+00
0.000000000000000000e+00
0.000000000000000000e+00
0.000000000000000000e+00
0.000000000000000000e+00
0.000000000000000000e+00
0.000000000000000000e+00
0.000000000000000000e+00
0.000000000000000000e+00
0.000000000000000000e+00
0.000000000000000000e+00
0.000000000000000000e+00
0.000000000000000000e+00
0.000000000000000000e+00
0.000000000000000000e+00
0.000000000000000000e+00
0.000000000000000000e+00
0.000000000000000000e+00
0.000000000000000000e+00
0.000000000000000000e+00
0.000000000000000000e+00
0.000000000000000000e+00
0.000000000000000000e+00
0.000000000000000000e+00
0.000000000000000000e+00
0.000000000000000000e+00
0.000000000000000000e+00
0.000000000000000000e+00
0.000000000000000000e+00
0.000000000000000000e+00
0.000000000000000000e+00
0.000000000000000000e+00
0.000000000000000000e+00
0.000000000000000000e+00
0.000000000000000000e+00
4.936499032489731320e+00
4.995908378395118810e+00
5.055785119589165433e+00
5.133361317665785073e+00
5.224050768459603589e+00
5.342372612320055225e+00
5.400489750153655955e+00
5.413603433992559388e+00
5.528671273363442218e+00
5.588648700155368410e+00
5.625651250921313462e+00
5.721151125789886827e+00
5.793937523301442738e+00
5.817663319950259648e+00
5.929529747388269101e+00
5.979981744405042932e+00
6.055977963109634210e+00
6.079315727911001055e+00
6.146939483806181492e+00
6.188205169523347315e+00
6.269811792324356148e+00
6.324241451562841121e+00
6.372100681909984132e+00
6.422780460386456447e+00
6.462095912896844929e+00
6.497297008373495331e+00
6.488387457379078072e+00
6.533236504991029925e+00
6.543295288583115266e+00
6.578397588352263625e+00
6.601855415250133419e+00
6.614436296201718690e+00
6.633695779271786996e+00
6.635606595211316794e+00
6.592665848978229270e+00
6.594894353837653433e+00
6.591081861836578071e+00
6.579372191595725283e+00
6.577446585040776839e+00
6.542230843117662786e+00
6.490719638775895639e+00
6.430246522193024283e+00
6.353985214138295312e+00
6.315301397807253636e+00
6.261603659450399206e+00
6.186666821265420779e+00
6.111920233949729386e+00
6.029380214420078765e+00
5.938084707873337642e+00
5.846561486213953884e+00
5.732639665813277219e+00
5.632739490840459773e+00
5.538637245804337361e+00
5.379040105360116009e+00
5.254456491476533486e+00
5.148838549671262754e+00
4.988428707400834661e+00
4.842672405052923956e+00
4.722294673317737335e+00
4.596150727084372889e+00
4.432012720712749321e+00
4.300861503439904254e+00
4.144051208602551384e+00
3.985189427599643341e+00
3.808609084533564282e+00
3.646066071465207781e+00
3.485901913489078741e+00
3.345944734044327795e+00
3.190294302574099294e+00
3.005644797340470298e+00
2.835567669902076204e+00
2.666662204339314446e+00
2.487123268464249914e+00
2.326979839006094064e+00
2.150596531078556861e+00
1.984584491842708687e+00
1.818179186633654520e+00
1.629199566803612331e+00
1.472074317658055520e+00
1.302540736164180091e+00
1.155835072168520661e+00
1.047577390537532738e+00
9.326741277824663889e-01
8.294193922177081069e-01
7.108713887642943430e-01
5.996773898955942705e-01
5.032330480558134811e-01
4.060002695453179822e-01
3.477548459324668051e-01
2.102495216101342435e-01
3.931874719658230016e-02
0.000000000000000000e+00
0.000000000000000000e+00
0.000000000000000000e+00
0.000000000000000000e+00
0.000000000000000000e+00
0.000000000000000000e+00
0.000000000000000000e+00
0.000000000000000000e+00
0.000000000000000000e+00
0.000000000000000000e+00
