2.387140050804245073e-01
8.881081958274829047e-01
1.334331990846060467e+00
1.582802991690370975e+00
1.728785595175259537e+00
1.800397852271805377e+00
1.835474902250418872e+00
1.845715830236361432e+00
1.828443187663481018e+00
1.801011231399615831e+00
1.758340912885600238e+00
1.715072393220262059e+00
1.671807150375399953e+00
1.614530339064611963e+00
1.553065728331388229e+00
1.510157160709582280e+00
1.460706953944372666e+00
1.407204938160593111e+00
1.344956414451752513e+00
1.297679722806772018e+00
1.254521766489785417e+00
1.207454639976858646e+00
1.159015594175147434e+00
1.116559834546638319e+00
1.073523029511077809e+00
1.028355697401192703e+00
9.904769623879685625e-01
9.502569438406881508e-01
9.131791495524362867e-01
8.808132386245332013e-01
8.433243237266250247e-01
8.104915293719531233e-01
7.748098530634491832e-01
7.557962441064549619e-01
7.197311752443733557e-01
6.989040966436753655e-01
6.634377634950245906e-01
6.386581083936059278e-01
6.167444978115559362e-01
5.832125010509858765e-01
5.669742601722087549e-01
5.386965647225231413e-01
5.260419960717854782e-01
5.001558747885075373e-01
4.750289630493542137e-01
4.621157370766006411e-01
4.294006125987583911e-01
4.204692828424993478e-01
4.048622903984390176e-01
3.902973234185645457e-01
3.764773842935526527e-01
3.527026281452033674e-01
3.385420586166330015e-01
3.220184080813700001e-01
3.043533123244556715e-01
2.974250531283748056e-01
2.822846468306829393e-01
2.624238172781542255e-01
2.583673815619905723e-01
2.490174653149501427e-01
2.307640717607610525e-01
2.139668120475586577e-01
2.136158584417355566e-01
2.013114167120820530e-01
1.917847176053015523e-01
1.823001959313555742e-01
1.806436220149237881e-01
1.606307090566059526e-01
1.601894456802357980e-01
1.546351771682298037e-01
1.480234816793055963e-01
1.317773511987531121e-01
1.296571619415212984e-01
1.197204163181120051e-01
1.073566225890072445e-01
1.070331591841796326e-01
1.041924042659182204e-01
1.027232554186509050e-01
8.910595466739214265e-02
8.075118812059331463e-02
8.265528058955412538e-02
7.634114751952050804e-02
7.222252304247007981e-02
7.214518775882811097e-02
6.515009721078346416e-02
5.937763718497269388e-02
5.492666653186664000e-02
4.833288985532999821e-02
4.365194481809655386e-02
4.664017297560139885e-02
4.085235950093018403e-02
4.450865273704304043e-02
3.992194748478558597e-02
3.587816571573953367e-02
3.492975668119900623e-02
3.428681454002005524e-02
2.219976513479796770e-02
2.373500493555290303e-02
2.833285393803792671e-02
2.201541949221929792e-02
