0.000000000000000000e+00
0.000000000000000000e+00
0.000000000000000000e+00
0.000000000000000000e+00
0.000000000000000000e+00
0.000000000000000000e+00
0.000000000000000000e+00
0.000000000000000000e+00
0.000000000000000000e+00
0.000000000000000000e+00
0.000000000000000000e+00
0.000000000000000000e+00
0.000000000000000000e+00
0.000000000000000000e+00
0.000000000000000000e+00
0.000000000000000000e+00
0.000000000000000000e+00
0.000000000000000000e+00
0.000000000000000000e+00
0.000000000000000000e+00
0.000000000000000000e+00
0.000000000000000000e+00
0.000000000000000000e+00
0.000000000000000000e+00
0.000000000000000000e+00
0.000000000000000000e+00
0.000000000000000000e+00
0.000000000000000000e+00
0.000000000000000000e+00
0.000000000000000000e+00
0.000000000000000000e+00
0.000000000000000000e+00
0.000000000000000000e+00
0.000000000000000000e+00
0.000000000000000000e+00
0.000000000000000000e+00
0.000000000000000000e+00
0.000000000000000000e+00
0.000000000000000000e+00
0.000000000000000000e+00
0.000000000000000000e+00
0.000000000000000000e+00
0.000000000000000000e+00
0.000000000000000000e+00
0.000000000000000000e+00
0.000000000000000000e+00
0.000000000000000000e+00
0.000000000000000000e+00
0.000000000000000000e+00
0.000000000000000000e+00
0.000000000000000000e+00
0.000000000000000000e+00
2.870451825293193204e-01
2.257238533330389596e-01
5.558549125917194855e-01
5.384397859783717211e-01
4.574178963241079532e-01
1.036281575559905299e+00
8.145664054875506599e-01
9.755092534493305934e-01
1.405799979640174557e+00
1.152300776799767501e+00
1.047934134016645258e+00
1.652431980276898971e+00
1.764433629981785545e+00
1.934707753018664045e+00
2.506721194591495561e+00
2.842120599675787673e+00
2.957880756793463739e+00
3.923706276173499763e+00
4.582870528353119255e+00
5.248737791893592686e+00
6.113358383439168264e+00
6.819371706532018074e+00
7.749532196878733181e+00
8.390720823176106791e+00
9.369372695025354858e+00
1.037647822542031051e+01
1.104167762086867022e+01
1.225416177679644392e+01
1.277401177704046553e+01
1.381805852529270062e+01
1.465670770903018294e+01
1.545933861659337616e+01
1.634402792352783607e+01
1.694411017951079046e+01
1.740569747745023221e+01
1.830447320326215888e+01
1.915678448883723561e+01
1.955342535228503920e+01
2.037843358515762304e+01
2.079006318587034841e+01
2.129079891876845920e+01
2.206155725182942362e+01
2.217060291051299004e+01
2.308293699764609386e+01
2.373698770008451220e+01
2.428996984869495179e+01
2.473673714714197303e+01
2.600357809002467491e+01
2.637527569765463298e+01
2.718349918083638883e+01
2.809631839031345280e+01
2.889474518109512502e+01
2.964211682839811601e+01
3.012119213119351002e+01
3.090875594349761712e+01
3.154002369089513280e+01
3.249760414351837312e+01
3.314146995891539405e+01
3.383784756686326034e+01
3.402690603636094835e+01
3.482764402580625784e+01
3.778811695384275282e+01
4.030794424386343877e+01
4.115550688309153315e+01
4.185863042779569554e+01
4.166589148787210917e+01
4.156005957466172873e+01
4.108580241928093102e+01
4.039524652570522534e+01
3.942196769855057426e+01
3.931326442416328604e+01
3.823037426591299948e+01
3.783506273397843245e+01
3.809323235721058865e+01
3.865270793641394675e+01
3.873091349496026226e+01
3.824546582550288321e+01
3.842799743715342231e+01
3.824555658348045029e+01
3.782907189633260714e+01
3.741010652062983866e+01
3.647738282523179976e+01
3.618748615319407236e+01
3.555661870906352817e+01
3.487195275592021915e+01
3.416873149464503712e+01
3.353639460780411952e+01
3.283092051369735032e+01
3.203540730334615461e+01
3.124874184807930177e+01
3.040030207454775635e+01
2.984648912527456588e+01
2.905355244645471657e+01
2.797176987958682304e+01
2.695250209254683327e+01
2.601882712747413606e+01
2.485744719901348532e+01
2.407255979965673731e+01
2.324027241466204430e+01
2.235051079580564348e+01
2.146593646575857406e+01
2.056323486946582690e+01
1.964846907176375979e+01
1.879951932976947049e+01
1.819430351636801646e+01
1.721318543437158866e+01
1.626384323224711181e+01
1.525526274068167432e+01
1.440082976568262296e+01
1.355330130151886259e+01
1.281260564490083276e+01
1.192229381796600762e+01
1.113485667575487170e+01
1.029215246399260764e+01
9.614717373378667276e+00
8.753053334557087339e+00
8.036159747489273641e+00
7.289469043830261619e+00
6.593338622817275230e+00
5.883346677718741091e+00
5.232230939455713603e+00
4.696281579396096362e+00
4.172579158063476790e+00
3.753068186063087008e+00
3.320140979999366415e+00
2.819700066014402484e+00
2.340688929051392808e+00
1.918656348252071542e+00
1.569958242469471132e+00
1.350624379520053653e+00
1.230074648557645034e+00
1.090729875189903053e+00
9.206742939833496564e-01
7.954579761623363776e-01
6.686139922395185620e-01
5.571388451302391465e-01
4.515116159378624316e-01
3.018283557829516961e-01
2.516357554845754033e-02
0.000000000000000000e+00
0.000000000000000000e+00
0.000000000000000000e+00
0.000000000000000000e+00
0.000000000000000000e+00
0.000000000000000000e+00
0.000000000000000000e+00
0.000000000000000000e+00
0.000000000000000000e+00
0.000000000000000000e+00
