0.000000000000000000e+00
0.000000000000000000e+00
0.000000000000000000e+00
0.000000000000000000e+00
0.000000000000000000e+00
0.000000000000000000e+00
0.000000000000000000e+00
0.000000000000000000e+00
0.000000000000000000e+00
0.000000000000000000e+00
0.000000000000000000e+00
0.000000000000000000e+00
0.000000000000000000e+00
0.000000000000000000e+00
0.000000000000000000e+00
0.000000000000000000e+00
0.000000000000000000e+00
0.000000000000000000e+00
0.000000000000000000e+00
0.000000000000000000e+00
5.205882188990437420e+00
5.667038221845888124e+00
6.101626420970700515e+00
6.443390916701812188e+00
6.698179432883398121e+00
6.830953314401791765e+00
6.814904764870889586e+00
6.608745590841993867e+00
6.221269840265367002e+00
5.681285690799494859e+00
4.976786843052694920e+00
4.138877242704380954e+00
3.257785758467131920e+00
2.349112321007317039e+00
1.537586318654270423e+00
8.549019666146082663e-01
3.448884416585606405e-01
1.186139890319344442e-01
1.419629760281926334e-02
0.000000000000000000e+00
0.000000000000000000e+00
