2.594981425192950830e+00
7.228440713951260754e+00
9.640871156171941792e+00
1.088658539863729757e+01
1.158595882692385892e+01
1.190426166822161491e+01
1.200408520400421430e+01
1.197284254128772041e+01
1.181698509211718395e+01
1.164456969999948477e+01
1.138969879291569853e+01
1.113207614708448112e+01
1.086032634963855159e+01
1.060519924120535684e+01
1.027877636496034874e+01
9.968673107884860940e+00
9.720818387606641409e+00
9.412985119871002837e+00
9.172291707721248244e+00
8.865807222663731224e+00
8.626270976062009765e+00
8.394691354095304092e+00
8.118054411435167594e+00
7.922200136006055438e+00
7.677827471089193168e+00
7.448283825852830553e+00
7.273742768858323160e+00
7.071128997374839464e+00
6.826400021764620796e+00
6.672485035759212479e+00
6.456315891529479600e+00
6.265454716492860676e+00
6.109653897888441598e+00
5.932142501116755007e+00
5.782784626017178020e+00
5.598723405669036701e+00
5.414024629928208654e+00
5.292008853636346544e+00
5.158751950438625222e+00
5.027153505786467136e+00
4.858768113700283386e+00
4.729901949718644083e+00
4.595326153385293821e+00
4.482164079653413680e+00
4.321400184307369940e+00
4.239621492819041215e+00
4.121366536855258111e+00
3.971358559149745115e+00
3.867167874385187165e+00
3.781586759102626427e+00
3.649242931627426856e+00
3.518868923603295507e+00
3.403969204158271200e+00
3.297992964760378953e+00
3.217336441186793738e+00
3.110407986066700659e+00
2.995915915154502951e+00
2.915162595023799152e+00
2.776929857392903767e+00
2.760163478692843508e+00
2.652752138549308025e+00
2.581522190585823218e+00
2.444779025874223688e+00
2.344070040432789881e+00
2.272216795775563014e+00
2.193857959977803418e+00
2.102151753166424886e+00
2.045249116635792230e+00
1.995920012971143187e+00
1.904451083728219585e+00
1.819170036045671734e+00
1.704624716623093894e+00
1.652534540531526375e+00
1.604594069298180603e+00
1.554925843920029083e+00
1.497879368856664506e+00
1.396705261340314363e+00
1.361523341844430579e+00
1.281990988072234217e+00
1.185731475412438618e+00
1.146542137284014995e+00
1.088437721850891826e+00
1.022000851353952466e+00
9.704839863588647919e-01
9.407689146516049483e-01
8.723050136768158991e-01
8.253752559546027046e-01
7.491776428895079443e-01
7.353013232388675435e-01
6.759215424427159613e-01
6.583173272706966950e-01
6.211543009669768800e-01
5.864768941219407061e-01
5.331068404078428413e-01
5.223807054870300837e-01
4.752652013065072345e-01
4.456425579957001282e-01
3.933587533437678530e-01
3.825029696164565229e-01
3.333834302257447368e-01
