0.000000000000000000e+00
0.000000000000000000e+00
0.000000000000000000e+00
0.000000000000000000e+00
0.000000000000000000e+00
0.000000000000000000e+00
0.000000000000000000e+00
0.000000000000000000e+00
0.000000000000000000e+00
0.000000000000000000e+00
0.000000000000000000e+00
0.000000000000000000e+00
0.000000000000000000e+00
0.000000000000000000e+00
0.000000000000000000e+00
0.000000000000000000e+00
0.000000000000000000e+00
0.000000000000000000e+00
0.000000000000000000e+00
0.000000000000000000e+00
0.000000000000000000e+00
0.000000000000000000e+00
0.000000000000000000e+00
0.000000000000000000e+00
0.000000000000000000e+00
0.000000000000000000e+00
0.000000000000000000e+00
0.000000000000000000e+00
0.000000000000000000e+00
0.000000000000000000e+00
0.000000000000000000e+00
0.000000000000000000e+00
0.000000000000000000e+00
0.000000000000000000e+00
0.000000000000000000e+00
0.000000000000000000e+00
0.000000000000000000e+00
0.000000000000000000e+00
0.000000000000000000e+00
0.000000000000000000e+00
0.000000000000000000e+00
0.000000000000000000e+00
0.000000000000000000e+00
0.000000000000000000e+00
0.000000000000000000e+00
0.000000000000000000e+00
0.000000000000000000e+00
0.000000000000000000e+00
0.000000000000000000e+00
0.000000000000000000e+00
0.000000000000000000e+00
0.000000000000000000e+00
0.000000000000000000e+00
0.000000000000000000e+00
0.000000000000000000e+00
0.000000000000000000e+00
0.000000000000000000e+00
0.000000000000000000e+00
0.000000000000000000e+00
0.000000000000000000e+00
0.000000000000000000e+00
0.000000000000000000e+00
0.000000000000000000e+00
0.000000000000000000e+00
0.000000000000000000e+00
0.000000000000000000e+00
0.000000000000000000e+00
0.000000000000000000e+00
0.000000000000000000e+00
0.000000000000000000e+00
0.000000000000000000e+00
0.000000000000000000e+00
0.000000000000000000e+00
0.000000000000000000e+00
0.000000000000000000e+00
0.000000000000000000e+00
0.000000000000000000e+00
0.000000000000000000e+00
0.000000000000000000e+00
0.000000000000000000e+00
0.000000000000000000e+00
0.000000000000000000e+00
0.000000000000000000e+00
0.000000000000000000e+00
0.000000000000000000e+00
0.000000000000000000e+00
0.000000000000000000e+00
0.000000000000000000e+00
0.000000000000000000e+00
0.000000000000000000e+00
0.000000000000000000e+00
0.000000000000000000e+00
0.000000000000000000e+00
0.000000000000000000e+00
0.000000000000000000e+00
0.000000000000000000e+00
0.000000000000000000e+00
0.000000000000000000e+00
0.000000000000000000e+00
0.000000000000000000e+00
2.792420442176180018e+01
2.862398546408611821e+01
2.921353213438505492e+01
2.974311215379022855e+01
3.008615216849298335e+01
3.060128245235846833e+01
3.131090907177581073e+01
3.204705181078841747e+01
3.242501645021363288e+01
3.269429087997121997e+01
3.332453455656216335e+01
3.369046154311229913e+01
3.453791828275391396e+01
3.451178352275681505e+01
3.544853211577567009e+01
3.576870104659862193e+01
3.595205726322409845e+01
3.641760748399633485e+01
3.702943730995399108e+01
3.719406774120407988e+01
3.754395769297664032e+01
3.795196622773053008e+01
3.822188078396192168e+01
3.867756290006453668e+01
3.872798778041464374e+01
3.861241833605660645e+01
3.897294487400412066e+01
3.908987074715295051e+01
3.910517854252150016e+01
3.923969528359552328e+01
3.923836813437075222e+01
3.916593388554323241e+01
3.923938207091241281e+01
3.902470214326053366e+01
3.893816514518488248e+01
3.856127104258104765e+01
3.832008410378657004e+01
3.804649043869756753e+01
3.755181623259924351e+01
3.744130644434498123e+01
3.704074253987415943e+01
3.656665261057536753e+01
3.594677008361891524e+01
3.542123862231704123e+01
3.501394097635321856e+01
3.418942738096188094e+01
3.373655865289921252e+01
3.302748376059118840e+01
3.234512363172012073e+01
3.152274383242236411e+01
3.069823696003179592e+01
2.979224547751675445e+01
2.900577863561004222e+01
2.804675997413609068e+01
2.720950515511182743e+01
2.617517042786654713e+01
2.526994861748151422e+01
2.447927064767324978e+01
2.356744969253382038e+01
2.277583944197567334e+01
2.203258810647334442e+01
2.112792324624701479e+01
2.038990765649088033e+01
1.944561446439122676e+01
1.857621108869616933e+01
1.763120461882926904e+01
1.677141830694109004e+01
1.588577633817040535e+01
1.495029817546219242e+01
1.394663236573187604e+01
1.304445684479128786e+01
1.205848189287969952e+01
1.120466485314367056e+01
1.037850371517296999e+01
9.796599386505178586e+00
9.149507151428757368e+00
8.410279722330868069e+00
7.714848150431244278e+00
6.997541657483487221e+00
6.291118758519286480e+00
5.677802634240631363e+00
5.113985428111282872e+00
4.593274898653715077e+00
4.074725890828645447e+00
3.516662129796018998e+00
2.970323820804504855e+00
2.471860873998966923e+00
2.074133190686616057e+00
1.772565196426647560e+00
1.112460346198272720e+00
1.502752551830384142e-01
0.000000000000000000e+00
0.000000000000000000e+00
0.000000000000000000e+00
0.000000000000000000e+00
0.000000000000000000e+00
0.000000000000000000e+00
0.000000000000000000e+00
0.000000000000000000e+00
0.000000000000000000e+00
0.000000000000000000e+00
