3.949136530523293942e-01
1.379908143381584074e+00
2.042219738132565521e+00
2.437878239628318511e+00
2.704625696984641170e+00
2.869980523264040961e+00
2.979876003269011253e+00
3.046913370563194334e+00
3.074481539366734850e+00
3.090327896858251933e+00
3.075878846123969002e+00
3.055218770611896950e+00
3.022035491952589581e+00
2.988458354225978830e+00
2.934647573179085533e+00
2.869691697354219695e+00
2.832408561665932023e+00
2.767501607406696262e+00
2.716726240619396382e+00
2.646994232170243766e+00
2.598795878375517621e+00
2.547572488331796503e+00
2.480652389472587593e+00
2.432541179652576879e+00
2.368655455135260102e+00
2.314389873208322790e+00
2.269816399157631004e+00
2.219003256477060759e+00
2.150756543161914447e+00
2.111085570041726367e+00
2.050706968158705124e+00
1.999377952292587635e+00
1.956224011471157320e+00
1.908312304123602754e+00
1.863361392462179689e+00
1.811527745841537529e+00
1.754368995976056445e+00
1.720001670699349283e+00
1.679483935274252326e+00
1.641334941210685017e+00
1.588832421306725973e+00
1.550610045435033557e+00
1.510285731218973693e+00
1.472958987094637351e+00
1.424344766904581672e+00
1.400490550064269035e+00
1.362974547094459199e+00
1.317658727267875252e+00
1.281406655835855446e+00
1.253014391383021620e+00
1.208512830707139774e+00
1.168154492979616155e+00
1.133048386888025449e+00
1.101414218090314812e+00
1.072117442233199380e+00
1.032898781151732726e+00
9.981530620282315081e-01
9.723363969318714606e-01
9.271882208493937849e-01
9.202758478235094630e-01
8.887554407129228951e-01
8.648756342134460429e-01
8.184392192837921520e-01
7.804387415517483051e-01
7.593420302891742413e-01
7.302040193573873239e-01
7.011158230822545079e-01
6.811715024412424713e-01
6.658295918022105742e-01
6.382690693451152919e-01
6.084953232998078221e-01
5.670819038170367143e-01
5.506934257673644639e-01
5.273251706778049330e-01
5.164124701562583519e-01
4.954805931635931637e-01
4.609879081687625058e-01
4.512654116421599970e-01
4.235215520391000243e-01
3.896004140672226224e-01
3.772311409346519873e-01
3.573067195252572770e-01
3.365346685280170558e-01
3.217340938445901188e-01
3.055179961150140677e-01
2.839388593266257144e-01
2.684588435593867062e-01
2.433071206679464360e-01
2.349662629034011962e-01
2.148244137668959830e-01
2.104838288919920752e-01
2.005406145411074426e-01
1.881785494148051630e-01
1.688872228470590653e-01
1.664993167837271471e-01
1.509890455354395700e-01
1.401991714807850065e-01
1.225596336127749014e-01
1.177157016350946772e-01
1.066149340752089447e-01
