0.000000000000000000e+00
0.000000000000000000e+00
0.000000000000000000e+00
0.000000000000000000e+00
0.000000000000000000e+00
0.000000000000000000e+00
0.000000000000000000e+00
0.000000000000000000e+00
0.000000000000000000e+00
0.000000000000000000e+00
0.000000000000000000e+00
0.000000000000000000e+00
0.000000000000000000e+00
0.000000000000000000e+00
0.000000000000000000e+00
0.000000000000000000e+00
0.000000000000000000e+00
0.000000000000000000e+00
0.000000000000000000e+00
0.000000000000000000e+00
0.000000000000000000e+00
0.000000000000000000e+00
0.000000000000000000e+00
0.000000000000000000e+00
0.000000000000000000e+00
0.000000000000000000e+00
0.000000000000000000e+00
0.000000000000000000e+00
0.000000000000000000e+00
0.000000000000000000e+00
0.000000000000000000e+00
0.000000000000000000e+00
0.000000000000000000e+00
0.000000000000000000e+00
0.000000000000000000e+00
0.000000000000000000e+00
0.000000000000000000e+00
0.000000000000000000e+00
0.000000000000000000e+00
0.000000000000000000e+00
0.000000000000000000e+00
0.000000000000000000e+00
0.000000000000000000e+00
0.000000000000000000e+00
0.000000000000000000e+00
0.000000000000000000e+00
0.000000000000000000e+00
0.000000000000000000e+00
0.000000000000000000e+00
0.000000000000000000e+00
0.000000000000000000e+00
0.000000000000000000e+00
0.000000000000000000e+00
0.000000000000000000e+00
0.000000000000000000e+00
0.000000000000000000e+00
0.000000000000000000e+00
0.000000000000000000e+00
0.000000000000000000e+00
0.000000000000000000e+00
0.000000000000000000e+00
0.000000000000000000e+00
0.000000000000000000e+00
0.000000000000000000e+00
0.000000000000000000e+00
0.000000000000000000e+00
0.000000000000000000e+00
0.000000000000000000e+00
0.000000000000000000e+00
0.000000000000000000e+00
0.000000000000000000e+00
0.000000000000000000e+00
0.000000000000000000e+00
0.000000000000000000e+00
0.000000000000000000e+00
0.000000000000000000e+00
0.000000000000000000e+00
0.000000000000000000e+00
0.000000000000000000e+00
0.000000000000000000e+00
0.000000000000000000e+00
0.000000000000000000e+00
0.000000000000000000e+00
0.000000000000000000e+00
0.000000000000000000e+00
0.000000000000000000e+00
0.000000000000000000e+00
0.000000000000000000e+00
0.000000000000000000e+00
0.000000000000000000e+00
0.000000000000000000e+00
0.000000000000000000e+00
0.000000000000000000e+00
0.000000000000000000e+00
0.000000000000000000e+00
0.000000000000000000e+00
0.000000000000000000e+00
0.000000000000000000e+00
0.000000000000000000e+00
0.000000000000000000e+00
0.000000000000000000e+00
0.000000000000000000e+00
0.000000000000000000e+00
2.099749558113218895e-02
7.290660770718775108e-02
1.277632793109750864e-01
1.747284590224865986e-01
2.200530044971260868e-01
2.648952881673272142e-01
3.173035886968328390e-01
3.717100919599999331e-01
4.181052931067216760e-01
4.700315690347208752e-01
5.301205449786808854e-01
5.969611982025093688e-01
6.623787963618152919e-01
7.417881601718452345e-01
8.160602877710287917e-01
8.936675088156434965e-01
9.592068654354255486e-01
1.025054994886483994e+00
1.106870616099550952e+00
1.167031383047014037e+00
1.246388947173389106e+00
1.338436103620602058e+00
1.442747125210399162e+00
1.527183801925070528e+00
1.641285592029490203e+00
1.738834417636251350e+00
1.831931314736930050e+00
1.922590963587200275e+00
2.014115967217619207e+00
2.092789729851862290e+00
2.167610899434712302e+00
2.244979340086741271e+00
2.276588234176976755e+00
2.326100047933045367e+00
2.377696178407183059e+00
2.413072590763300163e+00
2.475104792115192076e+00
2.518623141704087853e+00
2.566960970293571176e+00
2.634442510576360252e+00
2.661315891190457084e+00
2.707696613426035182e+00
2.752588491262859982e+00
2.779251020115538484e+00
2.805183155432546371e+00
2.801234699614485901e+00
2.786082846633794574e+00
2.778738735966858275e+00
2.757839326980121353e+00
2.730635602155721209e+00
2.697556344384382854e+00
2.664756703765390977e+00
2.638223287655639293e+00
2.604853026038151498e+00
2.541502574347136889e+00
2.468294875503023622e+00
2.381441687563748300e+00
2.292772887991501030e+00
2.244018938579741107e+00
2.243551824604993250e+00
2.234574225213981524e+00
2.213579645611777114e+00
2.184012720493873516e+00
2.142753852053973951e+00
2.097682757914347107e+00
2.046941661594617212e+00
2.021865325560570970e+00
1.969947202477839054e+00
1.914504698674063476e+00
1.845623355879334460e+00
1.756751236846072262e+00
1.667593379589701330e+00
1.585686024190814614e+00
1.516115616818294765e+00
1.447685629969988286e+00
1.331699306560133023e+00
1.218234594698388795e+00
1.059981169232788289e+00
8.570677829628519095e-01
7.168732933835790799e-01
6.948724156193790691e-01
6.716768315342774853e-01
5.867388604813390529e-01
5.090501361259629487e-01
4.274616137552487705e-01
2.870093753874545239e-01
4.212136033409020763e-01
2.936157537730349487e-01
0.000000000000000000e+00
0.000000000000000000e+00
0.000000000000000000e+00
0.000000000000000000e+00
0.000000000000000000e+00
0.000000000000000000e+00
0.000000000000000000e+00
0.000000000000000000e+00
0.000000000000000000e+00
0.000000000000000000e+00
