2.364496625479802772e-01
8.887801836489842566e-01
1.309291644881904748e+00
1.529341026240397250e+00
1.649827613386169345e+00
1.701950906657019980e+00
1.720506783142274676e+00
1.716795760203828847e+00
1.688698179398521182e+00
1.652302819646217502e+00
1.603423956569181907e+00
1.555088485777412322e+00
1.507480154736573041e+00
1.449395209015012176e+00
1.388410342686138277e+00
1.343547249457810899e+00
1.293858731989208977e+00
1.241442831189694118e+00
1.182602922392982814e+00
1.136440090051968443e+00
1.095206649570506841e+00
1.050677897268423422e+00
1.006885938992279739e+00
9.663579753316844378e-01
9.260640823632936280e-01
8.854690502816838782e-01
8.507068749244728334e-01
8.141105965766903818e-01
7.808316147059864987e-01
7.513061152041374813e-01
7.181804773955242638e-01
6.893419140962244729e-01
6.576562772741437746e-01
6.406392103334592747e-01
6.093989354027696814e-01
5.904619442725154155e-01
5.591232886896821963e-01
5.384925527193340500e-01
5.197198845411891144e-01
4.908220178958745961e-01
4.759017679230089781e-01
4.521564308963934020e-01
4.408706634826663473e-01
4.186275834777075655e-01
3.969004126351617368e-01
3.870630548267470217e-01
3.598077213120117746e-01
3.518765011882162286e-01
3.388123668333871685e-01
3.262505837868068803e-01
3.144719621638126239e-01
2.943260613895720135e-01
2.821796523813117075e-01
2.683732199300142285e-01
2.535756979675396483e-01
2.480242990346840370e-01
2.351458140498765559e-01
2.181912064389605055e-01
2.148069196289089100e-01
2.073142361303139947e-01
1.923772432982096825e-01
1.784327537532154895e-01
1.777203970783942932e-01
1.676715735229170612e-01
1.594506531451367337e-01
1.519033840471775143e-01
1.501502187527095633e-01
1.338731646294718525e-01
1.336775161032612569e-01
1.289822595107909253e-01
1.231682456416631904e-01
1.100861260115014451e-01
1.082343262661239897e-01
9.962203056158029646e-02
8.957576601422631568e-02
8.975443180279647770e-02
8.684315523326693875e-02
8.587656575736593578e-02
7.503014699661061937e-02
6.817259765758351686e-02
6.970912930681338882e-02
6.406197349043654676e-02
6.071269460199143347e-02
6.097833676790318652e-02
5.526122505616307828e-02
4.979554577537859128e-02
4.684991026815298054e-02
4.143569383220525870e-02
3.665546050804992934e-02
3.956117083032407999e-02
3.466285570783646935e-02
3.824018238407794756e-02
3.369308106478283160e-02
3.082786593020122451e-02
3.013787773745802562e-02
2.945499021352223148e-02
1.948503367840316580e-02
2.058122930468409342e-02
2.431326538190604555e-02
1.921136442592565746e-02
