0.000000000000000000e+00
0.000000000000000000e+00
0.000000000000000000e+00
0.000000000000000000e+00
0.000000000000000000e+00
0.000000000000000000e+00
0.000000000000000000e+00
0.000000000000000000e+00
0.000000000000000000e+00
0.000000000000000000e+00
0.000000000000000000e+00
0.000000000000000000e+00
0.000000000000000000e+00
0.000000000000000000e+00
0.000000000000000000e+00
0.000000000000000000e+00
0.000000000000000000e+00
0.000000000000000000e+00
0.000000000000000000e+00
0.000000000000000000e+00
0.000000000000000000e+00
0.000000000000000000e+00
0.000000000000000000e+00
0.000000000000000000e+00
0.000000000000000000e+00
0.000000000000000000e+00
0.000000000000000000e+00
0.000000000000000000e+00
0.000000000000000000e+00
0.000000000000000000e+00
0.000000000000000000e+00
0.000000000000000000e+00
0.000000000000000000e+00
0.000000000000000000e+00
0.000000000000000000e+00
0.000000000000000000e+00
0.000000000000000000e+00
0.000000000000000000e+00
0.000000000000000000e+00
0.000000000000000000e+00
0.000000000000000000e+00
0.000000000000000000e+00
0.000000000000000000e+00
0.000000000000000000e+00
0.000000000000000000e+00
0.000000000000000000e+00
0.000000000000000000e+00
0.000000000000000000e+00
0.000000000000000000e+00
0.000000000000000000e+00
0.000000000000000000e+00
0.000000000000000000e+00
0.000000000000000000e+00
0.000000000000000000e+00
0.000000000000000000e+00
0.000000000000000000e+00
0.000000000000000000e+00
0.000000000000000000e+00
0.000000000000000000e+00
0.000000000000000000e+00
0.000000000000000000e+00
0.000000000000000000e+00
0.000000000000000000e+00
0.000000000000000000e+00
0.000000000000000000e+00
0.000000000000000000e+00
0.000000000000000000e+00
0.000000000000000000e+00
0.000000000000000000e+00
0.000000000000000000e+00
0.000000000000000000e+00
0.000000000000000000e+00
0.000000000000000000e+00
0.000000000000000000e+00
0.000000000000000000e+00
0.000000000000000000e+00
0.000000000000000000e+00
0.000000000000000000e+00
0.000000000000000000e+00
0.000000000000000000e+00
0.000000000000000000e+00
0.000000000000000000e+00
0.000000000000000000e+00
0.000000000000000000e+00
0.000000000000000000e+00
0.000000000000000000e+00
0.000000000000000000e+00
0.000000000000000000e+00
0.000000000000000000e+00
0.000000000000000000e+00
0.000000000000000000e+00
0.000000000000000000e+00
0.000000000000000000e+00
0.000000000000000000e+00
0.000000000000000000e+00
0.000000000000000000e+00
0.000000000000000000e+00
0.000000000000000000e+00
0.000000000000000000e+00
0.000000000000000000e+00
0.000000000000000000e+00
0.000000000000000000e+00
0.000000000000000000e+00
8.095028045548182671e-01
2.811421460920296322e+00
4.929264673951076148e+00
6.750552713340935540e+00
8.518240498516554737e+00
1.027461511206818834e+01
1.230939198732699502e+01
1.438160557704278908e+01
1.606978663319457468e+01
1.789911122615617245e+01
1.998123368380484877e+01
2.223330394735993565e+01
2.439251233935970831e+01
2.697214644321795873e+01
2.938231377176894910e+01
3.200260325763589719e+01
3.423424459669368503e+01
3.651216419595056095e+01
3.933525054073131599e+01
4.132727278414022010e+01
4.399118374119966290e+01
4.708862142822729169e+01
5.053600665026890226e+01
5.322324381869873378e+01
5.684226747097348209e+01
5.981854211612760963e+01
6.260145823598163872e+01
6.531121637605842523e+01
6.816988518571724853e+01
7.073044201465789627e+01
7.337780476938259255e+01
7.637617965089781080e+01
7.801425210541005129e+01
8.035962957890629355e+01
8.272828496596123671e+01
8.452148461389667489e+01
8.719102628766648877e+01
8.918055345596299333e+01
9.131952128191912266e+01
9.413457122762591212e+01
9.558909021543863105e+01
9.769173301170349077e+01
9.985766866369738182e+01
1.016540244304678140e+02
1.037116332485643113e+02
1.050463743526845093e+02
1.060975998080739373e+02
1.075936143341037479e+02
1.088229893968019724e+02
1.100159098591420417e+02
1.110826894269620340e+02
1.120673581270257984e+02
1.132136305358457946e+02
1.143234913761933740e+02
1.147752100924508483e+02
1.152031722528846558e+02
1.154579356042984131e+02
1.153499249048233537e+02
1.154690160224949977e+02
1.156261663674034139e+02
1.150818804826730570e+02
1.149190813358461583e+02
1.141564689837167634e+02
1.128111939917145463e+02
1.112740460130535354e+02
1.091639750077125228e+02
1.080439714324582638e+02
1.054963695257006009e+02
1.029761596446174678e+02
9.974589781059212612e+01
9.555114810912778012e+01
9.141863854116765253e+01
8.755863879874767974e+01
8.414560346870067065e+01
8.087321141950978642e+01
7.525992428773083986e+01
6.993459428300083403e+01
6.262256220881626945e+01
5.350678692802251391e+01
4.716892182955779589e+01
4.524222194683801490e+01
4.317343045397949197e+01
3.833761011398843976e+01
3.360600265648663054e+01
2.871799258707858371e+01
2.048143857115189448e+01
2.880527394062598034e+01
1.990514481858900808e+01
0.000000000000000000e+00
0.000000000000000000e+00
0.000000000000000000e+00
0.000000000000000000e+00
0.000000000000000000e+00
0.000000000000000000e+00
0.000000000000000000e+00
0.000000000000000000e+00
0.000000000000000000e+00
0.000000000000000000e+00
