6.780250407117009992e-01
1.867745632223141383e+00
2.412046391526606381e+00
2.638617722223752793e+00
2.716064644291284580e+00
2.704136713444738493e+00
2.649364913820808187e+00
2.572084577331099187e+00
2.469359411558593287e+00
2.362639897862711003e+00
2.252438848648430358e+00
2.142885758210265390e+00
2.043781811307376461e+00
1.940309571521007248e+00
1.836949117129309528e+00
1.754987910446722532e+00
1.669932538991234061e+00
1.588887954329940788e+00
1.500265293128542954e+00
1.428608573476161103e+00
1.365465255694264579e+00
1.300991557472221283e+00
1.240295921142098745e+00
1.182741098519919376e+00
1.125635185972855279e+00
1.072339900169673621e+00
1.025573001078487811e+00
9.764268951652329553e-01
9.338814161184372242e-01
8.938185022220511700e-01
8.512910243149435230e-01
8.157153100887686303e-01
7.755505339695986100e-01
7.538002892491376672e-01
7.160669862609302383e-01
6.907591623472310038e-01
6.520708208102218295e-01
6.276221427559834920e-01
6.047643277394333383e-01
5.707968224863708695e-01
5.514784451027339163e-01
5.228447758004171053e-01
5.085459097370229609e-01
4.818181940680896225e-01
4.558634929318229334e-01
4.450143159719915364e-01
4.148589470012501446e-01
4.044880120675173329e-01
3.897367536582858061e-01
3.734382486585742789e-01
3.601762214566091025e-01
3.379644104329928567e-01
3.225172503484267650e-01
3.062589971832365698e-01
2.895985723689366020e-01
2.832096604627833969e-01
2.676379513673633470e-01
2.472316946364739865e-01
2.438196713006041128e-01
2.359424851612922369e-01
2.194778778120636542e-01
2.035845797147149416e-01
2.031709017881697943e-01
1.915655948244022466e-01
1.801946790848144575e-01
1.729803646120413041e-01
1.702040583516630512e-01
1.535389153314039301e-01
1.518316460363302034e-01
1.459590524223035313e-01
1.394251248019430789e-01
1.264225855718747182e-01
1.239593890160993056e-01
1.126439676762216319e-01
1.025159161310272571e-01
1.028626274495039045e-01
9.908810647177826447e-02
9.790779516425865414e-02
8.640863071102200532e-02
7.924584375946042147e-02
8.123794266573725054e-02
7.233754086223551094e-02
6.851869310400809931e-02
7.048135283008895302e-02
6.354807869962199318e-02
5.665963678774290496e-02
5.470370717594669197e-02
4.872545121312326505e-02
4.265398097575396480e-02
4.628945436158174442e-02
4.080670875784565138e-02
4.542606192981646362e-02
3.884279887692440592e-02
3.698878651680174295e-02
3.580817792030807634e-02
3.448618878593612963e-02
2.435667436817476675e-02
2.507340425535978939e-02
2.876055307673757930e-02
2.324817524103725205e-02
