0.000000000000000000e+00
0.000000000000000000e+00
0.000000000000000000e+00
0.000000000000000000e+00
0.000000000000000000e+00
0.000000000000000000e+00
0.000000000000000000e+00
0.000000000000000000e+00
0.000000000000000000e+00
0.000000000000000000e+00
0.000000000000000000e+00
0.000000000000000000e+00
0.000000000000000000e+00
0.000000000000000000e+00
0.000000000000000000e+00
0.000000000000000000e+00
0.000000000000000000e+00
0.000000000000000000e+00
0.000000000000000000e+00
0.000000000000000000e+00
0.000000000000000000e+00
0.000000000000000000e+00
0.000000000000000000e+00
0.000000000000000000e+00
0.000000000000000000e+00
0.000000000000000000e+00
0.000000000000000000e+00
0.000000000000000000e+00
0.000000000000000000e+00
0.000000000000000000e+00
0.000000000000000000e+00
0.000000000000000000e+00
0.000000000000000000e+00
0.000000000000000000e+00
0.000000000000000000e+00
0.000000000000000000e+00
0.000000000000000000e+00
0.000000000000000000e+00
0.000000000000000000e+00
0.000000000000000000e+00
0.000000000000000000e+00
0.000000000000000000e+00
0.000000000000000000e+00
0.000000000000000000e+00
0.000000000000000000e+00
0.000000000000000000e+00
0.000000000000000000e+00
0.000000000000000000e+00
0.000000000000000000e+00
0.000000000000000000e+00
0.000000000000000000e+00
0.000000000000000000e+00
0.000000000000000000e+00
0.000000000000000000e+00
0.000000000000000000e+00
0.000000000000000000e+00
0.000000000000000000e+00
0.000000000000000000e+00
0.000000000000000000e+00
0.000000000000000000e+00
0.000000000000000000e+00
0.000000000000000000e+00
0.000000000000000000e+00
0.000000000000000000e+00
0.000000000000000000e+00
0.000000000000000000e+00
0.000000000000000000e+00
0.000000000000000000e+00
0.000000000000000000e+00
0.000000000000000000e+00
0.000000000000000000e+00
0.000000000000000000e+00
0.000000000000000000e+00
0.000000000000000000e+00
0.000000000000000000e+00
0.000000000000000000e+00
0.000000000000000000e+00
0.000000000000000000e+00
0.000000000000000000e+00
0.000000000000000000e+00
0.000000000000000000e+00
0.000000000000000000e+00
0.000000000000000000e+00
0.000000000000000000e+00
0.000000000000000000e+00
0.000000000000000000e+00
0.000000000000000000e+00
0.000000000000000000e+00
0.000000000000000000e+00
0.000000000000000000e+00
0.000000000000000000e+00
0.000000000000000000e+00
0.000000000000000000e+00
0.000000000000000000e+00
0.000000000000000000e+00
0.000000000000000000e+00
0.000000000000000000e+00
0.000000000000000000e+00
0.000000000000000000e+00
0.000000000000000000e+00
0.000000000000000000e+00
0.000000000000000000e+00
0.000000000000000000e+00
6.179667705897774060e-02
2.146621263850919670e-01
3.764473685819346160e-01
5.156505093028870279e-01
6.508221008409545982e-01
7.851457114887342437e-01
9.409514625792649856e-01
1.099777933590425194e+00
1.229580537638004900e+00
1.370520748367320962e+00
1.531031249421888951e+00
1.705058790246819278e+00
1.872103055387784654e+00
2.071999189817933740e+00
2.258964850264706392e+00
2.462033403900434347e+00
2.635474628579942635e+00
2.812688688033205597e+00
3.032176513693871645e+00
3.188079524831693767e+00
3.396067962513640293e+00
3.637547147680094906e+00
3.906060296549678235e+00
4.114656960969687027e+00
4.394527259721995982e+00
4.624511243927481807e+00
4.839969432399285232e+00
5.050404181950065130e+00
5.272270430911540018e+00
5.471353884768494602e+00
5.677540775188612443e+00
5.911157509322010561e+00
6.039982032907288634e+00
6.223702581315991189e+00
6.409245313545469003e+00
6.550907018671225046e+00
6.761265218467271687e+00
6.920030712871874101e+00
7.091198002675363377e+00
7.315322065943240304e+00
7.434795626757854770e+00
7.604946440354773962e+00
7.780678332751978843e+00
7.927866283753433940e+00
8.093780085239759003e+00
8.203461988535490690e+00
8.291558861142933168e+00
8.415388973382526672e+00
8.519043628027608506e+00
8.620826506088690167e+00
8.714338311906738355e+00
8.803423443860889819e+00
8.907442064978640772e+00
9.010231739873026058e+00
9.063183726892724223e+00
9.115975583812849337e+00
9.157477201678384304e+00
9.171313730021669386e+00
9.202940023563670024e+00
9.237232502496201647e+00
9.217445114422122998e+00
9.232822050363122202e+00
9.202656050060950221e+00
9.130328209971020570e+00
9.042975573286472724e+00
8.899018481251369295e+00
8.822176061918447942e+00
8.629791735420752730e+00
8.449078116842818176e+00
8.211567906233034009e+00
7.901745746257049063e+00
7.599716264903647378e+00
7.302961251596571834e+00
7.017253066909625581e+00
6.742848653044055673e+00
6.284421470190721060e+00
5.848032459887218870e+00
5.248801233383772136e+00
4.503096134716150445e+00
3.983034013131666384e+00
3.816731761190099270e+00
3.637882411706244934e+00
3.231932444198888366e+00
2.832149230864575262e+00
2.418529759593231798e+00
1.720713632259660120e+00
2.424085475757088659e+00
1.675705218215571835e+00
0.000000000000000000e+00
0.000000000000000000e+00
0.000000000000000000e+00
0.000000000000000000e+00
0.000000000000000000e+00
0.000000000000000000e+00
0.000000000000000000e+00
0.000000000000000000e+00
0.000000000000000000e+00
0.000000000000000000e+00
