0.000000000000000000e+00
0.000000000000000000e+00
0.000000000000000000e+00
0.000000000000000000e+00
0.000000000000000000e+00
0.000000000000000000e+00
0.000000000000000000e+00
0.000000000000000000e+00
0.000000000000000000e+00
0.000000000000000000e+00
0.000000000000000000e+00
0.000000000000000000e+00
0.000000000000000000e+00
0.000000000000000000e+00
0.000000000000000000e+00
0.000000000000000000e+00
0.000000000000000000e+00
0.000000000000000000e+00
0.000000000000000000e+00
0.000000000000000000e+00
0.000000000000000000e+00
0.000000000000000000e+00
0.000000000000000000e+00
0.000000000000000000e+00
0.000000000000000000e+00
0.000000000000000000e+00
0.000000000000000000e+00
0.000000000000000000e+00
0.000000000000000000e+00
0.000000000000000000e+00
0.000000000000000000e+00
0.000000000000000000e+00
0.000000000000000000e+00
0.000000000000000000e+00
0.000000000000000000e+00
0.000000000000000000e+00
0.000000000000000000e+00
0.000000000000000000e+00
0.000000000000000000e+00
0.000000000000000000e+00
0.000000000000000000e+00
0.000000000000000000e+00
0.000000000000000000e+00
0.000000000000000000e+00
0.000000000000000000e+00
0.000000000000000000e+00
0.000000000000000000e+00
0.000000000000000000e+00
0.000000000000000000e+00
0.000000000000000000e+00
0.000000000000000000e+00
0.000000000000000000e+00
0.000000000000000000e+00
0.000000000000000000e+00
0.000000000000000000e+00
0.000000000000000000e+00
0.000000000000000000e+00
0.000000000000000000e+00
0.000000000000000000e+00
0.000000000000000000e+00
0.000000000000000000e+00
0.000000000000000000e+00
0.000000000000000000e+00
0.000000000000000000e+00
0.000000000000000000e+00
0.000000000000000000e+00
0.000000000000000000e+00
0.000000000000000000e+00
0.000000000000000000e+00
0.000000000000000000e+00
0.000000000000000000e+00
0.000000000000000000e+00
0.000000000000000000e+00
0.000000000000000000e+00
0.000000000000000000e+00
0.000000000000000000e+00
0.000000000000000000e+00
0.000000000000000000e+00
0.000000000000000000e+00
0.000000000000000000e+00
0.000000000000000000e+00
0.000000000000000000e+00
0.000000000000000000e+00
0.000000000000000000e+00
0.000000000000000000e+00
0.000000000000000000e+00
0.000000000000000000e+00
0.000000000000000000e+00
0.000000000000000000e+00
0.000000000000000000e+00
0.000000000000000000e+00
0.000000000000000000e+00
0.000000000000000000e+00
0.000000000000000000e+00
0.000000000000000000e+00
0.000000000000000000e+00
0.000000000000000000e+00
0.000000000000000000e+00
0.000000000000000000e+00
0.000000000000000000e+00
0.000000000000000000e+00
0.000000000000000000e+00
0.000000000000000000e+00
5.935384923769485011e-02
2.065292301138317577e-01
3.628973921849116269e-01
4.982629002218452730e-01
6.305499671233810721e-01
7.624333189324081772e-01
9.161938575246832972e-01
1.072468740701102874e+00
1.199997918678113784e+00
1.337975033657945456e+00
1.494173619062451719e+00
1.663630966618723228e+00
1.825779712280971578e+00
2.019886943988884020e+00
2.201941967954252011e+00
2.400462717806592927e+00
2.570932565775998047e+00
2.745776290914220485e+00
2.962038718100973078e+00
3.116225499832323997e+00
3.321683522958798207e+00
3.560123640225531627e+00
3.825361008629511783e+00
4.031641366526223180e+00
4.307889600152966736e+00
4.535607336657353272e+00
4.749589363449928214e+00
4.958684650814912054e+00
5.177507495694758433e+00
5.372009805231039437e+00
5.570807684916052160e+00
5.793643209607270528e+00
5.911292329552778391e+00
6.082145780022891302e+00
6.255106453486110496e+00
6.381857937258360813e+00
6.569376325139139716e+00
6.699201818758266036e+00
6.835618366948167157e+00
7.020001451776858303e+00
7.098147540677436140e+00
7.223803435236806791e+00
7.350145999002414499e+00
7.443068784417040007e+00
7.554146277098095830e+00
7.604581021890862047e+00
7.630164142255523529e+00
7.681936874479210253e+00
7.707943569117396088e+00
7.724171956559632513e+00
7.723141336665881873e+00
7.708885398129713629e+00
7.696977131793521387e+00
7.671512687065857428e+00
7.583763096173750995e+00
7.480536756535933307e+00
7.349522321348170628e+00
7.196247101028628634e+00
7.086467401634883423e+00
7.018219724844147578e+00
6.903765281520823471e+00
6.777937122586878971e+00
6.607266787123109886e+00
6.381896475727613982e+00
6.143867568117033606e+00
5.931042285808212355e+00
5.852963032066034188e+00
5.699821568788639325e+00
5.510277968921013958e+00
5.285351126386407472e+00
4.996999802799517276e+00
4.705591419728683888e+00
4.460795542058249907e+00
4.289977437753521805e+00
4.127342092907833049e+00
3.823787394698391573e+00
3.539055930137991357e+00
3.148410228476403283e+00
2.658591652060847910e+00
2.318410723572686738e+00
2.225175056602492152e+00
2.125124219888505195e+00
1.875814095919975832e+00
1.633396811500551493e+00
1.379119106461620392e+00
9.435908165231684519e-01
1.366297326437989179e+00
9.498785946947883030e-01
0.000000000000000000e+00
0.000000000000000000e+00
0.000000000000000000e+00
0.000000000000000000e+00
0.000000000000000000e+00
0.000000000000000000e+00
0.000000000000000000e+00
0.000000000000000000e+00
0.000000000000000000e+00
0.000000000000000000e+00
