6.089352426165047127e+00
2.458734763086115294e+01
3.854637222431404808e+01
4.697961280353908364e+01
5.234601903005116696e+01
5.530586188692427640e+01
5.707208398766410795e+01
5.800953947551059287e+01
5.802449363798397997e+01
5.766827132606257322e+01
5.674588506097633456e+01
5.575465898744394622e+01
5.472101519724424890e+01
5.314609625608063226e+01
5.138527102119356016e+01
5.024689538620784646e+01
4.885373746669045403e+01
4.730055258841272092e+01
4.538109381189801894e+01
4.398285660594108748e+01
4.267109590660491847e+01
4.122647385087108773e+01
3.963542620113579318e+01
3.835194511336740675e+01
3.702602569978419922e+01
3.554383200026833123e+01
3.432130649784161136e+01
3.303785812129240895e+01
3.182350992130079703e+01
3.078265049464484804e+01
2.953124710269733910e+01
2.841718560751070299e+01
2.723875788455544011e+01
2.660687311814507083e+01
2.538323441960831417e+01
2.469769581584829155e+01
2.351658746496455876e+01
2.261550715117844135e+01
2.184890844398233156e+01
2.071351946685899748e+01
2.019192975812757496e+01
1.917957594749739769e+01
1.875876204547013870e+01
1.787193753523740369e+01
1.700520632718559710e+01
1.648961158299549723e+01
1.532019835057217882e+01
1.501652592691360155e+01
1.446209778278022284e+01
1.395101698121128742e+01
1.346060955534662540e+01
1.264276207045129397e+01
1.214620118326748788e+01
1.154311612070235249e+01
1.092233089143041447e+01
1.065525076832128271e+01
1.012964672284261702e+01
9.419374908113908873e+00
9.291636793301252695e+00
8.936555480963892961e+00
8.264533470486117750e+00
7.669504340246001028e+00
7.675800217829830352e+00
7.215990772632328465e+00
6.881736607345374956e+00
6.524861692471077390e+00
6.483471858676089106e+00
5.759172159640055355e+00
5.719759838671862440e+00
5.528347854762498237e+00
5.298732304797511006e+00
4.708708948626905588e+00
4.623393666726927087e+00
4.288246143304122349e+00
3.838883269583477809e+00
3.802261000528281087e+00
3.723651977637977062e+00
3.652951865280159360e+00
3.150353203000920033e+00
2.841349278777785869e+00
2.907908689477045172e+00
2.699274845468044415e+00
2.545346651508535007e+00
2.530654302899743247e+00
2.270863462679026945e+00
2.094618166793018155e+00
1.909797163059168357e+00
1.665232692427681016e+00
1.542938454597141185e+00
1.629132954251756749e+00
1.427506071518928943e+00
1.533919911721316032e+00
1.395313037574393622e+00
1.237267885699260939e+00
1.195421100312175966e+00
1.174411975064755254e+00
7.472309825134357819e-01
8.087753534909563058e-01
9.762771053678239719e-01
7.428615483046800971e-01
