4.979174311131684405e-01
1.979102785060796288e+00
3.079146247995590890e+00
3.735409904392685387e+00
4.149180159749325192e+00
4.374422501524086293e+00
4.506199178813972139e+00
4.573253896460443890e+00
4.568332399162359003e+00
4.534782301700659879e+00
4.457593990697497510e+00
4.375465454891036110e+00
4.290483252442458983e+00
4.163994467754896789e+00
4.023428941148349480e+00
3.931546498996588923e+00
3.820086365999005196e+00
3.696443394202793886e+00
3.544814732157323789e+00
3.433814530045634861e+00
3.329995106774788827e+00
3.215854316520749379e+00
3.091191444362175300e+00
2.989611455433947462e+00
2.884909801462534951e+00
2.768772260803038066e+00
2.672818182998633052e+00
2.571878118844757033e+00
2.476762247153730279e+00
2.394976068274504488e+00
2.297142409505114724e+00
2.210188159049149448e+00
2.117925558045985923e+00
2.068494083628857449e+00
1.972967591405086152e+00
1.919282293333921974e+00
1.826928667193337130e+00
1.757101217801309900e+00
1.697463888170442470e+00
1.608826492898502325e+00
1.567862484140073231e+00
1.489309208668008866e+00
1.456375508555225462e+00
1.387235073706816646e+00
1.319720686386968156e+00
1.280118671171196265e+00
1.189339422788612266e+00
1.165659015930711417e+00
1.122601722342611907e+00
1.082847346887006346e+00
1.044777483889347325e+00
9.810187355267507847e-01
9.423945749554808460e-01
8.956912772150757984e-01
8.474513668266822064e-01
8.268350548765823760e-01
7.859306840147379791e-01
7.307875422036884672e-01
7.207445080568284368e-01
6.933517736670283815e-01
6.413444251457386391e-01
5.951151719307469223e-01
5.954656789086465452e-01
5.599406186439570554e-01
5.339205755445682877e-01
5.063629073018645066e-01
5.030305582537357711e-01
4.468778919942288930e-01
4.439833199492087545e-01
4.290604663680694930e-01
4.112227232712171165e-01
3.654661550637695600e-01
3.589334091783615288e-01
3.327645099732858269e-01
2.979462081574097421e-01
2.952970176650084322e-01
2.890316074130294677e-01
2.836784514309473315e-01
2.447866536203585908e-01
2.208970645005854383e-01
2.260971088176209065e-01
2.097407880061470109e-01
1.978222405312730636e-01
1.968026687161973376e-01
1.767231507491080489e-01
1.628150636969605825e-01
1.486497076441824217e-01
1.297489004488105169e-01
1.198980553332379406e-01
1.267667230287442270e-01
1.110742572351163387e-01
1.195297987737789086e-01
1.085559563938943289e-01
9.640004563291228179e-02
9.319236619223274232e-02
9.157914677879457066e-02
5.837549995238082434e-02
6.310471344438069174e-02
7.605367355338064905e-02
5.800334108769235331e-02
