0.000000000000000000e+00
0.000000000000000000e+00
0.000000000000000000e+00
0.000000000000000000e+00
0.000000000000000000e+00
0.000000000000000000e+00
0.000000000000000000e+00
0.000000000000000000e+00
0.000000000000000000e+00
0.000000000000000000e+00
0.000000000000000000e+00
0.000000000000000000e+00
0.000000000000000000e+00
0.000000000000000000e+00
0.000000000000000000e+00
0.000000000000000000e+00
0.000000000000000000e+00
0.000000000000000000e+00
0.000000000000000000e+00
0.000000000000000000e+00
1.209691792046387881e+01
1.276732031993035044e+01
1.336741798033137307e+01
1.381493104046023213e+01
1.408694066157947411e+01
1.414016500107988605e+01
1.386990700507047336e+01
1.334252134668724388e+01
1.249093597994143856e+01
1.137989381544520384e+01
9.912547333084756218e+00
8.359417006171247166e+00
6.653360208528956932e+00
4.934451457036886701e+00
3.321339132888629475e+00
1.917299957629279739e+00
8.722169765149732079e-01
2.646602425417538540e-01
0.000000000000000000e+00
0.000000000000000000e+00
0.000000000000000000e+00
