0.000000000000000000e+00
0.000000000000000000e+00
0.000000000000000000e+00
0.000000000000000000e+00
0.000000000000000000e+00
0.000000000000000000e+00
0.000000000000000000e+00
0.000000000000000000e+00
0.000000000000000000e+00
0.000000000000000000e+00
0.000000000000000000e+00
0.000000000000000000e+00
0.000000000000000000e+00
0.000000000000000000e+00
0.000000000000000000e+00
0.000000000000000000e+00
0.000000000000000000e+00
0.000000000000000000e+00
0.000000000000000000e+00
0.000000000000000000e+00
0.000000000000000000e+00
0.000000000000000000e+00
0.000000000000000000e+00
0.000000000000000000e+00
0.000000000000000000e+00
0.000000000000000000e+00
0.000000000000000000e+00
0.000000000000000000e+00
0.000000000000000000e+00
0.000000000000000000e+00
0.000000000000000000e+00
0.000000000000000000e+00
0.000000000000000000e+00
0.000000000000000000e+00
0.000000000000000000e+00
0.000000000000000000e+00
0.000000000000000000e+00
0.000000000000000000e+00
0.000000000000000000e+00
0.000000000000000000e+00
0.000000000000000000e+00
0.000000000000000000e+00
0.000000000000000000e+00
0.000000000000000000e+00
0.000000000000000000e+00
0.000000000000000000e+00
0.000000000000000000e+00
0.000000000000000000e+00
0.000000000000000000e+00
0.000000000000000000e+00
0.000000000000000000e+00
0.000000000000000000e+00
0.000000000000000000e+00
0.000000000000000000e+00
0.000000000000000000e+00
0.000000000000000000e+00
0.000000000000000000e+00
0.000000000000000000e+00
0.000000000000000000e+00
0.000000000000000000e+00
0.000000000000000000e+00
0.000000000000000000e+00
0.000000000000000000e+00
0.000000000000000000e+00
0.000000000000000000e+00
0.000000000000000000e+00
0.000000000000000000e+00
0.000000000000000000e+00
0.000000000000000000e+00
0.000000000000000000e+00
0.000000000000000000e+00
0.000000000000000000e+00
0.000000000000000000e+00
0.000000000000000000e+00
0.000000000000000000e+00
0.000000000000000000e+00
0.000000000000000000e+00
0.000000000000000000e+00
0.000000000000000000e+00
0.000000000000000000e+00
0.000000000000000000e+00
0.000000000000000000e+00
0.000000000000000000e+00
0.000000000000000000e+00
0.000000000000000000e+00
0.000000000000000000e+00
0.000000000000000000e+00
0.000000000000000000e+00
0.000000000000000000e+00
0.000000000000000000e+00
0.000000000000000000e+00
0.000000000000000000e+00
0.000000000000000000e+00
0.000000000000000000e+00
0.000000000000000000e+00
0.000000000000000000e+00
0.000000000000000000e+00
0.000000000000000000e+00
0.000000000000000000e+00
0.000000000000000000e+00
2.885699597311105791e+01
2.956340528383952915e+01
3.015288983740141049e+01
3.068345595488884570e+01
3.101830478218930764e+01
3.151833129710119508e+01
3.224386188347077820e+01
3.298561260745882606e+01
3.335488392543895486e+01
3.358847337321038395e+01
3.421568862125959498e+01
3.456970236145283337e+01
3.540252983353274630e+01
3.535075529910884029e+01
3.629357592191516346e+01
3.658128472323572566e+01
3.672498801872484364e+01
3.716230690044153562e+01
3.773854887715559414e+01
3.785794793566429917e+01
3.815608051813846657e+01
3.851028218126264591e+01
3.872913180312504267e+01
3.913341153667022354e+01
3.912254212790648467e+01
3.894771599219152591e+01
3.925068530324116267e+01
3.932724808739754252e+01
3.928546301424379550e+01
3.936705237857380268e+01
3.932329558294276239e+01
3.920181230276379125e+01
3.923390697950744510e+01
3.896363886381506347e+01
3.882809704224815306e+01
3.839265806166930162e+01
3.808804778852388040e+01
3.775716384922348112e+01
3.719889564969666651e+01
3.702532018519160317e+01
3.656356834214076912e+01
3.601948790274953893e+01
3.532837605983790041e+01
3.473334067097986377e+01
3.426140426460590760e+01
3.337491113864619052e+01
3.286526336224881817e+01
3.210997674831175175e+01
3.138520989508507952e+01
3.053723843371053093e+01
2.969116442780466159e+01
2.878993664397897945e+01
2.800259844402473419e+01
2.703698116795640516e+01
2.618193033843724038e+01
2.510365332165775598e+01
2.412331575892452307e+01
2.321712726196221510e+01
2.215666257529548844e+01
2.118545101832078004e+01
2.021217975152071844e+01
1.909238012768718917e+01
1.813893912761523453e+01
1.701939250065982279e+01
1.597304709889805707e+01
1.491243601675374642e+01
1.397788217897087115e+01
1.305610128600310027e+01
1.211430227689504058e+01
1.108159059567743832e+01
1.012066295216402878e+01
9.095207459774782066e+00
8.173652958820397885e+00
7.313492926235436897e+00
6.684856108755290016e+00
6.022520667204873668e+00
5.266644494566389945e+00
4.534637188349419645e+00
3.786968865262778650e+00
3.077414103628002273e+00
2.543818710554926810e+00
2.213626381330425108e+00
2.026981951792274028e+00
1.823833797223605391e+00
1.571760415020895252e+00
1.339915127006470863e+00
1.132225955014546814e+00
9.582282392682178740e-01
8.085770265793001954e-01
5.022580331335543269e-01
7.051821147360326503e-02
0.000000000000000000e+00
0.000000000000000000e+00
0.000000000000000000e+00
0.000000000000000000e+00
0.000000000000000000e+00
0.000000000000000000e+00
0.000000000000000000e+00
0.000000000000000000e+00
0.000000000000000000e+00
0.000000000000000000e+00
