0.000000000000000000e+00
0.000000000000000000e+00
0.000000000000000000e+00
0.000000000000000000e+00
0.000000000000000000e+00
0.000000000000000000e+00
0.000000000000000000e+00
0.000000000000000000e+00
0.000000000000000000e+00
0.000000000000000000e+00
0.000000000000000000e+00
0.000000000000000000e+00
0.000000000000000000e+00
0.000000000000000000e+00
0.000000000000000000e+00
0.000000000000000000e+00
0.000000000000000000e+00
0.000000000000000000e+00
0.000000000000000000e+00
0.000000000000000000e+00
0.000000000000000000e+00
0.000000000000000000e+00
0.000000000000000000e+00
0.000000000000000000e+00
0.000000000000000000e+00
0.000000000000000000e+00
0.000000000000000000e+00
0.000000000000000000e+00
0.000000000000000000e+00
0.000000000000000000e+00
0.000000000000000000e+00
0.000000000000000000e+00
0.000000000000000000e+00
0.000000000000000000e+00
0.000000000000000000e+00
0.000000000000000000e+00
0.000000000000000000e+00
0.000000000000000000e+00
0.000000000000000000e+00
0.000000000000000000e+00
0.000000000000000000e+00
0.000000000000000000e+00
0.000000000000000000e+00
0.000000000000000000e+00
0.000000000000000000e+00
0.000000000000000000e+00
0.000000000000000000e+00
0.000000000000000000e+00
0.000000000000000000e+00
0.000000000000000000e+00
0.000000000000000000e+00
0.000000000000000000e+00
0.000000000000000000e+00
0.000000000000000000e+00
0.000000000000000000e+00
0.000000000000000000e+00
0.000000000000000000e+00
0.000000000000000000e+00
0.000000000000000000e+00
0.000000000000000000e+00
0.000000000000000000e+00
0.000000000000000000e+00
0.000000000000000000e+00
0.000000000000000000e+00
0.000000000000000000e+00
0.000000000000000000e+00
0.000000000000000000e+00
0.000000000000000000e+00
0.000000000000000000e+00
0.000000000000000000e+00
0.000000000000000000e+00
0.000000000000000000e+00
0.000000000000000000e+00
0.000000000000000000e+00
0.000000000000000000e+00
0.000000000000000000e+00
0.000000000000000000e+00
0.000000000000000000e+00
0.000000000000000000e+00
0.000000000000000000e+00
0.000000000000000000e+00
0.000000000000000000e+00
0.000000000000000000e+00
0.000000000000000000e+00
0.000000000000000000e+00
0.000000000000000000e+00
0.000000000000000000e+00
0.000000000000000000e+00
0.000000000000000000e+00
0.000000000000000000e+00
0.000000000000000000e+00
0.000000000000000000e+00
0.000000000000000000e+00
0.000000000000000000e+00
0.000000000000000000e+00
0.000000000000000000e+00
0.000000000000000000e+00
0.000000000000000000e+00
0.000000000000000000e+00
0.000000000000000000e+00
0.000000000000000000e+00
0.000000000000000000e+00
2.003350154289984253e-01
5.747325672561443000e-01
9.040574560956031736e-01
1.883610949603969686e+00
3.054275528496276593e+00
4.620931637661113811e+00
5.931995509431675195e+00
7.262447140277247470e+00
8.681631639066981876e+00
9.912615776329731787e+00
1.108951756166522173e+01
1.198172371306598549e+01
1.331986953979388133e+01
1.439565248234642247e+01
1.542798750550911890e+01
1.660451022328109971e+01
1.774008479501102897e+01
1.890149826700027447e+01
1.997045466886066833e+01
2.128901788251149441e+01
2.253998253202158253e+01
2.402271686350565005e+01
2.553079373432667154e+01
2.683453025423639104e+01
2.853418206958307834e+01
2.997083502891816309e+01
3.107664810485258755e+01
3.251413767962492329e+01
3.357698280439040417e+01
3.500839912532143927e+01
3.604041749054362498e+01
3.704994281402019851e+01
3.842910021106755636e+01
3.933070282078547564e+01
4.063723520300412417e+01
4.214387116802758015e+01
4.287271270526706246e+01
4.423935339994500993e+01
4.547719341516560121e+01
4.633052920316348633e+01
4.755526605351079894e+01
4.837968248492164491e+01
4.947644896653793012e+01
5.020374397092953700e+01
5.135624013960591583e+01
5.248385748087196134e+01
5.285224343531430691e+01
5.353206661133751254e+01
5.401817597461823084e+01
5.483558508834537548e+01
5.515709374257284736e+01
5.585610181160180332e+01
5.600468661979406448e+01
5.636773413509234842e+01
5.666264620991126577e+01
5.669043545980726151e+01
5.664332115118939726e+01
5.641053897878115464e+01
5.628219506168034059e+01
5.599109037705454739e+01
5.554137466062972095e+01
5.530842408717234093e+01
5.467785603533356209e+01
5.377572833298946620e+01
5.284295210333894488e+01
5.169720146752777623e+01
5.026528889249372156e+01
4.943865492267678263e+01
4.836463379574963994e+01
4.675272054602884708e+01
4.487942746082317313e+01
4.263571165795568163e+01
3.985752724241993405e+01
3.784034800102757146e+01
3.667334147200246264e+01
3.538570738151132389e+01
3.308021617980350015e+01
3.050654272177127169e+01
2.730763630942636766e+01
2.312934197618956844e+01
2.033047149032475431e+01
1.973128066674059866e+01
1.904062701278588676e+01
1.706015401909516171e+01
1.513641605841117332e+01
1.327556770003384834e+01
1.020206835008066726e+01
1.375227087467556508e+01
9.473296982455947202e+00
0.000000000000000000e+00
0.000000000000000000e+00
0.000000000000000000e+00
0.000000000000000000e+00
0.000000000000000000e+00
0.000000000000000000e+00
0.000000000000000000e+00
0.000000000000000000e+00
0.000000000000000000e+00
0.000000000000000000e+00
