6.595429676871202851e+00
2.632184518453114208e+01
4.029850285100847174e+01
4.810709276376646670e+01
5.271985833065978255e+01
5.501174445761594001e+01
5.616327602535375974e+01
5.653383682505487684e+01
5.604899398231540886e+01
5.524501107837507163e+01
5.395624990753572092e+01
5.265835397799631323e+01
5.134538212699311543e+01
4.959774094477311479e+01
4.771839651184768627e+01
4.640256288926505590e+01
4.488702796624171754e+01
4.324230931564951419e+01
4.132928053495930243e+01
3.987390134284127896e+01
3.854440745098377619e+01
3.709641649421701715e+01
3.560923311440543415e+01
3.429763517267220863e+01
3.297629016802945756e+01
3.158920194002817183e+01
3.041709676388698824e+01
2.918391874578042433e+01
2.804497602868322303e+01
2.705221431901683715e+01
2.590341634150736638e+01
2.488962523230481239e+01
2.379544603979946160e+01
2.320853350400046722e+01
2.210640332190434165e+01
2.146040016159606623e+01
2.037032558715951680e+01
1.960648655286336606e+01
1.893507707667035689e+01
1.790853736034398835e+01
1.740549274398369661e+01
1.653994299401545831e+01
1.614702075679300108e+01
1.535822185884289759e+01
1.458372006506451868e+01
1.418740668546834982e+01
1.318341154008965432e+01
1.290547479003773468e+01
1.242484729008446642e+01
1.197764171389315813e+01
1.155153338202298841e+01
1.082204837254064422e+01
1.038629394426901520e+01
9.877065214020429806e+00
9.340612155962418228e+00
9.120904398002902980e+00
8.660323525137268774e+00
8.042582367921506048e+00
7.925453308047162082e+00
7.637681298021638199e+00
7.074060382184261364e+00
6.563967606778919439e+00
6.550257933483152328e+00
6.168511705216753960e+00
5.880126056327129369e+00
5.585968469001043601e+00
5.535403205346073996e+00
4.923380410283484387e+00
4.908064406870235707e+00
4.739629720500079912e+00
4.534017996258144834e+00
4.036817735237056226e+00
3.966408456413252903e+00
3.665160820289567578e+00
3.290037718701880554e+00
3.280405832829350388e+00
3.191377419835598861e+00
3.143578160281694789e+00
2.729585623449396703e+00
2.473579030654480704e+00
2.528051935639104908e+00
2.340140608361463315e+00
2.212000375308732725e+00
2.209376393012802087e+00
1.994375382925766438e+00
1.815934191781586771e+00
1.684553536432541909e+00
1.482594321151104788e+00
1.334061815841337983e+00
1.427816370686427083e+00
1.250455449399879848e+00
1.365163196597819706e+00
1.220577543636957918e+00
1.099639096403636440e+00
1.072144097592349299e+00
1.050015838358327347e+00
6.815445778971768176e-01
7.272798806301783436e-01
8.695169221675143056e-01
6.764415690038209084e-01
