0.000000000000000000e+00
0.000000000000000000e+00
0.000000000000000000e+00
0.000000000000000000e+00
0.000000000000000000e+00
0.000000000000000000e+00
0.000000000000000000e+00
0.000000000000000000e+00
0.000000000000000000e+00
0.000000000000000000e+00
0.000000000000000000e+00
0.000000000000000000e+00
0.000000000000000000e+00
0.000000000000000000e+00
0.000000000000000000e+00
0.000000000000000000e+00
0.000000000000000000e+00
0.000000000000000000e+00
0.000000000000000000e+00
0.000000000000000000e+00
0.000000000000000000e+00
0.000000000000000000e+00
0.000000000000000000e+00
0.000000000000000000e+00
0.000000000000000000e+00
0.000000000000000000e+00
0.000000000000000000e+00
0.000000000000000000e+00
0.000000000000000000e+00
0.000000000000000000e+00
0.000000000000000000e+00
0.000000000000000000e+00
0.000000000000000000e+00
0.000000000000000000e+00
0.000000000000000000e+00
0.000000000000000000e+00
0.000000000000000000e+00
0.000000000000000000e+00
0.000000000000000000e+00
0.000000000000000000e+00
0.000000000000000000e+00
0.000000000000000000e+00
0.000000000000000000e+00
0.000000000000000000e+00
0.000000000000000000e+00
0.000000000000000000e+00
0.000000000000000000e+00
0.000000000000000000e+00
0.000000000000000000e+00
0.000000000000000000e+00
0.000000000000000000e+00
0.000000000000000000e+00
0.000000000000000000e+00
0.000000000000000000e+00
0.000000000000000000e+00
0.000000000000000000e+00
0.000000000000000000e+00
0.000000000000000000e+00
0.000000000000000000e+00
0.000000000000000000e+00
0.000000000000000000e+00
0.000000000000000000e+00
0.000000000000000000e+00
0.000000000000000000e+00
0.000000000000000000e+00
0.000000000000000000e+00
0.000000000000000000e+00
0.000000000000000000e+00
0.000000000000000000e+00
0.000000000000000000e+00
0.000000000000000000e+00
0.000000000000000000e+00
0.000000000000000000e+00
0.000000000000000000e+00
0.000000000000000000e+00
0.000000000000000000e+00
0.000000000000000000e+00
0.000000000000000000e+00
0.000000000000000000e+00
0.000000000000000000e+00
0.000000000000000000e+00
0.000000000000000000e+00
0.000000000000000000e+00
0.000000000000000000e+00
0.000000000000000000e+00
0.000000000000000000e+00
0.000000000000000000e+00
0.000000000000000000e+00
0.000000000000000000e+00
0.000000000000000000e+00
0.000000000000000000e+00
0.000000000000000000e+00
0.000000000000000000e+00
0.000000000000000000e+00
0.000000000000000000e+00
0.000000000000000000e+00
0.000000000000000000e+00
0.000000000000000000e+00
0.000000000000000000e+00
0.000000000000000000e+00
6.856832314441811604e+01
6.924509747707384122e+01
6.986153333915054020e+01
7.087285248085746048e+01
7.193630944847016906e+01
7.351025130018831533e+01
7.405625338412528436e+01
7.402664962484490729e+01
7.540265931291595791e+01
7.606855505545708240e+01
7.633400510123178151e+01
7.744055443334396216e+01
7.817679878044863528e+01
7.823045181294205008e+01
7.946206881897917640e+01
7.996230098805662578e+01
8.055405166752440493e+01
8.067055590159321810e+01
8.114730446465884484e+01
8.131024911186918303e+01
8.201841198810929257e+01
8.242660538752670618e+01
8.265791248840413630e+01
8.296427279894572848e+01
8.300589242866175255e+01
8.302164966737315410e+01
8.249758304762150374e+01
8.260223924092201742e+01
8.219001506522013756e+01
8.221995597530083444e+01
8.200416275189806470e+01
8.165121072954697468e+01
8.136969496047312589e+01
8.084097440817819802e+01
7.975766573785922731e+01
7.921103303956691377e+01
7.864236222405915555e+01
7.799524393098161568e+01
7.740526706837216864e+01
7.636599431578638075e+01
7.518693931982780043e+01
7.397788627228038649e+01
7.250472356451851397e+01
7.158007511383506483e+01
7.039116160635757069e+01
6.904830856709472187e+01
6.768580812448986705e+01
6.621458097066330595e+01
6.469708782586518225e+01
6.314548725701017418e+01
6.141805241817958461e+01
5.989378313379704366e+01
5.839669087571587625e+01
5.625020293907977020e+01
5.450456526936980595e+01
5.299690822491718478e+01
5.096125016086226367e+01
4.913839418437872553e+01
4.765911282938371585e+01
4.619929866412840624e+01
4.437444550450189240e+01
4.288653335546968037e+01
4.111839736766679465e+01
3.929599065743705921e+01
3.731629997344358429e+01
3.545305931452759296e+01
3.361880384210930828e+01
3.198773339217494538e+01
3.020265229266714258e+01
2.810790978282442154e+01
2.619796878209545454e+01
2.433183854057912399e+01
2.239924702607016371e+01
2.074542248285558443e+01
1.900625108226012472e+01
1.739075166951711182e+01
1.575954881105385041e+01
1.392551422307518294e+01
1.238696607241791448e+01
1.077543287329460497e+01
9.412302486812205160e+00
8.490882944351303863e+00
7.562372279264549135e+00
6.720886606181649015e+00
5.737290992066182760e+00
4.823093477738357393e+00
4.036159942476357010e+00
3.247881589817290582e+00
2.790074478970271166e+00
1.689023350605353135e+00
3.158644314453459279e-01
0.000000000000000000e+00
0.000000000000000000e+00
0.000000000000000000e+00
0.000000000000000000e+00
0.000000000000000000e+00
0.000000000000000000e+00
0.000000000000000000e+00
0.000000000000000000e+00
0.000000000000000000e+00
0.000000000000000000e+00
