0.000000000000000000e+00
0.000000000000000000e+00
0.000000000000000000e+00
0.000000000000000000e+00
0.000000000000000000e+00
0.000000000000000000e+00
0.000000000000000000e+00
0.000000000000000000e+00
0.000000000000000000e+00
0.000000000000000000e+00
2.581675103680006883e-02
1.239987944918139046e-01
4.319610640585198613e-01
1.325727956208262004e+00
2.118247181138576796e+00
2.838240104669384589e+00
3.653405636967517633e+00
4.613580012715979173e+00
5.533004410530831585e+00
6.804999053991759972e+00
8.351719842691519347e+00
9.637379068468876042e+00
1.142847437511895237e+01
1.386713208107454243e+01
1.463468773538729728e+01
1.466926106670565311e+01
1.458886006885209952e+01
1.422945738746706823e+01
1.364645682514773917e+01
1.265125272161351688e+01
1.125469879380457350e+01
9.643477337945190797e+00
7.940844857237052246e+00
6.114783985729659754e+00
4.243064020336777098e+00
2.488200803052497800e+00
1.147731947685282972e+00
3.377254839119409047e-01
0.000000000000000000e+00
0.000000000000000000e+00
0.000000000000000000e+00
