0.000000000000000000e+00
0.000000000000000000e+00
0.000000000000000000e+00
0.000000000000000000e+00
0.000000000000000000e+00
0.000000000000000000e+00
0.000000000000000000e+00
0.000000000000000000e+00
0.000000000000000000e+00
0.000000000000000000e+00
0.000000000000000000e+00
0.000000000000000000e+00
0.000000000000000000e+00
0.000000000000000000e+00
0.000000000000000000e+00
0.000000000000000000e+00
0.000000000000000000e+00
0.000000000000000000e+00
0.000000000000000000e+00
0.000000000000000000e+00
0.000000000000000000e+00
0.000000000000000000e+00
0.000000000000000000e+00
0.000000000000000000e+00
0.000000000000000000e+00
0.000000000000000000e+00
0.000000000000000000e+00
0.000000000000000000e+00
0.000000000000000000e+00
0.000000000000000000e+00
0.000000000000000000e+00
0.000000000000000000e+00
0.000000000000000000e+00
0.000000000000000000e+00
0.000000000000000000e+00
0.000000000000000000e+00
0.000000000000000000e+00
0.000000000000000000e+00
0.000000000000000000e+00
0.000000000000000000e+00
0.000000000000000000e+00
0.000000000000000000e+00
0.000000000000000000e+00
0.000000000000000000e+00
0.000000000000000000e+00
0.000000000000000000e+00
0.000000000000000000e+00
0.000000000000000000e+00
0.000000000000000000e+00
0.000000000000000000e+00
0.000000000000000000e+00
0.000000000000000000e+00
5.283872825533024974e-03
6.757827779297745363e-03
1.189596525863991124e-02
1.280165016376174844e-02
1.411602930610270958e-02
2.233198956247395631e-02
1.660212668474726760e-02
2.360657793971445914e-02
3.150500047615316379e-02
2.683463384602911839e-02
2.822962861207056057e-02
3.641031868710616765e-02
4.179897711950251310e-02
4.350101416693350626e-02
5.780019706968177878e-02
6.632995640843197815e-02
7.029366442650304692e-02
9.404975565334201815e-02
1.076585408890042700e-01
1.264567086899622272e-01
1.459521945005632926e-01
1.621799540169277798e-01
1.837144037954758502e-01
1.957617343461294235e-01
2.235889588363527136e-01
2.457963429885464679e-01
2.623558201645410093e-01
2.943396222278836794e-01
3.080909568054729930e-01
3.312772285575218967e-01
3.568159676599861330e-01
3.735740461957108294e-01
3.990352053926463638e-01
4.141589782880357173e-01
4.290363787689464026e-01
4.498197211009037910e-01
4.749465256071036534e-01
4.845772757199902636e-01
5.084994270713956155e-01
5.250249269335761637e-01
5.416468230998806588e-01
5.599692123928182719e-01
5.685694783228345539e-01
5.953322274309716944e-01
6.136942388861773567e-01
6.350120155775915709e-01
6.526654537530801603e-01
6.878154941422699453e-01
7.044456967858151453e-01
7.319908929938663267e-01
7.599640378590136747e-01
7.896694252636594635e-01
8.153089280327578958e-01
8.363605136058590572e-01
8.655078587147504443e-01
8.884950993443320177e-01
9.240389903975119168e-01
9.495984459992286020e-01
9.768208016288678630e-01
9.926996689740691382e-01
1.034813844153054996e+00
1.134631579685464020e+00
1.218519788615398669e+00
1.255541347066556179e+00
1.289566489877870037e+00
1.299562330637905827e+00
1.303552146429877157e+00
1.303462077184266654e+00
1.299231397583154646e+00
1.282837484031036146e+00
1.298552424076292011e+00
1.291511735776176062e+00
1.301564522335118879e+00
1.334267694417163197e+00
1.370960509508944103e+00
1.389632877524565435e+00
1.398792193520803417e+00
1.420348066880834148e+00
1.433744580458840900e+00
1.441209806879875099e+00
1.442327765134464590e+00
1.441703753633145846e+00
1.453850251745329336e+00
1.449453205648418619e+00
1.450650148582016907e+00
1.449540597873785419e+00
1.451612913053859311e+00
1.449566784989483326e+00
1.445277056025448204e+00
1.440612725779376602e+00
1.434222306872563246e+00
1.438885027708633579e+00
1.427013124782040343e+00
1.405433621133538535e+00
1.387650367202092339e+00
1.370778684455628449e+00
1.348011493126157756e+00
1.330455049475941509e+00
1.319970086224073968e+00
1.299177255863640079e+00
1.280530798467435671e+00
1.258534081308239960e+00
1.235188521657583971e+00
1.214813492350580448e+00
1.205026313805941163e+00
1.174890356569990635e+00
1.141143782014895747e+00
1.099983756884850727e+00
1.068168221084706770e+00
1.038975139888198562e+00
1.008462741917007799e+00
9.725733236543678828e-01
9.410240074133342514e-01
8.984912086509696527e-01
8.645820551868527160e-01
8.157636118730651198e-01
7.712328428062301677e-01
7.270306222957065856e-01
6.875802450831056678e-01
6.425305749869204552e-01
5.991993295618676107e-01
5.605909101975459219e-01
5.153823904302596848e-01
4.761315821324596520e-01
4.365035807288084602e-01
3.925161550378704067e-01
3.490373078693445041e-01
3.118361339501515284e-01
2.787299407463416645e-01
2.501870641991083000e-01
2.253379468158590027e-01
1.979634022800295656e-01
1.703288169495356663e-01
1.481783944416885657e-01
1.251508514961071905e-01
1.046301921656885708e-01
8.474273905312269817e-02
5.642334700863182312e-02
4.862244781847119973e-03
0.000000000000000000e+00
0.000000000000000000e+00
0.000000000000000000e+00
0.000000000000000000e+00
0.000000000000000000e+00
0.000000000000000000e+00
0.000000000000000000e+00
0.000000000000000000e+00
0.000000000000000000e+00
0.000000000000000000e+00
