0.000000000000000000e+00
0.000000000000000000e+00
0.000000000000000000e+00
0.000000000000000000e+00
0.000000000000000000e+00
0.000000000000000000e+00
0.000000000000000000e+00
0.000000000000000000e+00
0.000000000000000000e+00
0.000000000000000000e+00
0.000000000000000000e+00
0.000000000000000000e+00
0.000000000000000000e+00
0.000000000000000000e+00
0.000000000000000000e+00
0.000000000000000000e+00
0.000000000000000000e+00
0.000000000000000000e+00
0.000000000000000000e+00
0.000000000000000000e+00
9.940643133720449498e+00
1.048437176466137188e+01
1.096859154635471079e+01
1.134934141380175632e+01
1.154475793274469808e+01
1.159692476133353090e+01
1.145133500419998462e+01
1.103039278713093019e+01
1.042964744453623815e+01
9.599406029586717182e+00
8.570957454346538995e+00
7.379031065710758952e+00
6.192915316473159848e+00
4.853656966895584013e+00
3.418226461711547426e+00
2.061918302879778508e+00
9.854574922906514933e-01
2.901540876003327329e-01
0.000000000000000000e+00
0.000000000000000000e+00
0.000000000000000000e+00
