8.703102618638000720e+00
2.836739727919793808e+01
4.199186281285192734e+01
5.004257278595039793e+01
5.495112765732785931e+01
5.746206113501532542e+01
5.882068965319351861e+01
5.940498354606094011e+01
5.911697269327301996e+01
5.848969384689416984e+01
5.735557291154292869e+01
5.617755982324306530e+01
5.498736628741434629e+01
5.328507705669895955e+01
5.142409305476805770e+01
5.018622644963554791e+01
4.870515666481408346e+01
4.708102400054723802e+01
4.510820233365063814e+01
4.365753201367385827e+01
4.230559926230831280e+01
4.082080580302264394e+01
3.922804184168601438e+01
3.790707084734317789e+01
3.655002337818382330e+01
3.506653143439640985e+01
3.383257537937590342e+01
3.253521185076422029e+01
3.131836702202159373e+01
3.027141660145982982e+01
2.902544751377828547e+01
2.791998706124874019e+01
2.674265443688226540e+01
2.611193025071192153e+01
2.490144341218509894e+01
2.421250836228783143e+01
2.303629320670951941e+01
2.215824661181622801e+01
2.140592137225564073e+01
2.027526289579073193e+01
1.975394309675402482e+01
1.876469669861971212e+01
1.834130578703509329e+01
1.746748035904174046e+01
1.661307266819759221e+01
1.612063332392154535e+01
1.497905021040326368e+01
1.467670661040007829e+01
1.413219462313051622e+01
1.363057773899390135e+01
1.315258550962798800e+01
1.234115033449386090e+01
1.185245817861281203e+01
1.126916926870188895e+01
1.066162472094309877e+01
1.040054077647033104e+01
9.883433537799277246e+00
9.186376335349185851e+00
9.059383900841012860e+00
8.719654660591180217e+00
8.066750535074223905e+00
7.485837208624783301e+00
7.487872916266228529e+00
7.040080376745657453e+00
6.717390052419137447e+00
6.370454158222383256e+00
6.325855029781401129e+00
5.618733687614708039e+00
5.584787158953396613e+00
5.396642041382819777e+00
5.173485002098025198e+00
4.596600162198961392e+00
4.513939932504539954e+00
4.182911610234701705e+00
3.748558163699350576e+00
3.718017868003769433e+00
3.636329061340246582e+00
3.570918352249345062e+00
3.083326055976825408e+00
2.786112153413253356e+00
2.850175857860056006e+00
2.644366875821561713e+00
2.493568456825240087e+00
2.482833643430766735e+00
2.231833336481913843e+00
2.053433482375324193e+00
1.880716596452382650e+00
1.645442719467514969e+00
1.510997730109705950e+00
1.599815753412031860e+00
1.403545092311584197e+00
1.512303804141397201e+00
1.372401450744468399e+00
1.221681277014419864e+00
1.183591079569117799e+00
1.160667723045760713e+00
7.420770459465173552e-01
8.003254337711601663e-01
9.652631881980916484e-01
7.375166364184515544e-01
