0.000000000000000000e+00
0.000000000000000000e+00
0.000000000000000000e+00
0.000000000000000000e+00
0.000000000000000000e+00
0.000000000000000000e+00
0.000000000000000000e+00
0.000000000000000000e+00
0.000000000000000000e+00
0.000000000000000000e+00
0.000000000000000000e+00
0.000000000000000000e+00
0.000000000000000000e+00
0.000000000000000000e+00
0.000000000000000000e+00
0.000000000000000000e+00
0.000000000000000000e+00
0.000000000000000000e+00
0.000000000000000000e+00
0.000000000000000000e+00
0.000000000000000000e+00
0.000000000000000000e+00
0.000000000000000000e+00
0.000000000000000000e+00
0.000000000000000000e+00
0.000000000000000000e+00
0.000000000000000000e+00
0.000000000000000000e+00
0.000000000000000000e+00
0.000000000000000000e+00
0.000000000000000000e+00
0.000000000000000000e+00
0.000000000000000000e+00
0.000000000000000000e+00
0.000000000000000000e+00
0.000000000000000000e+00
0.000000000000000000e+00
0.000000000000000000e+00
0.000000000000000000e+00
0.000000000000000000e+00
0.000000000000000000e+00
0.000000000000000000e+00
0.000000000000000000e+00
0.000000000000000000e+00
0.000000000000000000e+00
0.000000000000000000e+00
0.000000000000000000e+00
0.000000000000000000e+00
0.000000000000000000e+00
0.000000000000000000e+00
0.000000000000000000e+00
0.000000000000000000e+00
0.000000000000000000e+00
0.000000000000000000e+00
3.974762658810609972e-03
0.000000000000000000e+00
1.371116428030265920e-02
nan
1.662861875093999547e-02
1.179786106185819368e-02
2.036049123867313820e-02
3.203120437683661115e-02
4.830636483775276740e-02
7.158434990953743693e-02
9.755568704121921064e-02
1.305403301597651000e-01
1.588398271427647057e-01
1.782371937717169286e-01
1.942427717365610151e-01
2.307313264381501694e-01
2.500452881966327423e-01
2.708187562313797980e-01
2.903450522927709665e-01
3.126678501637397134e-01
3.614721735045326456e-01
3.764558184752399006e-01
3.889389607339318045e-01
4.086463670148673955e-01
4.281283016226041238e-01
4.364015022165939617e-01
4.645838572392533283e-01
4.960137770721899098e-01
5.230901465267501216e-01
5.550212164364038969e-01
6.010958626372577829e-01
6.273874596167851037e-01
6.571210297589827887e-01
6.711369678833396524e-01
7.005692198596410458e-01
7.326639573589207588e-01
7.525997313880588013e-01
7.925832005354408460e-01
8.258329882388811827e-01
8.553143160684353319e-01
8.986590246061189058e-01
9.350786463271569815e-01
9.826943598905016897e-01
1.027863417591308837e+00
1.075425225549381913e+00
1.133593508092078261e+00
1.193497235916130217e+00
1.229549474550072352e+00
1.274036715480649562e+00
1.333248317194542842e+00
1.376620514579638632e+00
1.410664349428368602e+00
1.469341142683895596e+00
1.510323578087524155e+00
1.562437075280745269e+00
1.635430307345514978e+00
1.683746729136436304e+00
1.738912764898268293e+00
1.812284012348069684e+00
1.976063985673672141e+00
2.079718377553777753e+00
2.188210660441331612e+00
2.271903081430544091e+00
2.354769995616714962e+00
2.415177113086391270e+00
2.454382880589202731e+00
2.502320108619399353e+00
2.551841581463473840e+00
2.599690765920452229e+00
2.600397588494336887e+00
2.601231921260231950e+00
2.645894665511338673e+00
2.674050114771628017e+00
2.706519945019143947e+00
2.728026177321413392e+00
2.751675035455380947e+00
2.780803733920026222e+00
2.815187887039313885e+00
2.862432154792835970e+00
2.895368528388643004e+00
2.919153909415126424e+00
2.928787091315179669e+00
2.964283850658282482e+00
2.987884081728767960e+00
3.026502881842669357e+00
3.040879494364187252e+00
3.061292842829454575e+00
3.079155595127351042e+00
3.122409720491263307e+00
3.151913815202115110e+00
3.175505595866480402e+00
3.186646888370463948e+00
3.203219104797513150e+00
3.198899111517373939e+00
3.203831282178395856e+00
3.184054136369121935e+00
3.189787227860441554e+00
3.211938076668070519e+00
3.201109559583288799e+00
3.211190480694249061e+00
3.188649192244994435e+00
3.163374991641008549e+00
3.148136039734273695e+00
3.109861431889847871e+00
3.057723991899845117e+00
3.018556706222954134e+00
2.975919042818442772e+00
2.919748604497790723e+00
2.841181394067650690e+00
2.765723108444617218e+00
2.703170952982380193e+00
2.628017829888781520e+00
2.539669756754662000e+00
2.432155632877417428e+00
2.343116867096679989e+00
2.242617716879989231e+00
2.132888186576388900e+00
2.013484075314542654e+00
1.924519838673169447e+00
1.802314324435266402e+00
1.675027121056335888e+00
1.555449888166341443e+00
1.426151154279091893e+00
1.293396649473974591e+00
1.172021793861422134e+00
1.054351532019965454e+00
9.383860085211649382e-01
8.469537127352152472e-01
7.482282820497112574e-01
6.525133015691401139e-01
5.619215082540328643e-01
4.785680145962059040e-01
3.972229601042187030e-01
3.288174790396432567e-01
2.773133631723826431e-01
1.899831416371625115e-01
nan
0.000000000000000000e+00
0.000000000000000000e+00
0.000000000000000000e+00
0.000000000000000000e+00
0.000000000000000000e+00
0.000000000000000000e+00
0.000000000000000000e+00
0.000000000000000000e+00
0.000000000000000000e+00
0.000000000000000000e+00
