0.000000000000000000e+00
0.000000000000000000e+00
0.000000000000000000e+00
0.000000000000000000e+00
0.000000000000000000e+00
0.000000000000000000e+00
0.000000000000000000e+00
0.000000000000000000e+00
0.000000000000000000e+00
0.000000000000000000e+00
0.000000000000000000e+00
0.000000000000000000e+00
0.000000000000000000e+00
0.000000000000000000e+00
0.000000000000000000e+00
0.000000000000000000e+00
0.000000000000000000e+00
0.000000000000000000e+00
0.000000000000000000e+00
0.000000000000000000e+00
0.000000000000000000e+00
0.000000000000000000e+00
0.000000000000000000e+00
0.000000000000000000e+00
0.000000000000000000e+00
0.000000000000000000e+00
0.000000000000000000e+00
0.000000000000000000e+00
0.000000000000000000e+00
0.000000000000000000e+00
0.000000000000000000e+00
0.000000000000000000e+00
0.000000000000000000e+00
0.000000000000000000e+00
0.000000000000000000e+00
0.000000000000000000e+00
0.000000000000000000e+00
0.000000000000000000e+00
0.000000000000000000e+00
0.000000000000000000e+00
0.000000000000000000e+00
0.000000000000000000e+00
0.000000000000000000e+00
0.000000000000000000e+00
0.000000000000000000e+00
0.000000000000000000e+00
0.000000000000000000e+00
0.000000000000000000e+00
0.000000000000000000e+00
0.000000000000000000e+00
0.000000000000000000e+00
0.000000000000000000e+00
0.000000000000000000e+00
0.000000000000000000e+00
0.000000000000000000e+00
0.000000000000000000e+00
0.000000000000000000e+00
0.000000000000000000e+00
0.000000000000000000e+00
0.000000000000000000e+00
0.000000000000000000e+00
0.000000000000000000e+00
0.000000000000000000e+00
0.000000000000000000e+00
0.000000000000000000e+00
0.000000000000000000e+00
0.000000000000000000e+00
0.000000000000000000e+00
0.000000000000000000e+00
0.000000000000000000e+00
0.000000000000000000e+00
0.000000000000000000e+00
0.000000000000000000e+00
0.000000000000000000e+00
0.000000000000000000e+00
0.000000000000000000e+00
0.000000000000000000e+00
0.000000000000000000e+00
0.000000000000000000e+00
0.000000000000000000e+00
0.000000000000000000e+00
0.000000000000000000e+00
0.000000000000000000e+00
0.000000000000000000e+00
0.000000000000000000e+00
0.000000000000000000e+00
0.000000000000000000e+00
0.000000000000000000e+00
0.000000000000000000e+00
0.000000000000000000e+00
0.000000000000000000e+00
0.000000000000000000e+00
0.000000000000000000e+00
0.000000000000000000e+00
0.000000000000000000e+00
0.000000000000000000e+00
0.000000000000000000e+00
0.000000000000000000e+00
0.000000000000000000e+00
0.000000000000000000e+00
6.809545525900128382e+01
6.892233677685383952e+01
6.981438227585340428e+01
7.087533077642723356e+01
7.219327199234270154e+01
7.382228445288387775e+01
7.469787218501903681e+01
7.495499913661760161e+01
7.662607191089672654e+01
7.748161926153453294e+01
7.812275827329636968e+01
7.949102868793853816e+01
8.054867441554776519e+01
8.099330804314405441e+01
8.268871315933601807e+01
8.340433714392389675e+01
8.467769319711375431e+01
8.500146090421301892e+01
8.620613238971353098e+01
8.694785520164836612e+01
8.821253927714606391e+01
8.914634402609246422e+01
8.998182288530125561e+01
9.089573929970107713e+01
9.169067651422106735e+01
9.243602387488675731e+01
9.247784731838294192e+01
9.341321064113449779e+01
9.389793636424784040e+01
9.468967668810221028e+01
9.533559584095095829e+01
9.585588559711652579e+01
9.645299823486857349e+01
9.684126822525563227e+01
9.664085474205056414e+01
9.712259940286200788e+01
9.752032974658311559e+01
9.774241917824744519e+01
9.824379388757373022e+01
9.830039014936222941e+01
9.812873310532982885e+01
9.777566258240884167e+01
9.733113983127341839e+01
9.728282396630534379e+01
9.721600228972164359e+01
9.673514317722781186e+01
9.632972666973429909e+01
9.585266039395165194e+01
9.517442551872180445e+01
9.460321295528873975e+01
9.362845658560709694e+01
9.280781465815297793e+01
9.220022453400036966e+01
9.049835727295750587e+01
8.933287729980482084e+01
8.848502359782153803e+01
8.663965743438167522e+01
8.502785889295725497e+01
8.372320804624804680e+01
8.226217157739125696e+01
8.005237831845761320e+01
7.839674515665838328e+01
7.628816663391894792e+01
7.412157855663281225e+01
7.144717015553099770e+01
6.896322186884535199e+01
6.635309182982233267e+01
6.402132210845657312e+01
6.135920513023465617e+01
5.818660367653276211e+01
5.523801715350072783e+01
5.225927006511308548e+01
4.902752687883314309e+01
4.606268275986118255e+01
4.270799427367960277e+01
3.952471126716839223e+01
3.634919354795238178e+01
3.273264236791478510e+01
2.973542730331048745e+01
2.646873392427074378e+01
2.363377070265897117e+01
2.149714535868296394e+01
1.919380083353864563e+01
1.713306596172649066e+01
1.476991306857413377e+01
1.254750610014682799e+01
1.059860074064574320e+01
8.603332854305154598e+00
7.317861894995838945e+00
4.410567042331257070e+00
8.248178924361798670e-01
0.000000000000000000e+00
0.000000000000000000e+00
0.000000000000000000e+00
0.000000000000000000e+00
0.000000000000000000e+00
0.000000000000000000e+00
0.000000000000000000e+00
0.000000000000000000e+00
0.000000000000000000e+00
0.000000000000000000e+00
