0.000000000000000000e+00
0.000000000000000000e+00
0.000000000000000000e+00
0.000000000000000000e+00
0.000000000000000000e+00
0.000000000000000000e+00
0.000000000000000000e+00
0.000000000000000000e+00
0.000000000000000000e+00
0.000000000000000000e+00
0.000000000000000000e+00
0.000000000000000000e+00
0.000000000000000000e+00
0.000000000000000000e+00
0.000000000000000000e+00
0.000000000000000000e+00
0.000000000000000000e+00
0.000000000000000000e+00
0.000000000000000000e+00
0.000000000000000000e+00
0.000000000000000000e+00
0.000000000000000000e+00
0.000000000000000000e+00
0.000000000000000000e+00
0.000000000000000000e+00
0.000000000000000000e+00
0.000000000000000000e+00
0.000000000000000000e+00
0.000000000000000000e+00
0.000000000000000000e+00
0.000000000000000000e+00
0.000000000000000000e+00
0.000000000000000000e+00
0.000000000000000000e+00
0.000000000000000000e+00
0.000000000000000000e+00
0.000000000000000000e+00
0.000000000000000000e+00
0.000000000000000000e+00
0.000000000000000000e+00
0.000000000000000000e+00
0.000000000000000000e+00
0.000000000000000000e+00
0.000000000000000000e+00
0.000000000000000000e+00
0.000000000000000000e+00
0.000000000000000000e+00
0.000000000000000000e+00
0.000000000000000000e+00
0.000000000000000000e+00
0.000000000000000000e+00
0.000000000000000000e+00
0.000000000000000000e+00
0.000000000000000000e+00
0.000000000000000000e+00
0.000000000000000000e+00
0.000000000000000000e+00
0.000000000000000000e+00
0.000000000000000000e+00
0.000000000000000000e+00
0.000000000000000000e+00
0.000000000000000000e+00
0.000000000000000000e+00
0.000000000000000000e+00
0.000000000000000000e+00
0.000000000000000000e+00
0.000000000000000000e+00
0.000000000000000000e+00
0.000000000000000000e+00
0.000000000000000000e+00
0.000000000000000000e+00
0.000000000000000000e+00
0.000000000000000000e+00
0.000000000000000000e+00
0.000000000000000000e+00
0.000000000000000000e+00
0.000000000000000000e+00
0.000000000000000000e+00
0.000000000000000000e+00
0.000000000000000000e+00
0.000000000000000000e+00
0.000000000000000000e+00
0.000000000000000000e+00
0.000000000000000000e+00
0.000000000000000000e+00
0.000000000000000000e+00
0.000000000000000000e+00
0.000000000000000000e+00
0.000000000000000000e+00
0.000000000000000000e+00
0.000000000000000000e+00
0.000000000000000000e+00
0.000000000000000000e+00
0.000000000000000000e+00
0.000000000000000000e+00
0.000000000000000000e+00
0.000000000000000000e+00
0.000000000000000000e+00
0.000000000000000000e+00
0.000000000000000000e+00
1.840014878636125450e+00
1.888843363430279920e+00
1.931343531808282110e+00
1.968426939075798465e+00
1.993794988355161779e+00
2.033644926594363245e+00
2.081409705302902147e+00
2.133187226703476380e+00
2.162744069566552518e+00
2.188247982067201391e+00
2.233874017383508992e+00
2.262497716876982423e+00
2.327055266164137937e+00
2.330494761065131204e+00
2.397583536399404469e+00
2.426466094553852759e+00
2.446455827272626671e+00
2.484132732343848016e+00
2.534600479669436357e+00
2.553255543668246474e+00
2.585954739993446605e+00
2.624330212055754341e+00
2.650566796168583039e+00
2.691486438204823362e+00
2.704028469174767135e+00
2.706345845546871409e+00
2.744560683219515074e+00
2.761045304968487546e+00
2.776197481457815197e+00
2.799350287818678229e+00
2.811300593601930853e+00
2.818921441416599727e+00
2.836514437368719221e+00
2.835718477453747166e+00
2.841812846898963851e+00
2.828292116541993195e+00
2.825785601505069522e+00
2.817274316446374272e+00
2.794983588546223530e+00
2.799563645417597169e+00
2.782284614380108323e+00
2.759061982615681252e+00
2.725416590701760899e+00
2.697612351848003964e+00
2.677657788277320261e+00
2.627482279714931312e+00
2.602150985671529249e+00
2.559351715659087922e+00
2.518307563189641218e+00
2.465235505644909786e+00
2.410245503203757522e+00
2.348496609337687335e+00
2.294620178131665078e+00
2.225292385396532513e+00
2.164002480212926738e+00
2.084482591712328414e+00
2.011948003771897309e+00
1.944817201934378348e+00
1.863069320656331129e+00
1.786878308309248542e+00
1.710107081642945115e+00
1.620185381487407872e+00
1.544078470586656815e+00
1.453576649106902208e+00
1.368538176343582879e+00
1.280903368894675598e+00
1.202588016982782282e+00
1.124143303407306282e+00
1.043374971426181075e+00
9.550970933440424693e-01
8.731493815438656769e-01
7.854870292472102555e-01
7.067321060868371196e-01
6.331265166499074892e-01
5.793122602774296581e-01
5.224891004263474414e-01
4.576852000531017595e-01
3.949435013153303475e-01
3.308233235387639803e-01
2.698474982502170882e-01
2.235310980849325446e-01
1.939987819276461078e-01
1.762917232453504734e-01
1.572870505773457384e-01
1.340851487044052992e-01
1.126786474061031301e-01
9.369998044468283438e-02
7.861056658646067841e-02
6.718100603578508467e-02
4.216273984346530918e-02
5.695498730220401734e-03
0.000000000000000000e+00
0.000000000000000000e+00
0.000000000000000000e+00
0.000000000000000000e+00
0.000000000000000000e+00
0.000000000000000000e+00
0.000000000000000000e+00
0.000000000000000000e+00
0.000000000000000000e+00
0.000000000000000000e+00
