0.000000000000000000e+00
0.000000000000000000e+00
0.000000000000000000e+00
0.000000000000000000e+00
0.000000000000000000e+00
0.000000000000000000e+00
0.000000000000000000e+00
0.000000000000000000e+00
0.000000000000000000e+00
0.000000000000000000e+00
0.000000000000000000e+00
0.000000000000000000e+00
0.000000000000000000e+00
0.000000000000000000e+00
0.000000000000000000e+00
0.000000000000000000e+00
0.000000000000000000e+00
0.000000000000000000e+00
0.000000000000000000e+00
0.000000000000000000e+00
0.000000000000000000e+00
0.000000000000000000e+00
0.000000000000000000e+00
0.000000000000000000e+00
0.000000000000000000e+00
0.000000000000000000e+00
0.000000000000000000e+00
0.000000000000000000e+00
0.000000000000000000e+00
0.000000000000000000e+00
0.000000000000000000e+00
0.000000000000000000e+00
0.000000000000000000e+00
0.000000000000000000e+00
0.000000000000000000e+00
0.000000000000000000e+00
0.000000000000000000e+00
0.000000000000000000e+00
0.000000000000000000e+00
0.000000000000000000e+00
0.000000000000000000e+00
0.000000000000000000e+00
0.000000000000000000e+00
0.000000000000000000e+00
0.000000000000000000e+00
0.000000000000000000e+00
0.000000000000000000e+00
0.000000000000000000e+00
0.000000000000000000e+00
0.000000000000000000e+00
0.000000000000000000e+00
0.000000000000000000e+00
0.000000000000000000e+00
0.000000000000000000e+00
0.000000000000000000e+00
0.000000000000000000e+00
0.000000000000000000e+00
0.000000000000000000e+00
0.000000000000000000e+00
0.000000000000000000e+00
0.000000000000000000e+00
0.000000000000000000e+00
0.000000000000000000e+00
0.000000000000000000e+00
0.000000000000000000e+00
0.000000000000000000e+00
0.000000000000000000e+00
0.000000000000000000e+00
0.000000000000000000e+00
0.000000000000000000e+00
0.000000000000000000e+00
0.000000000000000000e+00
0.000000000000000000e+00
0.000000000000000000e+00
0.000000000000000000e+00
0.000000000000000000e+00
0.000000000000000000e+00
0.000000000000000000e+00
0.000000000000000000e+00
0.000000000000000000e+00
0.000000000000000000e+00
0.000000000000000000e+00
0.000000000000000000e+00
0.000000000000000000e+00
0.000000000000000000e+00
0.000000000000000000e+00
0.000000000000000000e+00
0.000000000000000000e+00
0.000000000000000000e+00
0.000000000000000000e+00
0.000000000000000000e+00
0.000000000000000000e+00
0.000000000000000000e+00
0.000000000000000000e+00
0.000000000000000000e+00
0.000000000000000000e+00
0.000000000000000000e+00
0.000000000000000000e+00
0.000000000000000000e+00
0.000000000000000000e+00
0.000000000000000000e+00
0.000000000000000000e+00
1.892880270928143718e-02
5.430438153840101700e-02
8.542398553402996697e-02
1.779935871218594201e-01
2.886517810076411061e-01
4.367853664850054884e-01
5.607850030865076940e-01
6.865809017354033150e-01
8.203752931189421949e-01
9.358474132622442987e-01
1.045577330392590154e+00
1.127958237732662461e+00
1.251749274927272726e+00
1.350353255654063611e+00
1.444454418692350472e+00
1.551601265119229689e+00
1.653421647120308258e+00
1.756105124487444158e+00
1.848598175560173029e+00
1.963528807107766783e+00
2.070835787126096061e+00
2.198114884659912782e+00
2.325213523217612099e+00
2.429412915423495356e+00
2.563867372166217962e+00
2.666379068344812087e+00
2.736174831684297537e+00
2.832154452924429577e+00
2.892764122142480243e+00
2.983565327859437399e+00
3.035970261141301307e+00
3.083033034071219536e+00
3.162272882756088865e+00
3.193542411163811323e+00
3.255362138744010814e+00
3.327171717491704150e+00
3.327794384642683845e+00
3.384081174230761491e+00
3.423110095902190064e+00
3.431191498033468346e+00
3.462923929991578831e+00
3.450067184459404857e+00
3.450281260627959146e+00
3.412663446322605765e+00
3.404939146572009800e+00
3.419721738700272518e+00
3.387583003720106678e+00
3.368449783682181398e+00
3.320696962325419221e+00
3.283328886382749001e+00
3.205697825642293441e+00
3.154088817526279342e+00
3.089641852209885187e+00
3.058900239087358752e+00
3.018605315889521634e+00
2.944244457852912777e+00
2.856005847072463411e+00
2.745693205504022405e+00
2.640259778323719608e+00
2.551114649013572322e+00
2.489843694333090607e+00
2.437709354544754348e+00
2.340749458187972198e+00
2.224893855480500893e+00
2.090463549805440469e+00
1.941248628594151260e+00
1.812868450664598674e+00
1.765647960984083387e+00
1.709696826118548119e+00
1.603181597578135831e+00
1.484804524792770808e+00
1.337110163433286703e+00
1.154772513709955151e+00
1.029617229536866851e+00
9.977960105142711367e-01
9.641407943093948107e-01
8.680648179575068957e-01
7.678708615521617764e-01
6.352649337655573714e-01
4.445589729232910514e-01
3.018568325278336295e-01
3.163827781053556443e-01
3.295713538426569000e-01
2.782292022910373697e-01
2.432834819073302068e-01
2.101287243643091829e-01
1.558314526040162351e-01
2.150612556344265736e-01
1.490703141456483638e-01
0.000000000000000000e+00
0.000000000000000000e+00
0.000000000000000000e+00
0.000000000000000000e+00
0.000000000000000000e+00
0.000000000000000000e+00
0.000000000000000000e+00
0.000000000000000000e+00
0.000000000000000000e+00
0.000000000000000000e+00
