0.000000000000000000e+00
0.000000000000000000e+00
0.000000000000000000e+00
0.000000000000000000e+00
0.000000000000000000e+00
0.000000000000000000e+00
0.000000000000000000e+00
0.000000000000000000e+00
0.000000000000000000e+00
0.000000000000000000e+00
0.000000000000000000e+00
0.000000000000000000e+00
0.000000000000000000e+00
0.000000000000000000e+00
0.000000000000000000e+00
0.000000000000000000e+00
0.000000000000000000e+00
0.000000000000000000e+00
0.000000000000000000e+00
0.000000000000000000e+00
0.000000000000000000e+00
0.000000000000000000e+00
0.000000000000000000e+00
0.000000000000000000e+00
0.000000000000000000e+00
0.000000000000000000e+00
0.000000000000000000e+00
0.000000000000000000e+00
0.000000000000000000e+00
0.000000000000000000e+00
0.000000000000000000e+00
0.000000000000000000e+00
0.000000000000000000e+00
0.000000000000000000e+00
0.000000000000000000e+00
0.000000000000000000e+00
0.000000000000000000e+00
0.000000000000000000e+00
0.000000000000000000e+00
0.000000000000000000e+00
0.000000000000000000e+00
0.000000000000000000e+00
0.000000000000000000e+00
0.000000000000000000e+00
0.000000000000000000e+00
0.000000000000000000e+00
0.000000000000000000e+00
0.000000000000000000e+00
0.000000000000000000e+00
0.000000000000000000e+00
0.000000000000000000e+00
0.000000000000000000e+00
0.000000000000000000e+00
0.000000000000000000e+00
0.000000000000000000e+00
0.000000000000000000e+00
0.000000000000000000e+00
0.000000000000000000e+00
0.000000000000000000e+00
0.000000000000000000e+00
0.000000000000000000e+00
0.000000000000000000e+00
0.000000000000000000e+00
0.000000000000000000e+00
0.000000000000000000e+00
0.000000000000000000e+00
0.000000000000000000e+00
0.000000000000000000e+00
0.000000000000000000e+00
0.000000000000000000e+00
0.000000000000000000e+00
0.000000000000000000e+00
0.000000000000000000e+00
0.000000000000000000e+00
0.000000000000000000e+00
0.000000000000000000e+00
0.000000000000000000e+00
0.000000000000000000e+00
0.000000000000000000e+00
0.000000000000000000e+00
0.000000000000000000e+00
0.000000000000000000e+00
0.000000000000000000e+00
0.000000000000000000e+00
0.000000000000000000e+00
0.000000000000000000e+00
0.000000000000000000e+00
0.000000000000000000e+00
0.000000000000000000e+00
0.000000000000000000e+00
0.000000000000000000e+00
0.000000000000000000e+00
0.000000000000000000e+00
0.000000000000000000e+00
0.000000000000000000e+00
0.000000000000000000e+00
0.000000000000000000e+00
0.000000000000000000e+00
0.000000000000000000e+00
0.000000000000000000e+00
6.323902180611615620e+01
6.398041254637534081e+01
6.472256002424455801e+01
6.570855892866933345e+01
6.684745059696383862e+01
6.835309072177093981e+01
6.906809651354994628e+01
6.920917479258018545e+01
7.065757236750623349e+01
7.140665034754975693e+01
7.185105281290618962e+01
7.304942011839472116e+01
7.395278836068868600e+01
7.422437080123054898e+01
7.562044061878002310e+01
7.624813925174093754e+01
7.716861745834816588e+01
7.744974858734045142e+01
7.826369089758317443e+01
7.874877491356073733e+01
7.975149160597652553e+01
8.041273701714911226e+01
8.098063089069285070e+01
8.158664998085706088e+01
8.203822537052471375e+01
8.243779733980544222e+01
8.228460147324672391e+01
8.280263420045696421e+01
8.287048291160245128e+01
8.326841423556470545e+01
8.351041932930485245e+01
8.361235374616423144e+01
8.379706064556599188e+01
8.375623612884217550e+01
8.314735443954120342e+01
8.310345535849501175e+01
8.299016858952971631e+01
8.277818647779702133e+01
8.268058940118409339e+01
8.215552738975571856e+01
8.143277345078634255e+01
8.060414382804631828e+01
7.956535753150883750e+01
7.901577341734011384e+01
7.826152637761396136e+01
7.725266964690726468e+01
7.624234508878146244e+01
7.513324585015648438e+01
7.392193833853012563e+01
7.270286871038666732e+01
7.121179531410902541e+01
6.990436470789541090e+01
6.865931654154317698e+01
6.660304824462589579e+01
6.498271186088170737e+01
6.359318774396574980e+01
6.152781772491216827e+01
5.964115437936135322e+01
5.807553230071378891e+01
5.644229092920720348e+01
5.434139077430527465e+01
5.264696461276608375e+01
5.063245237126810849e+01
4.858768074341040943e+01
4.634252696089336609e+01
4.426873374863616561e+01
4.223806698036982255e+01
4.046204266422640217e+01
3.849840778692303900e+01
3.617495841770646336e+01
3.404141401364269370e+01
3.193330008130309849e+01
2.970812583564806175e+01
2.774402910219228957e+01
2.560428388660006149e+01
2.359715287890935542e+01
2.158214342237727834e+01
1.929799674405937893e+01
1.739695612218068632e+01
1.535667265448288354e+01
1.359850289178945992e+01
1.231862228284052918e+01
1.096995495720565295e+01
9.756755643325647043e+00
8.360114919458036198e+00
7.051798190095524888e+00
5.917630709210857987e+00
4.774258109307417897e+00
4.089311105497750454e+00
2.472354966396262732e+00
4.623549150895776561e-01
0.000000000000000000e+00
0.000000000000000000e+00
0.000000000000000000e+00
0.000000000000000000e+00
0.000000000000000000e+00
0.000000000000000000e+00
0.000000000000000000e+00
0.000000000000000000e+00
0.000000000000000000e+00
0.000000000000000000e+00
