0.000000000000000000e+00
0.000000000000000000e+00
0.000000000000000000e+00
0.000000000000000000e+00
0.000000000000000000e+00
0.000000000000000000e+00
0.000000000000000000e+00
0.000000000000000000e+00
0.000000000000000000e+00
0.000000000000000000e+00
0.000000000000000000e+00
0.000000000000000000e+00
0.000000000000000000e+00
0.000000000000000000e+00
0.000000000000000000e+00
0.000000000000000000e+00
0.000000000000000000e+00
0.000000000000000000e+00
0.000000000000000000e+00
0.000000000000000000e+00
0.000000000000000000e+00
0.000000000000000000e+00
0.000000000000000000e+00
0.000000000000000000e+00
0.000000000000000000e+00
0.000000000000000000e+00
0.000000000000000000e+00
0.000000000000000000e+00
0.000000000000000000e+00
0.000000000000000000e+00
0.000000000000000000e+00
0.000000000000000000e+00
0.000000000000000000e+00
0.000000000000000000e+00
0.000000000000000000e+00
0.000000000000000000e+00
0.000000000000000000e+00
0.000000000000000000e+00
0.000000000000000000e+00
0.000000000000000000e+00
0.000000000000000000e+00
0.000000000000000000e+00
0.000000000000000000e+00
0.000000000000000000e+00
0.000000000000000000e+00
0.000000000000000000e+00
0.000000000000000000e+00
0.000000000000000000e+00
0.000000000000000000e+00
0.000000000000000000e+00
0.000000000000000000e+00
0.000000000000000000e+00
0.000000000000000000e+00
0.000000000000000000e+00
0.000000000000000000e+00
0.000000000000000000e+00
0.000000000000000000e+00
0.000000000000000000e+00
0.000000000000000000e+00
0.000000000000000000e+00
0.000000000000000000e+00
0.000000000000000000e+00
0.000000000000000000e+00
0.000000000000000000e+00
0.000000000000000000e+00
0.000000000000000000e+00
0.000000000000000000e+00
0.000000000000000000e+00
0.000000000000000000e+00
0.000000000000000000e+00
0.000000000000000000e+00
0.000000000000000000e+00
0.000000000000000000e+00
0.000000000000000000e+00
0.000000000000000000e+00
0.000000000000000000e+00
0.000000000000000000e+00
0.000000000000000000e+00
0.000000000000000000e+00
0.000000000000000000e+00
0.000000000000000000e+00
0.000000000000000000e+00
0.000000000000000000e+00
0.000000000000000000e+00
0.000000000000000000e+00
0.000000000000000000e+00
0.000000000000000000e+00
0.000000000000000000e+00
0.000000000000000000e+00
0.000000000000000000e+00
0.000000000000000000e+00
0.000000000000000000e+00
0.000000000000000000e+00
0.000000000000000000e+00
0.000000000000000000e+00
0.000000000000000000e+00
0.000000000000000000e+00
0.000000000000000000e+00
0.000000000000000000e+00
0.000000000000000000e+00
0.000000000000000000e+00
0.000000000000000000e+00
5.091394258234275931e-03
1.461654600134617600e-02
2.306485970797967147e-02
4.838506195356166717e-02
7.941794581651762108e-02
1.214606404288912922e-01
1.574621404051456952e-01
1.943878370261845068e-01
2.338388048600097135e-01
2.680217879841599871e-01
3.006418051883792963e-01
3.251953414103795348e-01
3.617618969686842711e-01
3.912037733297878406e-01
4.195536074546040717e-01
4.524648794973338273e-01
4.855454072148122080e-01
5.208225505345811523e-01
5.547740057264251012e-01
5.960091890744829701e-01
6.358160549423219621e-01
6.827094733683890526e-01
7.305536527463537544e-01
7.710112862522445765e-01
8.185637230116198371e-01
8.554995656939016202e-01
8.817544712031546439e-01
9.181105862902473325e-01
9.447501586039430688e-01
9.803306192789611462e-01
1.003092152655532310e+00
1.023674256085461254e+00
1.053571758046867979e+00
1.067876284905480366e+00
1.092370300352868195e+00
1.121272077594108074e+00
1.128082930978045795e+00
1.153762577937784473e+00
1.175471020982833403e+00
1.187625026214273571e+00
1.208978098922216748e+00
1.217319578772556810e+00
1.231261906855009025e+00
1.234389407113980708e+00
1.250897692603319733e+00
1.275729052768070693e+00
1.286142575448824266e+00
1.303968934544448510e+00
1.315442419514110783e+00
1.335609196465234128e+00
1.341827871819748719e+00
1.350792166318103504e+00
1.335203394369619545e+00
1.310685438384986412e+00
1.277217453502011546e+00
1.234520734416563181e+00
1.181498092115102150e+00
1.115665152790130676e+00
1.056114630151479217e+00
1.023287003814146390e+00
1.028525547347282521e+00
1.044125583169412286e+00
1.040138481243658042e+00
1.035746033302290980e+00
1.034556539568070255e+00
1.027038907528526890e+00
9.988975165771090126e-01
9.613710297414166384e-01
9.143230048019226341e-01
8.577920285144615686e-01
7.877699110660116855e-01
6.965759869505738777e-01
5.830762876893936797e-01
5.109883434678157421e-01
5.107484687086449870e-01
5.120910179357677228e-01
4.784602946734090589e-01
4.499769540869476558e-01
4.182491581140294623e-01
3.773225911218150430e-01
3.473699493019263285e-01
3.310318792567046864e-01
3.122892329796601030e-01
2.791073371767325839e-01
2.425929745218208811e-01
2.046997408038114807e-01
1.389077743194406800e-01
2.037863393287790703e-01
1.433251242815205828e-01
0.000000000000000000e+00
0.000000000000000000e+00
0.000000000000000000e+00
0.000000000000000000e+00
0.000000000000000000e+00
0.000000000000000000e+00
0.000000000000000000e+00
0.000000000000000000e+00
0.000000000000000000e+00
0.000000000000000000e+00
