0.000000000000000000e+00
0.000000000000000000e+00
0.000000000000000000e+00
0.000000000000000000e+00
0.000000000000000000e+00
0.000000000000000000e+00
0.000000000000000000e+00
0.000000000000000000e+00
0.000000000000000000e+00
0.000000000000000000e+00
0.000000000000000000e+00
0.000000000000000000e+00
0.000000000000000000e+00
0.000000000000000000e+00
0.000000000000000000e+00
0.000000000000000000e+00
0.000000000000000000e+00
0.000000000000000000e+00
0.000000000000000000e+00
0.000000000000000000e+00
0.000000000000000000e+00
0.000000000000000000e+00
0.000000000000000000e+00
0.000000000000000000e+00
0.000000000000000000e+00
0.000000000000000000e+00
0.000000000000000000e+00
0.000000000000000000e+00
0.000000000000000000e+00
0.000000000000000000e+00
0.000000000000000000e+00
0.000000000000000000e+00
0.000000000000000000e+00
0.000000000000000000e+00
0.000000000000000000e+00
0.000000000000000000e+00
0.000000000000000000e+00
0.000000000000000000e+00
0.000000000000000000e+00
0.000000000000000000e+00
0.000000000000000000e+00
0.000000000000000000e+00
0.000000000000000000e+00
0.000000000000000000e+00
0.000000000000000000e+00
0.000000000000000000e+00
0.000000000000000000e+00
0.000000000000000000e+00
0.000000000000000000e+00
0.000000000000000000e+00
0.000000000000000000e+00
0.000000000000000000e+00
0.000000000000000000e+00
0.000000000000000000e+00
0.000000000000000000e+00
0.000000000000000000e+00
0.000000000000000000e+00
0.000000000000000000e+00
0.000000000000000000e+00
0.000000000000000000e+00
0.000000000000000000e+00
0.000000000000000000e+00
0.000000000000000000e+00
0.000000000000000000e+00
0.000000000000000000e+00
0.000000000000000000e+00
0.000000000000000000e+00
0.000000000000000000e+00
0.000000000000000000e+00
0.000000000000000000e+00
0.000000000000000000e+00
0.000000000000000000e+00
0.000000000000000000e+00
0.000000000000000000e+00
0.000000000000000000e+00
0.000000000000000000e+00
0.000000000000000000e+00
0.000000000000000000e+00
0.000000000000000000e+00
0.000000000000000000e+00
0.000000000000000000e+00
0.000000000000000000e+00
0.000000000000000000e+00
0.000000000000000000e+00
0.000000000000000000e+00
0.000000000000000000e+00
0.000000000000000000e+00
0.000000000000000000e+00
0.000000000000000000e+00
0.000000000000000000e+00
0.000000000000000000e+00
0.000000000000000000e+00
0.000000000000000000e+00
0.000000000000000000e+00
0.000000000000000000e+00
0.000000000000000000e+00
0.000000000000000000e+00
0.000000000000000000e+00
0.000000000000000000e+00
0.000000000000000000e+00
1.852046670289825503e+00
1.873805165919588012e+00
1.894186707601503983e+00
1.923247669315013342e+00
1.955439705819705720e+00
1.999932916959634932e+00
2.019294253402978523e+00
2.021739121775169234e+00
2.062774197092088979e+00
2.084109911050099129e+00
2.094884815347939799e+00
2.128600547667753862e+00
2.152698051252185607e+00
2.158001308485697489e+00
2.195998862218796255e+00
2.212660379193077009e+00
2.234433676279986347e+00
2.241085207288423309e+00
2.259180741102062129e+00
2.268668195018663791e+00
2.292971033937650116e+00
2.308201542748231194e+00
2.319370051761576956e+00
2.332077985868855841e+00
2.338635265291456822e+00
2.344267524790127233e+00
2.334386098775869112e+00
2.342690356628235548e+00
2.337114413812710012e+00
2.342858547318212636e+00
2.342636372479244500e+00
2.338459681557212733e+00
2.336691348967145920e+00
2.328042426115688457e+00
2.303645816020472026e+00
2.294529968894350791e+00
2.284597764124006058e+00
2.272007789403419853e+00
2.261803049855554359e+00
2.239080963678020897e+00
2.211790664665256756e+00
2.182365988492430464e+00
2.145974884470603250e+00
2.124887612098277145e+00
2.096517454550858695e+00
2.062474951714968974e+00
2.027775091638827298e+00
1.990110753868615356e+00
1.950304394625690163e+00
1.909437686478894669e+00
1.861893075225871774e+00
1.820002100777700305e+00
1.778518528747603966e+00
1.715928428222301294e+00
1.664924101240174092e+00
1.619322573922458375e+00
1.556733557039788662e+00
1.498418128643487002e+00
1.449318126652045402e+00
1.398907843621077784e+00
1.336845229116325751e+00
1.284925028840958383e+00
1.224598578387353198e+00
1.162852270130936949e+00
1.097958422474341056e+00
1.037333468899639177e+00
9.794237009661592719e-01
9.285979047505715789e-01
8.731144911455306357e-01
8.080076183355718866e-01
7.484772979480187605e-01
6.901524433015837623e-01
6.298753675356978388e-01
5.783383803162167602e-01
5.244375659360717146e-01
4.741401230809000333e-01
4.233079575646562787e-01
3.667793521977922300e-01
3.185339583298517629e-01
2.695029471511516395e-01
2.293276560318801560e-01
2.059857354731831347e-01
1.847655495430558792e-01
1.652688750162328857e-01
1.414547541449820423e-01
1.197301878190255714e-01
1.009652720271614901e-01
8.184883008687317274e-02
6.971906159774321488e-02
4.204760905561402695e-02
7.863305708942931391e-03
0.000000000000000000e+00
0.000000000000000000e+00
0.000000000000000000e+00
0.000000000000000000e+00
0.000000000000000000e+00
0.000000000000000000e+00
0.000000000000000000e+00
0.000000000000000000e+00
0.000000000000000000e+00
0.000000000000000000e+00
