0.000000000000000000e+00
0.000000000000000000e+00
0.000000000000000000e+00
0.000000000000000000e+00
0.000000000000000000e+00
0.000000000000000000e+00
0.000000000000000000e+00
0.000000000000000000e+00
0.000000000000000000e+00
0.000000000000000000e+00
0.000000000000000000e+00
0.000000000000000000e+00
0.000000000000000000e+00
0.000000000000000000e+00
0.000000000000000000e+00
0.000000000000000000e+00
0.000000000000000000e+00
0.000000000000000000e+00
0.000000000000000000e+00
0.000000000000000000e+00
0.000000000000000000e+00
0.000000000000000000e+00
0.000000000000000000e+00
0.000000000000000000e+00
0.000000000000000000e+00
0.000000000000000000e+00
0.000000000000000000e+00
0.000000000000000000e+00
0.000000000000000000e+00
0.000000000000000000e+00
0.000000000000000000e+00
0.000000000000000000e+00
0.000000000000000000e+00
0.000000000000000000e+00
0.000000000000000000e+00
0.000000000000000000e+00
0.000000000000000000e+00
0.000000000000000000e+00
0.000000000000000000e+00
0.000000000000000000e+00
0.000000000000000000e+00
0.000000000000000000e+00
0.000000000000000000e+00
0.000000000000000000e+00
0.000000000000000000e+00
0.000000000000000000e+00
0.000000000000000000e+00
0.000000000000000000e+00
0.000000000000000000e+00
0.000000000000000000e+00
0.000000000000000000e+00
0.000000000000000000e+00
0.000000000000000000e+00
0.000000000000000000e+00
4.988760609121685452e-03
0.000000000000000000e+00
1.433003494616111317e-02
nan
1.789637486047543011e-02
1.795531097746345256e-02
2.130393509734344881e-02
3.575953361598956104e-02
5.336540403037288993e-02
7.877967584791185918e-02
1.050559016431271697e-01
1.394979472354180017e-01
1.703603039652149265e-01
1.929137062156688620e-01
2.083801535196602717e-01
2.501585395971222536e-01
2.681569124721360775e-01
2.909732619757132710e-01
3.129071305811770287e-01
3.314617278114352916e-01
3.854684352726734931e-01
3.980921159885594807e-01
4.161156702084557457e-01
4.341206982501625844e-01
4.553765794749281559e-01
4.651051867317667621e-01
4.901209310488311988e-01
5.256795367588856793e-01
5.524666756635874254e-01
5.867688935937891426e-01
6.291432559988834328e-01
6.604553864216158310e-01
6.872784062737553601e-01
7.047442671158169469e-01
7.292967004047080648e-01
7.614683382516170829e-01
7.862360983531568870e-01
8.251995300250701826e-01
8.543342402819814607e-01
8.861803774996176442e-01
9.283989650459736342e-01
9.682722880630740825e-01
1.013089621438037602e+00
1.063762631184387075e+00
1.098756235825985916e+00
1.154379458776848333e+00
1.214227660289496580e+00
1.249465624437247291e+00
1.291234127502804307e+00
1.345034360007682395e+00
1.385013104718494592e+00
1.417872813845807212e+00
1.470455114018725640e+00
1.503992906013930098e+00
1.543208759404128383e+00
1.616241654351885382e+00
1.654802229429941818e+00
1.701962902436464420e+00
1.741889813575868695e+00
1.895226389121726696e+00
1.992164615371474934e+00
2.088844331568172397e+00
2.158297410971510732e+00
2.218840320883771255e+00
2.267344977743157131e+00
2.286162442366635794e+00
2.311108599071509229e+00
2.345899107582408050e+00
2.373177632117617453e+00
2.352508604597821851e+00
2.331569840691802842e+00
2.358115596246852075e+00
2.356119778091538830e+00
2.364513820744821082e+00
2.361427063574172536e+00
2.358330403713997381e+00
2.356084695710498611e+00
2.354955278467771862e+00
2.369027940742311156e+00
2.369210092457527228e+00
2.362547553282007939e+00
2.341271716469247810e+00
2.340220255467843735e+00
2.322563748328889677e+00
2.320690458256384314e+00
2.300243924179044441e+00
2.279831703996864967e+00
2.251773238277479994e+00
2.253345413695135413e+00
2.230357652360400511e+00
2.210618379546009482e+00
2.173730147327145534e+00
2.147862222360029882e+00
2.099705624710292984e+00
2.059042842596475520e+00
2.003705191037740363e+00
1.965012406000607781e+00
1.932798809013943631e+00
1.875925126828478673e+00
1.839174125145043082e+00
1.778853075491636737e+00
1.719555189642696158e+00
1.665053659490779214e+00
1.598343748817749654e+00
1.531522729582003306e+00
1.470074193267801199e+00
1.413309720387664337e+00
1.347095477173943845e+00
1.270714689159700761e+00
1.198453761413558638e+00
1.137882909881100302e+00
1.072957340584572483e+00
1.007815453954715057e+00
9.403309182294258273e-01
8.812266189377487846e-01
8.193648612188163538e-01
7.527428609313410179e-01
6.852229781563762279e-01
6.328916574440406340e-01
5.728325439211703340e-01
5.180870097422833886e-01
4.709391846041146579e-01
4.173341874417401121e-01
3.626338092262595403e-01
3.114494707123819373e-01
2.628447314250824118e-01
2.212872411638119041e-01
1.941928578861914501e-01
1.726760980418973468e-01
1.512908550795743490e-01
1.290611083708290974e-01
1.093432656727237884e-01
9.051488286716220799e-02
7.476952361435817984e-02
6.313602689394016976e-02
4.335552796542568865e-02
nan
0.000000000000000000e+00
0.000000000000000000e+00
0.000000000000000000e+00
0.000000000000000000e+00
0.000000000000000000e+00
0.000000000000000000e+00
0.000000000000000000e+00
0.000000000000000000e+00
0.000000000000000000e+00
0.000000000000000000e+00
