0.000000000000000000e+00
0.000000000000000000e+00
0.000000000000000000e+00
0.000000000000000000e+00
0.000000000000000000e+00
0.000000000000000000e+00
0.000000000000000000e+00
0.000000000000000000e+00
0.000000000000000000e+00
0.000000000000000000e+00
0.000000000000000000e+00
0.000000000000000000e+00
0.000000000000000000e+00
0.000000000000000000e+00
0.000000000000000000e+00
0.000000000000000000e+00
0.000000000000000000e+00
0.000000000000000000e+00
0.000000000000000000e+00
0.000000000000000000e+00
0.000000000000000000e+00
0.000000000000000000e+00
0.000000000000000000e+00
0.000000000000000000e+00
0.000000000000000000e+00
0.000000000000000000e+00
0.000000000000000000e+00
0.000000000000000000e+00
0.000000000000000000e+00
0.000000000000000000e+00
0.000000000000000000e+00
0.000000000000000000e+00
0.000000000000000000e+00
0.000000000000000000e+00
0.000000000000000000e+00
0.000000000000000000e+00
0.000000000000000000e+00
0.000000000000000000e+00
0.000000000000000000e+00
0.000000000000000000e+00
0.000000000000000000e+00
0.000000000000000000e+00
0.000000000000000000e+00
0.000000000000000000e+00
0.000000000000000000e+00
0.000000000000000000e+00
0.000000000000000000e+00
0.000000000000000000e+00
0.000000000000000000e+00
0.000000000000000000e+00
0.000000000000000000e+00
0.000000000000000000e+00
0.000000000000000000e+00
0.000000000000000000e+00
0.000000000000000000e+00
0.000000000000000000e+00
0.000000000000000000e+00
0.000000000000000000e+00
0.000000000000000000e+00
0.000000000000000000e+00
0.000000000000000000e+00
0.000000000000000000e+00
0.000000000000000000e+00
0.000000000000000000e+00
0.000000000000000000e+00
0.000000000000000000e+00
0.000000000000000000e+00
0.000000000000000000e+00
0.000000000000000000e+00
0.000000000000000000e+00
0.000000000000000000e+00
0.000000000000000000e+00
0.000000000000000000e+00
0.000000000000000000e+00
0.000000000000000000e+00
0.000000000000000000e+00
0.000000000000000000e+00
0.000000000000000000e+00
0.000000000000000000e+00
0.000000000000000000e+00
0.000000000000000000e+00
0.000000000000000000e+00
0.000000000000000000e+00
0.000000000000000000e+00
0.000000000000000000e+00
0.000000000000000000e+00
0.000000000000000000e+00
0.000000000000000000e+00
0.000000000000000000e+00
0.000000000000000000e+00
0.000000000000000000e+00
0.000000000000000000e+00
0.000000000000000000e+00
0.000000000000000000e+00
0.000000000000000000e+00
0.000000000000000000e+00
0.000000000000000000e+00
0.000000000000000000e+00
0.000000000000000000e+00
0.000000000000000000e+00
1.824528785690512356e+00
1.849026568456218822e+00
1.871021556310393130e+00
1.900895873405276992e+00
1.934486589606024376e+00
1.979966874198157312e+00
2.002152927271504179e+00
2.007309683850743820e+00
2.050282970068925792e+00
2.073264770959914571e+00
2.086593464611612880e+00
2.122115991910081600e+00
2.148958185193836190e+00
2.156915487915286089e+00
2.197619912004735276e+00
2.216143909039206328e+00
2.241485409841659671e+00
2.250350339038084346e+00
2.272047524872106372e+00
2.284951267351821524e+00
2.313196151929024946e+00
2.330616166619078555e+00
2.345675224619407029e+00
2.361222102440332371e+00
2.371724375403567286e+00
2.379722212728122788e+00
2.372797844568117487e+00
2.383665482016243065e+00
2.381417680072740684e+00
2.388574778864880344e+00
2.391102185339453623e+00
2.389745029701788148e+00
2.390333287951385000e+00
2.384827693274198523e+00
2.362348905028461399e+00
2.357088557075856627e+00
2.348543443720083612e+00
2.338572952280512318e+00
2.330275159619105363e+00
2.309238929614186642e+00
2.281914578220437750e+00
2.252407086530849423e+00
2.215834152445718797e+00
2.193100325554175445e+00
2.163500626081948486e+00
2.127854849571305884e+00
2.092357756962134108e+00
2.053757904468792361e+00
2.013572838596812797e+00
1.973439422280378386e+00
1.927843614297137353e+00
1.887844998892217907e+00
1.850498618256273708e+00
1.792990502877334968e+00
1.748321513438376718e+00
1.711991887224108000e+00
1.658736043996734022e+00
1.613011791769347170e+00
1.577521064165282594e+00
1.542391360475070083e+00
1.494878536236286193e+00
1.458213658375525412e+00
1.412992114675003741e+00
1.366300019459084636e+00
1.311076649905117186e+00
1.259709322282508426e+00
1.206707781291256998e+00
1.159337722968751150e+00
1.105388948087269840e+00
1.041603058845721685e+00
9.823533432117917963e-01
9.224232468088046089e-01
8.578898226211388867e-01
7.989684710835384118e-01
7.328000783337169644e-01
6.697080035174086676e-01
6.068563919380421945e-01
5.364490596671935840e-01
4.771112825289990922e-01
4.148731965514264597e-01
3.622461607249625737e-01
3.267353939201438906e-01
2.909947873225098292e-01
2.585963536599122370e-01
2.207123964372836589e-01
1.855086599487802135e-01
1.552150610066501679e-01
1.248809548773430894e-01
1.072977337897329658e-01
6.495983002246631666e-02
1.214814524579208889e-02
0.000000000000000000e+00
0.000000000000000000e+00
0.000000000000000000e+00
0.000000000000000000e+00
0.000000000000000000e+00
0.000000000000000000e+00
0.000000000000000000e+00
0.000000000000000000e+00
0.000000000000000000e+00
0.000000000000000000e+00
