1.031656165997646202e+00
3.867480672281393694e+00
5.910263718220622131e+00
7.183511692696528783e+00
8.022896317884113060e+00
8.513172779364024834e+00
8.887451460526063940e+00
9.107840482653056569e+00
9.213765803551961397e+00
9.214105015438548207e+00
9.217045643710479297e+00
9.132128565101956141e+00
9.043888349061456111e+00
8.898487518358733084e+00
8.754240121552516740e+00
8.593047238011237710e+00
8.428701724343827806e+00
8.250145259965618649e+00
8.098271551585973782e+00
7.925644267478361371e+00
7.744085944226392293e+00
7.558906722091323083e+00
7.368404896620274869e+00
7.199763355540084397e+00
7.035316162905069781e+00
6.873861805149068971e+00
6.683513649559566616e+00
6.525137572381357387e+00
6.389884606164938141e+00
6.220944478965637181e+00
6.096875215945959603e+00
5.888108103798595394e+00
5.765456561540146296e+00
5.602250538781465394e+00
5.459059482281974240e+00
5.323112064526408282e+00
5.185767380408969451e+00
5.026606701884409389e+00
4.899632058125451550e+00
4.776668816237865656e+00
4.650453830904750063e+00
4.494448310227819654e+00
4.402886424057922632e+00
4.276712667536353152e+00
4.171949460094372952e+00
4.048727852011985817e+00
3.922738615652105576e+00
3.800477665550470174e+00
3.690517025774992188e+00
3.581816280277294151e+00
3.504876879195717887e+00
3.380139606284892739e+00
3.297574299803183617e+00
3.179022994783099243e+00
3.093939001423273272e+00
2.989437718851074788e+00
2.889172893273622034e+00
2.810468346592820854e+00
2.707516497823622359e+00
2.609670419380470285e+00
2.514558767753866775e+00
2.428860053267913877e+00
2.354931996346993017e+00
2.257584438485624290e+00
2.157856417719031583e+00
2.094487614684700461e+00
2.016313750560672080e+00
1.916808608368091082e+00
1.853155772325902451e+00
1.770382400447555016e+00
1.720669041159590407e+00
1.606537996832000603e+00
1.549240095917607807e+00
1.481825449095166336e+00
1.411822120372972833e+00
1.352200177213362942e+00
1.272459567537947978e+00
1.211694062226753799e+00
1.183971170669755768e+00
1.092881996877819173e+00
1.063454099661747643e+00
1.024302695749751635e+00
9.651547517061331849e-01
9.060600083352577938e-01
8.595115882434098964e-01
7.855106517325020077e-01
7.555230235443584075e-01
6.827798702311852486e-01
6.685947671736437448e-01
5.931707505246196499e-01
5.945981244295814871e-01
5.569391404036572180e-01
5.061653660570292201e-01
4.826344374074493238e-01
4.376353568471458289e-01
4.152851550536674208e-01
3.950392517912695300e-01
3.252540139565163191e-01
3.257708820130212901e-01
3.170502007039300851e-01
