0.000000000000000000e+00
0.000000000000000000e+00
0.000000000000000000e+00
0.000000000000000000e+00
0.000000000000000000e+00
0.000000000000000000e+00
0.000000000000000000e+00
0.000000000000000000e+00
0.000000000000000000e+00
0.000000000000000000e+00
0.000000000000000000e+00
0.000000000000000000e+00
0.000000000000000000e+00
0.000000000000000000e+00
0.000000000000000000e+00
0.000000000000000000e+00
0.000000000000000000e+00
0.000000000000000000e+00
0.000000000000000000e+00
0.000000000000000000e+00
0.000000000000000000e+00
0.000000000000000000e+00
0.000000000000000000e+00
0.000000000000000000e+00
0.000000000000000000e+00
0.000000000000000000e+00
0.000000000000000000e+00
0.000000000000000000e+00
0.000000000000000000e+00
0.000000000000000000e+00
0.000000000000000000e+00
0.000000000000000000e+00
0.000000000000000000e+00
0.000000000000000000e+00
0.000000000000000000e+00
0.000000000000000000e+00
0.000000000000000000e+00
0.000000000000000000e+00
0.000000000000000000e+00
0.000000000000000000e+00
0.000000000000000000e+00
0.000000000000000000e+00
0.000000000000000000e+00
0.000000000000000000e+00
0.000000000000000000e+00
0.000000000000000000e+00
0.000000000000000000e+00
0.000000000000000000e+00
0.000000000000000000e+00
0.000000000000000000e+00
0.000000000000000000e+00
0.000000000000000000e+00
0.000000000000000000e+00
0.000000000000000000e+00
0.000000000000000000e+00
0.000000000000000000e+00
0.000000000000000000e+00
0.000000000000000000e+00
0.000000000000000000e+00
0.000000000000000000e+00
0.000000000000000000e+00
0.000000000000000000e+00
0.000000000000000000e+00
0.000000000000000000e+00
0.000000000000000000e+00
0.000000000000000000e+00
0.000000000000000000e+00
0.000000000000000000e+00
0.000000000000000000e+00
0.000000000000000000e+00
0.000000000000000000e+00
0.000000000000000000e+00
0.000000000000000000e+00
0.000000000000000000e+00
0.000000000000000000e+00
0.000000000000000000e+00
0.000000000000000000e+00
0.000000000000000000e+00
0.000000000000000000e+00
0.000000000000000000e+00
0.000000000000000000e+00
0.000000000000000000e+00
0.000000000000000000e+00
0.000000000000000000e+00
0.000000000000000000e+00
0.000000000000000000e+00
0.000000000000000000e+00
0.000000000000000000e+00
0.000000000000000000e+00
0.000000000000000000e+00
0.000000000000000000e+00
0.000000000000000000e+00
0.000000000000000000e+00
0.000000000000000000e+00
0.000000000000000000e+00
0.000000000000000000e+00
0.000000000000000000e+00
0.000000000000000000e+00
0.000000000000000000e+00
0.000000000000000000e+00
0.000000000000000000e+00
0.000000000000000000e+00
0.000000000000000000e+00
2.258234957039514934e-02
7.859274177646274895e-02
1.380792561120083861e-01
1.894147418256618975e-01
2.394044449677801834e-01
2.891684444649604280e-01
3.475120188930382326e-01
4.072422606869647299e-01
4.568563440701699507e-01
5.112686127692215310e-01
5.733391628296954368e-01
6.414869842667970667e-01
7.072673069926600498e-01
7.866110114753067650e-01
8.611716496744563631e-01
9.415122560704310972e-01
1.010800278889707027e+00
1.081755642676135665e+00
1.169437789600391797e+00
1.233452667255670931e+00
1.317941883733489528e+00
1.415187344279777548e+00
1.522090064206922611e+00
1.602237741469458632e+00
1.707254977618287040e+00
1.791954391016112647e+00
1.871522487127774248e+00
1.949516580488961814e+00
2.030145915925642530e+00
2.099057468228084478e+00
2.167841099396230042e+00
2.245095600597342589e+00
2.278751773128326885e+00
2.331604058082715536e+00
2.384953093270599567e+00
2.418326496935473635e+00
2.475241045410455865e+00
2.508967952241697219e+00
2.544009152556254705e+00
2.596001881606747830e+00
2.604615541454909700e+00
2.629408964609536881e+00
2.652009667563726136e+00
2.663260301510433692e+00
2.690566161059064765e+00
2.698638449613536938e+00
2.696445794215727165e+00
2.699832801404952409e+00
2.692273921382966062e+00
2.680155096386001912e+00
2.662645436746743588e+00
2.643915875516028802e+00
2.629671684765614081e+00
2.609987078838973407e+00
2.564841767665192673e+00
2.512686153704753789e+00
2.448701607387550716e+00
2.376702095898784339e+00
2.322527844663553775e+00
2.287225075347794068e+00
2.235907868938292964e+00
2.174904928266018445e+00
2.097128030513773389e+00
1.997025417897505983e+00
1.890544213495821690e+00
1.799654986846063398e+00
1.763062926517789064e+00
1.702861096728824908e+00
1.621442454619094642e+00
1.527422684857085100e+00
1.406241365124013321e+00
1.278144926711814788e+00
1.178789080560058267e+00
1.128762241048333781e+00
1.080286340217827767e+00
9.784929078593309626e-01
8.811199826931527257e-01
7.441407756362885539e-01
5.618106214915729035e-01
4.329558954172481045e-01
4.304533565275716622e-01
4.282208379921800812e-01
3.692544977661268990e-01
3.221523318492359733e-01
2.742027251468890925e-01
1.939175273068427241e-01
2.743287178927805714e-01
1.898052092161436333e-01
0.000000000000000000e+00
0.000000000000000000e+00
0.000000000000000000e+00
0.000000000000000000e+00
0.000000000000000000e+00
0.000000000000000000e+00
0.000000000000000000e+00
0.000000000000000000e+00
0.000000000000000000e+00
0.000000000000000000e+00
