0.000000000000000000e+00
0.000000000000000000e+00
0.000000000000000000e+00
0.000000000000000000e+00
0.000000000000000000e+00
0.000000000000000000e+00
0.000000000000000000e+00
0.000000000000000000e+00
0.000000000000000000e+00
0.000000000000000000e+00
0.000000000000000000e+00
0.000000000000000000e+00
0.000000000000000000e+00
0.000000000000000000e+00
0.000000000000000000e+00
0.000000000000000000e+00
0.000000000000000000e+00
0.000000000000000000e+00
0.000000000000000000e+00
0.000000000000000000e+00
0.000000000000000000e+00
0.000000000000000000e+00
0.000000000000000000e+00
0.000000000000000000e+00
0.000000000000000000e+00
0.000000000000000000e+00
0.000000000000000000e+00
0.000000000000000000e+00
0.000000000000000000e+00
0.000000000000000000e+00
0.000000000000000000e+00
0.000000000000000000e+00
0.000000000000000000e+00
0.000000000000000000e+00
0.000000000000000000e+00
0.000000000000000000e+00
0.000000000000000000e+00
0.000000000000000000e+00
0.000000000000000000e+00
0.000000000000000000e+00
0.000000000000000000e+00
0.000000000000000000e+00
0.000000000000000000e+00
0.000000000000000000e+00
0.000000000000000000e+00
0.000000000000000000e+00
0.000000000000000000e+00
0.000000000000000000e+00
0.000000000000000000e+00
0.000000000000000000e+00
0.000000000000000000e+00
0.000000000000000000e+00
0.000000000000000000e+00
0.000000000000000000e+00
0.000000000000000000e+00
0.000000000000000000e+00
0.000000000000000000e+00
0.000000000000000000e+00
0.000000000000000000e+00
0.000000000000000000e+00
0.000000000000000000e+00
0.000000000000000000e+00
0.000000000000000000e+00
0.000000000000000000e+00
0.000000000000000000e+00
0.000000000000000000e+00
0.000000000000000000e+00
0.000000000000000000e+00
0.000000000000000000e+00
0.000000000000000000e+00
0.000000000000000000e+00
0.000000000000000000e+00
0.000000000000000000e+00
0.000000000000000000e+00
0.000000000000000000e+00
0.000000000000000000e+00
0.000000000000000000e+00
0.000000000000000000e+00
0.000000000000000000e+00
0.000000000000000000e+00
0.000000000000000000e+00
0.000000000000000000e+00
0.000000000000000000e+00
0.000000000000000000e+00
0.000000000000000000e+00
0.000000000000000000e+00
0.000000000000000000e+00
0.000000000000000000e+00
0.000000000000000000e+00
0.000000000000000000e+00
0.000000000000000000e+00
0.000000000000000000e+00
0.000000000000000000e+00
0.000000000000000000e+00
0.000000000000000000e+00
0.000000000000000000e+00
0.000000000000000000e+00
0.000000000000000000e+00
0.000000000000000000e+00
0.000000000000000000e+00
0.000000000000000000e+00
0.000000000000000000e+00
1.775113627130885802e-02
5.093066687423709882e-02
8.010657762344725041e-02
1.670047952941014213e-01
2.711382976450451010e-01
4.107680618477064782e-01
5.279256259664565354e-01
6.469177565704724575e-01
7.737860045858514502e-01
8.836808993144286140e-01
9.885457099000947156e-01
1.067760392839942618e+00
1.186554432940700288e+00
1.282102850160716567e+00
1.373706858000812270e+00
1.477398800027257320e+00
1.574746870091792594e+00
1.671304486399938005e+00
1.757329353362464985e+00
1.864515406974635692e+00
1.964755750339582940e+00
2.083655468684389334e+00
2.202639471533010873e+00
2.302112175005010641e+00
2.434862716737892452e+00
2.541725492879832959e+00
2.619468055958293018e+00
2.722581097910516945e+00
2.790954222783701866e+00
2.887613735824617223e+00
2.946178211236346822e+00
2.996998953994814752e+00
3.074793303058406480e+00
3.104360848271915163e+00
3.162788009457102145e+00
3.232249650691582765e+00
3.234680455716650194e+00
3.291489952676886155e+00
3.333010845079797502e+00
3.345603252865254618e+00
3.382072248654826030e+00
3.376227730582027853e+00
3.383831541939654741e+00
3.355798433821769677e+00
3.359076169576835635e+00
3.385834112981556565e+00
3.368763138880771724e+00
3.366433474338196064e+00
3.338789750666587341e+00
3.325259340688987209e+00
3.272463987271759578e+00
3.238646184229459379e+00
3.174119182993222932e+00
3.122240335034063285e+00
3.054248116337415109e+00
2.953536518593072202e+00
2.831618270504189905e+00
2.680915486449719332e+00
2.540005382747409168e+00
2.445298419763985542e+00
2.419995188914477957e+00
2.413311436117370867e+00
2.357589249603888160e+00
2.293972914224450488e+00
2.227226235508304786e+00
2.149292923350030637e+00
2.062412161826282730e+00
2.007666675028752845e+00
1.939913753480558611e+00
1.839854340129825516e+00
1.723226446871609197e+00
1.577797192292521133e+00
1.400464603283476661e+00
1.284506412875146886e+00
1.258648511762937572e+00
1.232066935522678541e+00
1.148334882039020677e+00
1.064057590349807958e+00
9.626515973925767744e-01
8.310056194479189529e-01
7.402324184875695989e-01
7.110865871222368240e-01
6.775083490304084632e-01
6.012447432432839189e-01
5.221306225023918390e-01
4.404226116138151848e-01
2.988673118377358495e-01
4.384569238319510620e-01
3.083714703708451688e-01
0.000000000000000000e+00
0.000000000000000000e+00
0.000000000000000000e+00
0.000000000000000000e+00
0.000000000000000000e+00
0.000000000000000000e+00
0.000000000000000000e+00
0.000000000000000000e+00
0.000000000000000000e+00
0.000000000000000000e+00
