0.000000000000000000e+00
0.000000000000000000e+00
0.000000000000000000e+00
0.000000000000000000e+00
0.000000000000000000e+00
0.000000000000000000e+00
0.000000000000000000e+00
0.000000000000000000e+00
0.000000000000000000e+00
0.000000000000000000e+00
0.000000000000000000e+00
0.000000000000000000e+00
0.000000000000000000e+00
0.000000000000000000e+00
0.000000000000000000e+00
0.000000000000000000e+00
0.000000000000000000e+00
0.000000000000000000e+00
0.000000000000000000e+00
0.000000000000000000e+00
0.000000000000000000e+00
0.000000000000000000e+00
0.000000000000000000e+00
0.000000000000000000e+00
0.000000000000000000e+00
0.000000000000000000e+00
0.000000000000000000e+00
0.000000000000000000e+00
0.000000000000000000e+00
0.000000000000000000e+00
0.000000000000000000e+00
0.000000000000000000e+00
0.000000000000000000e+00
0.000000000000000000e+00
0.000000000000000000e+00
0.000000000000000000e+00
0.000000000000000000e+00
0.000000000000000000e+00
0.000000000000000000e+00
0.000000000000000000e+00
0.000000000000000000e+00
0.000000000000000000e+00
0.000000000000000000e+00
0.000000000000000000e+00
0.000000000000000000e+00
0.000000000000000000e+00
0.000000000000000000e+00
0.000000000000000000e+00
0.000000000000000000e+00
0.000000000000000000e+00
0.000000000000000000e+00
0.000000000000000000e+00
6.869997388644947037e-03
6.176190279544969443e-03
1.440683022587827336e-02
1.359512083223030077e-02
1.318506709004928744e-02
2.703815225079747933e-02
2.027418964106455709e-02
2.567925447359411389e-02
3.648615143772741820e-02
2.987052460021047406e-02
2.897358256496362916e-02
4.261387829276162137e-02
4.657443048269224034e-02
4.987440316810966279e-02
6.563793861944167141e-02
7.515172099771229297e-02
7.765966722691002022e-02
1.045299845440478687e-01
1.210640332127608382e-01
1.397448867572130271e-01
1.624160331275360802e-01
1.808440323497840507e-01
2.044067290361445688e-01
2.213351580060212431e-01
2.486772643190807430e-01
2.748988481329747158e-01
2.930318183120782516e-01
3.272032624628171127e-01
3.413436359694435596e-01
3.682178243209760504e-01
3.927612335668250743e-01
4.135198070879665955e-01
4.391230831499593479e-01
4.550998165741899082e-01
4.692685393556106366e-01
4.933513689179591100e-01
5.174027672136601863e-01
5.288128362656856485e-01
5.526206453504282079e-01
5.654767040566306413e-01
5.810657832892106578e-01
6.017745639261037338e-01
6.065542933971765915e-01
6.337393522068145435e-01
6.525203327466920777e-01
6.711779831786066630e-01
6.854650144875596984e-01
7.220474774283133224e-01
7.345201550754524300e-01
7.586727806781873307e-01
7.864226651445062055e-01
8.115898876290325026e-01
8.346779525219962803e-01
8.506526380801987530e-01
8.763042260134337180e-01
8.963614381867119896e-01
9.263057530029579212e-01
9.473202809230719668e-01
9.699162164154743193e-01
9.786665975567967468e-01
1.007071737005718060e+00
1.096717570744963677e+00
1.173026023943939178e+00
1.201366385401901882e+00
1.226080414032070243e+00
1.224838971028274104e+00
1.224366039248823590e+00
1.214733539787046457e+00
1.199296148983035382e+00
1.174287842288927353e+00
1.176447163451467937e+00
1.150808000123042518e+00
1.144602082222140105e+00
1.158497964234232791e+00
1.179663964493567141e+00
1.185828253966564549e+00
1.177119740072121612e+00
1.185996447868785442e+00
1.185417115034979929e+00
1.177874039613492574e+00
1.168425282512165486e+00
1.146803248425164234e+00
1.142551103523978151e+00
1.127179692521401932e+00
1.111067975983360379e+00
1.094651710690169200e+00
1.080085988243230544e+00
1.062782312510350158e+00
1.042643965941563389e+00
1.022845078605909563e+00
1.000882813457460774e+00
9.876753589360448560e-01
9.659378206607515116e-01
9.351872857223049174e-01
9.063104479872787778e-01
8.798728536357153240e-01
8.460475381428679276e-01
8.230843660677360507e-01
7.993248318485149939e-01
7.723360645337069563e-01
7.453584401718573726e-01
7.174594042752562295e-01
6.890674429901288978e-01
6.628787793725975375e-01
6.447728010947301192e-01
6.135622574282021402e-01
5.827583065612393920e-01
5.492969378001554270e-01
5.211377896467939141e-01
4.934365512917184282e-01
4.688765667711543017e-01
4.395597604419049786e-01
4.136537714977275848e-01
3.851202713945085510e-01
3.623542808149151639e-01
3.327829315595504101e-01
3.077005065723698030e-01
2.819250339470623645e-01
2.580552904855768492e-01
2.331799129599356757e-01
2.099865536239480523e-01
1.903503367136545887e-01
1.698663824269464329e-01
1.528086964186834151e-01
1.354375273625025300e-01
1.157016297607478400e-01
9.660369869818810629e-02
7.977934349853084417e-02
6.578506847663104229e-02
5.662191100683820061e-02
5.121613496434768154e-02
4.498505343802915168e-02
3.760558335092777094e-02
3.221809998582417928e-02
2.669780463388376351e-02
2.198466261527837196e-02
1.785683093561720239e-02
1.211401849502633139e-02
8.761749616209605577e-04
0.000000000000000000e+00
0.000000000000000000e+00
0.000000000000000000e+00
0.000000000000000000e+00
0.000000000000000000e+00
0.000000000000000000e+00
0.000000000000000000e+00
0.000000000000000000e+00
0.000000000000000000e+00
0.000000000000000000e+00
