3.059359983816303252e-01
9.934901005246763450e-01
1.423343603428530058e+00
1.652728403231018328e+00
1.777372353328412258e+00
1.828597438982488832e+00
1.846164656959887518e+00
1.842288188181360642e+00
1.814171676295087909e+00
1.777038999310277534e+00
1.726891936144621331e+00
1.677423857289984888e+00
1.628421952096139158e+00
1.567579181318084158e+00
1.503816864238074702e+00
1.457605249822241156e+00
1.405837766956184121e+00
1.351170316064682408e+00
1.288684726623653409e+00
1.240347361795908432e+00
1.197369778888276670e+00
1.149766916275681838e+00
1.102760298292142283e+00
1.060501230140262763e+00
1.018073838285399324e+00
9.742298541944519608e-01
9.371687685796596945e-01
8.981925742838062776e-01
8.622990354822546166e-01
8.307940939091202903e-01
7.948919924294547412e-01
7.635436543784287489e-01
7.294280427892306795e-01
7.111371959639865015e-01
6.768249295764831031e-01
6.564867826349263247e-01
6.227907765058979805e-01
5.996432270372651363e-01
5.786046828940906162e-01
5.468516892885448843e-01
5.314286609225687963e-01
5.046543262249932882e-01
4.924951401123309203e-01
4.679909778958358246e-01
4.442951843141252910e-01
4.325425513391513710e-01
4.019842777650177168e-01
3.935483890004763952e-01
3.790390534166447889e-01
3.651650856351064123e-01
3.519325687437826478e-01
3.298434443442744279e-01
3.164440342689811003e-01
3.009977665855883000e-01
2.842308584571797692e-01
2.780891711577634373e-01
2.636904779895038464e-01
2.449274537202707491e-01
2.411168386949043285e-01
2.324792896920087337e-01
2.157244554053410757e-01
2.000928626234448060e-01
1.995203119518771662e-01
1.880757200102003424e-01
1.790405412903891547e-01
1.703845159521678865e-01
1.687606423293848690e-01
1.501326231830026614e-01
1.495370151796041047e-01
1.444791711177190463e-01
1.382376423820531330e-01
1.233672970203443242e-01
1.212944904318206535e-01
1.120056634705978993e-01
1.002690363569841286e-01
1.001511960826995395e-01
9.716175208363207749e-02
9.612163153739089472e-02
8.371993300458056841e-02
7.564935016787974198e-02
7.759927240553689265e-02
7.135115542823548818e-02
6.746367402728153939e-02
6.760231425258708682e-02
6.133707547483423922e-02
5.559083808414076039e-02
5.187742796445053012e-02
4.566559764496289781e-02
4.101344757374021655e-02
4.377972211624616555e-02
3.852894120284682672e-02
4.193583502971760107e-02
3.746900753443088705e-02
3.407365952697773148e-02
3.302750261942889731e-02
3.241505644011249271e-02
2.108776754132969319e-02
2.257014140347982090e-02
2.675277807204930539e-02
2.077609465141084730e-02
