0.000000000000000000e+00
0.000000000000000000e+00
0.000000000000000000e+00
0.000000000000000000e+00
0.000000000000000000e+00
0.000000000000000000e+00
0.000000000000000000e+00
0.000000000000000000e+00
0.000000000000000000e+00
0.000000000000000000e+00
4.295786849708015109e-02
1.068693623065909565e-01
2.083529213614625786e-01
4.689941911935540664e-01
9.734608246450298097e-01
1.665265893701407096e+00
2.365649743492332480e+00
2.981812761059249084e+00
3.553768338646932090e+00
4.135182189942316455e+00
4.887477033326685039e+00
5.706761404047043129e+00
6.812091732802963762e+00
8.051473203254928990e+00
8.014459138841170116e+00
8.414244589547891451e+00
8.666636347961331310e+00
8.560805004492985759e+00
8.321438946667027992e+00
7.759793306285667214e+00
7.090660334077394822e+00
6.316456844231833401e+00
5.310115610019234822e+00
4.212192966579444864e+00
3.035311799424238899e+00
1.977963185071725860e+00
1.072334977041032422e+00
3.974423623395908489e-01
3.920229014494930331e-02
0.000000000000000000e+00
0.000000000000000000e+00
