0.000000000000000000e+00
0.000000000000000000e+00
0.000000000000000000e+00
0.000000000000000000e+00
0.000000000000000000e+00
0.000000000000000000e+00
0.000000000000000000e+00
0.000000000000000000e+00
0.000000000000000000e+00
0.000000000000000000e+00
0.000000000000000000e+00
9.622762519657436509e-02
4.012247914294904683e-01
1.206421014315325113e+00
1.981962194670683353e+00
2.678262335299166352e+00
3.442732794780104744e+00
4.406107891381038755e+00
5.348673756178726535e+00
6.645282231083877278e+00
8.215880718531646920e+00
9.617189233498802281e+00
1.164848723134063313e+01
1.442957245414783429e+01
1.571820716934869289e+01
1.635482897213514519e+01
1.701956039697178369e+01
1.749108389566307764e+01
1.790399889992487559e+01
1.781210846655298141e+01
1.725636893224784885e+01
1.617124704788499301e+01
1.432442027578743904e+01
1.193655990231026642e+01
9.046330945233112431e+00
5.952717554914674025e+00
3.207581266247749863e+00
1.050819184299472075e+00
9.117244232223774281e-02
0.000000000000000000e+00
0.000000000000000000e+00
