4.219609863281250000e+03,5.123960937500000000e+03,6.116848632812500000e+03,7.299166503906250000e+03,8.525233398437500000e+03,9.743573242187500000e+03,1.094200781250000000e+04,1.200321679687500000e+04,1.257470410156250000e+04,1.258727050781250000e+04,1.190530957031250000e+04,1.037077246093750000e+04,8.217280273437500000e+03,5.886478515625000000e+03,3.816172119140625000e+03,2.400575195312500000e+03,2.052714843750000000e+03,2.165617431640625000e+03,2.290463562011718750e+02
4.177171386718750000e+03,5.094123535156250000e+03,6.106850585937500000e+03,7.312069335937500000e+03,8.561997070312500000e+03,9.795667968750000000e+03,1.099300976562500000e+04,1.202903613281250000e+04,1.255070800781250000e+04,1.251134472656250000e+04,1.181446386718750000e+04,1.033961328125000000e+04,8.271356445312500000e+03,5.923601562500000000e+03,3.794883544921875000e+03,2.414295654296875000e+03,2.071386962890625000e+03,2.250311035156250000e+03,2.394436035156250000e+02
4.167073730468750000e+03,5.065492675781250000e+03,6.054491210937500000e+03,7.233986328125000000e+03,8.463256835937500000e+03,9.689931640625000000e+03,1.090283496093750000e+04,1.198606640625000000e+04,1.258728906250000000e+04,1.262791796875000000e+04,1.196689648437500000e+04,1.042781542968750000e+04,8.265763671875000000e+03,6.018620605468750000e+03,3.884775878906250000e+03,2.420967285156250000e+03,2.116887207031250000e+03,2.188038818359375000e+03,2.314095916748046875e+02
4.228403808593750000e+03,5.140806152343750000e+03,6.141345214843750000e+03,7.330857910156250000e+03,8.560596679687500000e+03,9.767549804687500000e+03,1.093700488281250000e+04,1.194214257812500000e+04,1.243010644531250000e+04,1.235296777343750000e+04,1.162517187500000000e+04,1.017959082031250000e+04,8.254096679687500000e+03,6.032460937500000000e+03,3.806175537109375000e+03,2.397910156250000000e+03,2.150591796875000000e+03,2.117319580078125000e+03,2.221844482421875000e+02
4.199173339843750000e+03,5.113955566406250000e+03,6.122030273437500000e+03,7.319437011718750000e+03,8.558417968750000000e+03,9.780247070312500000e+03,1.096763964843750000e+04,1.199937011718750000e+04,1.252697460937500000e+04,1.250424902343750000e+04,1.183337695312500000e+04,1.038277734375000000e+04,8.313617187500000000e+03,5.916129882812500000e+03,3.732450683593750000e+03,2.397919189453125000e+03,2.039838134765625000e+03,2.307643798828125000e+03,2.483113250732421875e+02
4.193824707031250000e+03,5.061913085937500000e+03,6.039842285156250000e+03,7.231862304687500000e+03,8.500432617187500000e+03,9.784537109375000000e+03,1.106180957031250000e+04,1.216344921875000000e+04,1.260965234375000000e+04,1.237686718750000000e+04,1.164196093750000000e+04,1.029442480468750000e+04,8.304759765625000000e+03,5.976650878906250000e+03,3.809276367187500000e+03,2.379391113281250000e+03,1.981738037109375000e+03,2.238585693359375000e+03,2.406492614746093750e+02
4.115576660156250000e+03,5.036778320312500000e+03,6.060165527343750000e+03,7.278658691406250000e+03,8.546343750000000000e+03,9.799564453125000000e+03,1.101461035156250000e+04,1.206495410156250000e+04,1.259343457031250000e+04,1.254246093750000000e+04,1.181597460937500000e+04,1.033518945312500000e+04,8.322093750000000000e+03,6.029205078125000000e+03,3.870426757812500000e+03,2.414688720703125000e+03,1.998851318359375000e+03,2.270487304687500000e+03,2.442547302246093750e+02
4.139403320312500000e+03,5.052761718750000000e+03,6.063911132812500000e+03,7.267444824218750000e+03,8.517313476562500000e+03,9.754791015625000000e+03,1.095897949218750000e+04,1.200760742187500000e+04,1.254837109375000000e+04,1.252820703125000000e+04,1.184052441406250000e+04,1.035106347656250000e+04,8.248891601562500000e+03,5.887960937500000000e+03,3.810803466796875000e+03,2.410116210937500000e+03,2.001273071289062500e+03,2.273611083984375000e+03,2.445857391357421875e+02
4.147837402343750000e+03,5.060892578125000000e+03,6.070767578125000000e+03,7.272348144531250000e+03,8.520029296875000000e+03,9.755273437500000000e+03,1.095923046875000000e+04,1.201108593750000000e+04,1.256039550781250000e+04,1.255535253906250000e+04,1.188852929687500000e+04,1.041828417968750000e+04,8.313499023437500000e+03,5.901395507812500000e+03,3.766248535156250000e+03,2.417751464843750000e+03,2.029208984375000000e+03,2.301686035156250000e+03,2.476479644775390625e+02
4.172460937500000000e+03,5.088746093750000000e+03,6.101802246093750000e+03,7.309108398437500000e+03,8.564709960937500000e+03,9.806549804687500000e+03,1.101327929687500000e+04,1.205487988281250000e+04,1.256766894531250000e+04,1.249215625000000000e+04,1.173018750000000000e+04,1.020906933593750000e+04,8.184902343750000000e+03,5.896158691406250000e+03,3.755029541015625000e+03,2.399298095703125000e+03,2.023951049804687500e+03,2.193368408203125000e+03,2.330315399169921875e+02
4.144868164062500000e+03,5.056910644531250000e+03,6.066598632812500000e+03,7.269172851562500000e+03,8.521195312500000000e+03,9.763509765625000000e+03,1.097682617187500000e+04,1.203660644531250000e+04,1.258432031250000000e+04,1.256115136718750000e+04,1.186150585937500000e+04,1.036111425781250000e+04,8.246644531250000000e+03,5.837777832031250000e+03,3.699745361328125000e+03,2.397738037109375000e+03,2.034131591796875000e+03,2.301852539062500000e+03,2.476720428466796875e+02
4.264563476562500000e+03,5.119487792968750000e+03,6.069125976562500000e+03,7.231578125000000000e+03,8.478438476562500000e+03,9.756386718750000000e+03,1.101668261718750000e+04,1.206751953125000000e+04,1.250809082031250000e+04,1.237571484375000000e+04,1.166106542968750000e+04,1.025731835937500000e+04,8.305279296875000000e+03,6.021533203125000000e+03,3.850711425781250000e+03,2.416553710937500000e+03,2.018843627929687500e+03,2.279662841796875000e+03,2.450876007080078125e+02
4.151295898437500000e+03,5.064477050781250000e+03,6.073239746093750000e+03,7.275705078125000000e+03,8.527694335937500000e+03,9.766548828125000000e+03,1.097634179687500000e+04,1.203169921875000000e+04,1.257942285156250000e+04,1.257348242187500000e+04,1.191606640625000000e+04,1.047498632812500000e+04,8.380998046875000000e+03,5.902988769531250000e+03,3.701407470703125000e+03,2.484531738281250000e+03,2.153004150390625000e+03,2.180254394531250000e+03,2.295081634521484375e+02
4.152899902343750000e+03,5.060469726562500000e+03,6.060503417968750000e+03,7.250151367187500000e+03,8.482763671875000000e+03,9.698474609375000000e+03,1.088088281250000000e+04,1.190908203125000000e+04,1.243709765625000000e+04,1.242179492187500000e+04,1.176564941406250000e+04,1.033789648437500000e+04,8.286886718750000000e+03,5.890246582031250000e+03,3.747974365234375000e+03,2.453088623046875000e+03,2.082328613281250000e+03,2.214624023437500000e+03,2.350040740966796875e+02
4.164897949218750000e+03,5.091177734375000000e+03,6.115778808593750000e+03,7.331620117187500000e+03,8.585493164062500000e+03,9.811947265625000000e+03,1.098618457031250000e+04,1.198418554687500000e+04,1.246573242187500000e+04,1.241496777343750000e+04,1.176737500000000000e+04,1.037093652343750000e+04,8.366300781250000000e+03,6.029732910156250000e+03,3.852355957031250000e+03,2.430296142578125000e+03,2.035806762695312500e+03,2.303118652343750000e+03,2.477479705810546875e+02
4.121040527343750000e+03,5.045755371093750000e+03,6.073219726562500000e+03,7.295965332031250000e+03,8.565444335937500000e+03,9.815840820312500000e+03,1.102057617187500000e+04,1.205188964843750000e+04,1.255580761718750000e+04,1.249180468750000000e+04,1.177410058593750000e+04,1.029436035156250000e+04,8.240683593750000000e+03,5.913397949218750000e+03,3.826122802734375000e+03,2.458034667968750000e+03,2.060683349609375000e+03,2.339124267578125000e+03,2.516929473876953125e+02
4.155083496093750000e+03,5.063470703125000000e+03,6.066047851562500000e+03,7.258233886718750000e+03,8.494045898437500000e+03,9.717785156250000000e+03,1.091256054687500000e+04,1.196162597656250000e+04,1.251992285156250000e+04,1.253534667968750000e+04,1.189387890625000000e+04,1.043024316406250000e+04,8.320921875000000000e+03,5.932613769531250000e+03,3.811209960937500000e+03,2.419259521484375000e+03,2.016089599609375000e+03,2.288007568359375000e+03,2.461353759765625000e+02
4.177597167968750000e+03,5.086473144531250000e+03,6.089566894531250000e+03,7.283909667968750000e+03,8.525393554687500000e+03,9.757412109375000000e+03,1.096279687500000000e+04,1.201874902343750000e+04,1.256886230468750000e+04,1.255355859375000000e+04,1.186704785156250000e+04,1.038685058593750000e+04,8.300075195312500000e+03,5.912049316406250000e+03,3.754984130859375000e+03,2.399744140625000000e+03,2.018340820312500000e+03,2.285771240234375000e+03,2.459043121337890625e+02
4.193775390625000000e+03,5.112710937500000000e+03,6.127110839843750000e+03,7.332669433593750000e+03,8.580173828125000000e+03,9.810433593750000000e+03,1.100286328125000000e+04,1.203456054687500000e+04,1.255177636718750000e+04,1.250455859375000000e+04,1.178783496093750000e+04,1.027276660156250000e+04,8.156433593750000000e+03,5.796767578125000000e+03,3.751302246093750000e+03,2.401132080078125000e+03,2.010438232421875000e+03,2.279705078125000000e+03,2.452530212402343750e+02
4.211007324218750000e+03,5.131855957031250000e+03,6.145576660156250000e+03,7.347701660156250000e+03,8.585132812500000000e+03,9.795745117187500000e+03,1.095854687500000000e+04,1.195012109375000000e+04,1.242596875000000000e+04,1.235699218750000000e+04,1.167279199218750000e+04,1.027445898437500000e+04,8.279871093750000000e+03,5.944526855468750000e+03,3.798388183593750000e+03,2.421431884765625000e+03,2.026994628906250000e+03,2.298680419921875000e+03,2.472992706298828125e+02
4.186260742187500000e+03,5.097641113281250000e+03,6.111774414062500000e+03,7.330750488281250000e+03,8.609762695312500000e+03,9.883140625000000000e+03,1.109465429687500000e+04,1.206633789062500000e+04,1.247603125000000000e+04,1.237471972656250000e+04,1.168767968750000000e+04,1.027942480468750000e+04,8.265123046875000000e+03,5.897906738281250000e+03,3.750588378906250000e+03,2.367148437500000000e+03,1.970875000000000000e+03,2.237283447265625000e+03,2.406806945800781250e+02
4.175376953125000000e+03,5.086559082031250000e+03,6.090716308593750000e+03,7.283436523437500000e+03,8.516117187500000000e+03,9.731165039062500000e+03,1.091027148437500000e+04,1.193415527343750000e+04,1.245730078125000000e+04,1.243380273437500000e+04,1.176301953125000000e+04,1.031219335937500000e+04,8.253348632812500000e+03,5.904474609375000000e+03,3.802913330078125000e+03,2.407607910156250000e+03,2.005378906250000000e+03,2.274699462890625000e+03,2.446882324218750000e+02
4.159944335937500000e+03,5.066166503906250000e+03,6.064305664062500000e+03,7.249744628906250000e+03,8.475531250000000000e+03,9.685820312500000000e+03,1.086516308593750000e+04,1.189814257812500000e+04,1.244461132812500000e+04,1.245685156250000000e+04,1.182684570312500000e+04,1.040413476562500000e+04,8.350903320312500000e+03,5.974606933593750000e+03,3.805765380859375000e+03,2.402502441406250000e+03,2.001895874023437500e+03,2.269586425781250000e+03,2.441277770996093750e+02
4.200986328125000000e+03,5.077215820312500000e+03,6.066572265625000000e+03,7.271591308593750000e+03,8.539276367187500000e+03,9.792706054687500000e+03,1.098608203125000000e+04,1.198087597656250000e+04,1.244401464843750000e+04,1.238352246093750000e+04,1.173597558593750000e+04,1.033281250000000000e+04,8.320030273437500000e+03,6.018260253906250000e+03,3.831395507812500000e+03,2.387269775390625000e+03,1.995097412109375000e+03,2.242673339843750000e+03,2.408566589355468750e+02
4.180681640625000000e+03,5.102199218750000000e+03,6.120164550781250000e+03,7.329088378906250000e+03,8.579426757812500000e+03,9.809724609375000000e+03,1.100006152343750000e+04,1.202868261718750000e+04,1.254929101562500000e+04,1.252178808593750000e+04,1.185379882812500000e+04,1.041704003906250000e+04,8.369105468750000000e+03,5.987563964843750000e+03,3.792353759765625000e+03,2.398648193359375000e+03,2.013675903320312500e+03,2.276313964843750000e+03,2.448111267089843750e+02
4.144332519531250000e+03,5.003040527343750000e+03,5.979134765625000000e+03,7.182591796875000000e+03,8.475047851562500000e+03,9.773700195312500000e+03,1.101719335937500000e+04,1.203784667968750000e+04,1.247738281250000000e+04,1.235000000000000000e+04,1.163837304687500000e+04,1.027670117187500000e+04,8.380268554687500000e+03,6.049792480468750000e+03,3.783069824218750000e+03,2.386018310546875000e+03,2.066180175781250000e+03,2.281544677734375000e+03,2.439644775390625000e+02
4.254581542968750000e+03,5.172797363281250000e+03,6.178720214843750000e+03,7.368857421875000000e+03,8.588505859375000000e+03,9.779263671875000000e+03,1.092519921875000000e+04,1.190942382812500000e+04,1.239535058593750000e+04,1.235195214843750000e+04,1.169140722656250000e+04,1.028657812500000000e+04,8.283551757812500000e+03,5.941555664062500000e+03,3.761985595703125000e+03,2.366183349609375000e+03,1.980331909179687500e+03,2.239885986328125000e+03,2.408807525634765625e+02
4.207760742187500000e+03,5.125049804687500000e+03,6.134378417968750000e+03,7.331261718750000000e+03,8.564336914062500000e+03,9.775367187500000000e+03,1.094700683593750000e+04,1.196159375000000000e+04,1.247914941406250000e+04,1.246231054687500000e+04,1.181648339843750000e+04,1.040006445312500000e+04,8.353676757812500000e+03,5.985017578125000000e+03,3.806777343750000000e+03,2.379903564453125000e+03,1.979616455078125000e+03,2.243203369140625000e+03,2.412863769531250000e+02
4.191837890625000000e+03,5.118667480468750000e+03,6.143335449218750000e+03,7.360971191406250000e+03,8.619303710937500000e+03,9.851819335937500000e+03,1.103233007812500000e+04,1.202934570312500000e+04,1.248763378906250000e+04,1.236863769531250000e+04,1.160658984375000000e+04,1.016880957031250000e+04,8.318390625000000000e+03,6.126185546875000000e+03,3.919562255859375000e+03,2.394172363281250000e+03,1.956226318359375000e+03,2.222833007812500000e+03,2.390187377929687500e+02
4.163140625000000000e+03,5.074320312500000000e+03,6.084395996093750000e+03,7.292416015625000000e+03,8.558677734375000000e+03,9.823185546875000000e+03,1.106152246093750000e+04,1.212717675781250000e+04,1.261037402343750000e+04,1.245058593750000000e+04,1.165560253906250000e+04,1.017758593750000000e+04,8.242105468750000000e+03,6.059260253906250000e+03,3.898992675781250000e+03,2.402928955078125000e+03,1.973432861328125000e+03,2.241129638671875000e+03,2.410103149414062500e+02
