PdfType: central
Format: lhagrid1
---
0.0001  0.00010429532461863897  0.0001087751473730729  0.00011344739305714942  0.00011832032686033726  0.00012340256898882342  0.00012870310991463342  0.00013423132627975076  0.00013999699748337048  0.00014601032298162906  0.0001522819403304134  0.0001588229440031669  0.0001656449050169821  0.00017275989140169766  0.0001801804895482089  0.0001879198264737575  0.00019599159304358843  0.00020441006819005238  0.0002131901441719966  0.00022234735291912848  0.00023189789350795586  0.00024185866081790827  0.00025224727541833065  0.0002630821147392205  0.0002743823455808502  0.0002861679580197835  0.000298459800771264  0.0003112796180705332  0.00032465008813832217  0.0003385948632985606  0.000353138611819271  0.00036830706155066437  0.0003841270454376358  0.00040062654898716905  0.00041783475977461904  0.00043578211907644967  0.00045450037572076693  0.0004740226422509076  0.0004943834535014343  0.0005156188276901594  0.0005377663301342724  0.0005608651397032811  0.0005849561181263205  0.0006100818822764358  0.0006362868795597115  0.0006636174665426095  0.0006921219909566031  0.000721850877225177  0.0007528567156644912  0.0007851943555155049  0.0008189210019721267  0.0008540963173770411  0.000890782526764226  0.000929044527934864  0.0009689500062613694  0.0010105695544226187  0.0010539767972822035  0.0010992485221306084  0.0011464648145217105  0.0011957091999438964  0.0012470687915764175  0.0013006344443923627  0.0013565009158808474  0.0014147670336727418  0.0014755358703664753  0.0015389149258631751  0.0016050163175336874  0.001673956978553886  0.001745858864759136  0.0018208491703838258  0.0018990605530676075  0.001980631368526384  0.0020657059153031832  0.002154434690031882  0.002246974653665322  0.0023434895091387887  0.0024441499909600485  0.002549134167238217  0.0026586277546857403  0.002772824447150728  0.002891926258260833  0.003016143878784795  0.0031456970493438136  0.003280814949132081  0.0034217366013341386  0.0035687112959562244  0.0037219990308195853  0.0038818709714958863  0.004048609930998349  0.004222510870077183  0.004403881419004318  0.0045930424217704826  0.0047903285036573215  0.0049960886631885935  0.005210686889507569  0.005434502806272785  0.0056679323432112455  0.005911388436516999  0.006165301759334096  0.0064301214836161615  0.006706316074710319  0.006994374120071094  0.007294805193570227  0.00760814075693141  0.007934935099884589  0.008275766320702958  0.008631237348857151  0.009001977011595783  0.009388641146339076  0.009791913760853446  0.01021250824325929  0.01065116862401255  0.01110867089209251  0.01158582436772414  0.01208347313406328  0.012602497530377338  0.013143815709363004  0.013708385261355807  0.014297204908304714  0.014911316270508398  0.015551805709238663  0.01621980624851049  0.01691649957939832  0.01764311815044419  0.01840094734785578  0.01919132776935102  0.02001565759567167  0.020875395063961057  0.021772061047381518  0.0227072417455348  0.023682591490444646  0.024699835673065437  0.025760773795493984  0.02686728265428373  0.028021319660492525  0.02922492630233721  0.030480231756580593  0.03178945665503921  0.0331549170128747  0.034579028325618065  0.03606430984217448  0.03761338902136763  0.03922900617990692  0.0409140193399999  0.042671409285185626  0.044504284833332394  0.046415888336127774  0.04840960141478949  0.05048895094214394  0.05265761528165439  0.05491943079443554  0.05727839862576538  0.05973869178310004  0.06230466251811238  0.06498085002581286  0.06777198847437253  0.07068301537985341  0.07371908034066062  0.07688555414716733  0.08018803828262767  0.08363237483218501  0.08722465681750427  0.09097123897530998  0.09487874899889745  0.09895409926250376  0.10320449904927852  0.1076374673044853  0.11226084593649444  0.11708281368909704  0.12211190060968001  0.12735700313885567  0.13282739984823985  0.1385327678542193  0.14448319993674355  0.150689222393424  0.15716181366052454  0.16391242373378453  0.1709529944234296  0.17829598047919984  0.18595437162276682  0.1939417155265149  0.20227214177933603  0.21096038688183238  0.22002182031514395  0.2294724717295179  0.2393290593007152  0.24960901930441615  0.26033053696094227  0.2715125786048606  0.28317492523637666  0.2953382075138675  0.308023942249458  0.32125457047220124  0.33505349712619653  0.3494451324738692  0.3644549352776552  0.38010945783648104  0.3964363929567065  0.41346462294062064  0.4312242706791523  0.44974675293918026  0.4690648359397062  0.48921269331520334  0.5102259665686786  0.5321418281213915  0.5549990470707652  0.578838057772808  0.6037010313703756  0.6296319503938047  0.6566766865658864  0.6848830819488142  0.7143010335766556  0.7449825817230663  0.7769820019603892  0.8103559011729886  0.8451633176946665  0.8814658257473112  0.9193276443655247  0.9588157509999117  1.0  
0.1e+001 0.1e+007
-14 -12 12 14
1.05640982720262e+01 1.05225046273413e-02 0.00000000000000e+00 2.05844171841168e+00
1.05640982720262e+01 1.05225046273413e-02 0.00000000000000e+00 2.05844171841168e+00
1.07208696231781e+01 1.11691145007452e-02 0.00000000000000e+00 2.14636584148305e+00
1.07208696231781e+01 1.11691145007452e-02 0.00000000000000e+00 2.14636584148305e+00
1.08776409743300e+01 1.18157243741492e-02 0.00000000000000e+00 2.23428996455442e+00
1.08776409743300e+01 1.18157243741492e-02 0.00000000000000e+00 2.23428996455442e+00
1.10344123254819e+01 1.24623342475532e-02 0.00000000000000e+00 2.32221408762578e+00
1.10344123254819e+01 1.24623342475532e-02 0.00000000000000e+00 2.32221408762578e+00
1.11911836766338e+01 1.31089441209572e-02 0.00000000000000e+00 2.41013821069715e+00
1.11911836766338e+01 1.31089441209572e-02 0.00000000000000e+00 2.41013821069715e+00
1.14274880140845e+01 1.40973385929477e-02 0.00000000000000e+00 2.54381601846692e+00
1.14274880140845e+01 1.40973385929477e-02 0.00000000000000e+00 2.54381601846692e+00
1.15876195647563e+01 1.47953596267553e-02 0.00000000000000e+00 2.63681154719947e+00
1.15876195647563e+01 1.47953596267553e-02 0.00000000000000e+00 2.63681154719947e+00
1.17499950130800e+01 1.55279427419390e-02 0.00000000000000e+00 2.73320675904647e+00
1.17499950130800e+01 1.55279427419390e-02 0.00000000000000e+00 2.73320675904647e+00
1.19146458024321e+01 1.62967992586616e-02 0.00000000000000e+00 2.83312593788948e+00
1.19146458024321e+01 1.62967992586616e-02 0.00000000000000e+00 2.83312593788948e+00
1.20816038168004e+01 1.71037252320489e-02 0.00000000000000e+00 2.93669791111682e+00
1.20816038168004e+01 1.71037252320489e-02 0.00000000000000e+00 2.93669791111682e+00
1.22509013869578e+01 1.79506056477898e-02 0.00000000000000e+00 3.04405621572278e+00
1.22509013869578e+01 1.79506056477898e-02 0.00000000000000e+00 3.04405621572278e+00
1.24225712967230e+01 1.88394188254778e-02 0.00000000000000e+00 3.15533927047897e+00
1.24225712967230e+01 1.88394188254778e-02 0.00000000000000e+00 3.15533927047897e+00
1.25966467893093e+01 1.97722410399823e-02 0.00000000000000e+00 3.27069055439989e+00
1.25966467893093e+01 1.97722410399823e-02 0.00000000000000e+00 3.27069055439989e+00
1.27731615737616e+01 2.07512513716434e-02 0.00000000000000e+00 3.39025879173267e+00
1.27731615737616e+01 2.07512513716434e-02 0.00000000000000e+00 3.39025879173267e+00
1.29521498314844e+01 2.17787367966215e-02 0.00000000000000e+00 3.51419814370962e+00
1.29521498314844e+01 2.17787367966215e-02 0.00000000000000e+00 3.51419814370962e+00
1.31336462228605e+01 2.28570975292923e-02 0.00000000000000e+00 3.64266840731075e+00
1.31336462228605e+01 2.28570975292923e-02 0.00000000000000e+00 3.64266840731075e+00
1.33176858939631e+01 2.39888526291676e-02 0.00000000000000e+00 3.77583522129259e+00
1.33176858939631e+01 2.39888526291676e-02 0.00000000000000e+00 3.77583522129259e+00
1.35043044833620e+01 2.51766458854383e-02 0.00000000000000e+00 3.91387027974886e+00
1.35043044833620e+01 2.51766458854383e-02 0.00000000000000e+00 3.91387027974886e+00
1.36935381290241e+01 2.64232519928884e-02 0.00000000000000e+00 4.05695155347841e+00
1.36935381290241e+01 2.64232519928884e-02 0.00000000000000e+00 4.05695155347841e+00
1.38854234753121e+01 2.77315830336041e-02 0.00000000000000e+00 4.20526351944576e+00
1.38854234753121e+01 2.77315830336041e-02 0.00000000000000e+00 4.20526351944576e+00
1.40799976800802e+01 2.91046952796219e-02 0.00000000000000e+00 4.35899739863024e+00
1.40799976800802e+01 2.91046952796219e-02 0.00000000000000e+00 4.35899739863024e+00
1.42772984218695e+01 3.05457963324049e-02 0.00000000000000e+00 4.51835140257025e+00
1.42772984218695e+01 3.05457963324049e-02 0.00000000000000e+00 4.51835140257025e+00
1.44773639072046e+01 3.20582526158261e-02 0.00000000000000e+00 4.68353098892049e+00
1.44773639072046e+01 3.20582526158261e-02 0.00000000000000e+00 4.68353098892049e+00
1.46802328779918e+01 3.36455972401623e-02 0.00000000000000e+00 4.85474912635184e+00
1.46802328779918e+01 3.36455972401623e-02 0.00000000000000e+00 4.85474912635184e+00
1.48859446190218e+01 3.53115382554684e-02 0.00000000000000e+00 5.03222656913525e+00
1.48859446190218e+01 3.53115382554684e-02 0.00000000000000e+00 5.03222656913525e+00
1.50945389655765e+01 3.70599673136133e-02 0.00000000000000e+00 5.21619214176371e+00
1.50945389655765e+01 3.70599673136133e-02 0.00000000000000e+00 5.21619214176371e+00
1.53060563111432e+01 3.88949687592098e-02 0.00000000000000e+00 5.40688303397935e+00
1.53060563111432e+01 3.88949687592098e-02 0.00000000000000e+00 5.40688303397935e+00
1.55205376152367e+01 4.08208291706776e-02 0.00000000000000e+00 5.60454510658592e+00
1.55205376152367e+01 4.08208291706776e-02 0.00000000000000e+00 5.60454510658592e+00
1.57380244113309e+01 4.28420473737256e-02 0.00000000000000e+00 5.80943320844106e+00
1.57380244113309e+01 4.28420473737256e-02 0.00000000000000e+00 5.80943320844106e+00
1.59585588149017e+01 4.49633449506455e-02 0.00000000000000e+00 6.02181150503697e+00
1.59585588149017e+01 4.49633449506455e-02 0.00000000000000e+00 6.02181150503697e+00
1.61821835315820e+01 4.71896772699668e-02 0.00000000000000e+00 6.24195381909322e+00
1.61821835315820e+01 4.71896772699668e-02 0.00000000000000e+00 6.24195381909322e+00
1.64089418654324e+01 4.95262450622383e-02 0.00000000000000e+00 6.47014398360070e+00
1.64089418654324e+01 4.95262450622383e-02 0.00000000000000e+00 6.47014398360070e+00
1.66388777273258e+01 5.19785065689771e-02 0.00000000000000e+00 6.70667620777205e+00
1.66388777273258e+01 5.19785065689771e-02 0.00000000000000e+00 6.70667620777205e+00
1.68720356434516e+01 5.45521902931660e-02 0.00000000000000e+00 6.95185545637024e+00
1.68720356434516e+01 5.45521902931660e-02 0.00000000000000e+00 6.95185545637024e+00
1.71084607639371e+01 5.72533083810830e-02 0.00000000000000e+00 7.20599784290456e+00
1.71084607639371e+01 5.72533083810830e-02 0.00000000000000e+00 7.20599784290456e+00
1.73481988715913e+01 6.00881706667245e-02 0.00000000000000e+00 7.46943103720074e+00
1.73481988715913e+01 6.00881706667245e-02 0.00000000000000e+00 7.46943103720074e+00
1.75912963907702e+01 6.30633994116291e-02 0.00000000000000e+00 7.74249468787090e+00
1.75912963907702e+01 6.30633994116291e-02 0.00000000000000e+00 7.74249468787090e+00
1.78378003963671e+01 6.61859447745350e-02 0.00000000000000e+00 8.02554086022791e+00
1.78378003963671e+01 6.61859447745350e-02 0.00000000000000e+00 8.02554086022791e+00
1.80877586229279e+01 6.94631010470077e-02 0.00000000000000e+00 8.31893449020881e+00
1.80877586229279e+01 6.94631010470077e-02 0.00000000000000e+00 8.31893449020881e+00
1.83412194738951e+01 7.29025236929649e-02 0.00000000000000e+00 8.62305385489252e+00
1.83412194738951e+01 7.29025236929649e-02 0.00000000000000e+00 8.62305385489252e+00
1.85982320309809e+01 7.65122472319029e-02 0.00000000000000e+00 8.93829106021850e+00
1.85982320309809e+01 7.65122472319029e-02 0.00000000000000e+00 8.93829106021850e+00
1.88588460636717e+01 8.03007040076002e-02 0.00000000000000e+00 9.26505254653519e+00
1.88588460636717e+01 8.03007040076002e-02 0.00000000000000e+00 9.26505254653519e+00
1.91231120388655e+01 8.42767438861414e-02 0.00000000000000e+00 9.60375961262999e+00
1.91231120388655e+01 8.42767438861414e-02 0.00000000000000e+00 9.60375961262999e+00
1.93910811306449e+01 8.84496549292774e-02 0.00000000000000e+00 9.95484895891656e+00
1.93910811306449e+01 8.84496549292774e-02 0.00000000000000e+00 9.95484895891656e+00
1.96628052301869e+01 9.28291850914131e-02 0.00000000000000e+00 1.03187732504795e+01
1.96628052301869e+01 9.28291850914131e-02 0.00000000000000e+00 1.03187732504795e+01
1.99383369558109e+01 9.74255649909096e-02 0.00000000000000e+00 1.06960017007029e+01
1.99383369558109e+01 9.74255649909096e-02 0.00000000000000e+00 1.06960017007029e+01
2.02177296631685e+01 1.02249531808892e-01 0.00000000000000e+00 1.10870206762342e+01
2.02177296631685e+01 1.02249531808892e-01 0.00000000000000e+00 1.10870206762342e+01
2.05010374555755e+01 1.07312354371392e-01 0.00000000000000e+00 1.14923343240650e+01
2.05010374555755e+01 1.07312354371392e-01 0.00000000000000e+00 1.14923343240650e+01
2.07883151944886e+01 1.12625859473420e-01 0.00000000000000e+00 1.19124652215352e+01
2.07883151944886e+01 1.12625859473420e-01 0.00000000000000e+00 1.19124652215352e+01
2.10796185101294e+01 1.18202459506452e-01 0.00000000000000e+00 1.23479550501009e+01
2.10796185101294e+01 1.18202459506452e-01 0.00000000000000e+00 1.23479550501009e+01
2.13750038122568e+01 1.24055181453881e-01 0.00000000000000e+00 1.27993652937324e+01
2.13750038122568e+01 1.24055181453881e-01 0.00000000000000e+00 1.27993652937324e+01
2.16745283010906e+01 1.30197697322156e-01 0.00000000000000e+00 1.32672779628448e+01
2.16745283010906e+01 1.30197697322156e-01 0.00000000000000e+00 1.32672779628448e+01
2.19782499783881e+01 1.36644356078698e-01 0.00000000000000e+00 1.37522963446930e+01
2.19782499783881e+01 1.36644356078698e-01 0.00000000000000e+00 1.37522963446930e+01
2.22862276586757e+01 1.43410217171212e-01 0.00000000000000e+00 1.42550457811999e+01
2.22862276586757e+01 1.43410217171212e-01 0.00000000000000e+00 1.42550457811999e+01
2.25985209806386e+01 1.50511085706674e-01 0.00000000000000e+00 1.47761744752193e+01
2.25985209806386e+01 1.50511085706674e-01 0.00000000000000e+00 1.47761744752193e+01
2.29151904186691e+01 1.57963549372194e-01 0.00000000000000e+00 1.53163543262746e+01
2.29151904186691e+01 1.57963549372194e-01 0.00000000000000e+00 1.53163543262746e+01
2.32362972945774e+01 1.65785017183987e-01 0.00000000000000e+00 1.58762817968490e+01
2.32362972945774e+01 1.65785017183987e-01 0.00000000000000e+00 1.58762817968490e+01
2.35619037894664e+01 1.73993760154980e-01 0.00000000000000e+00 1.64566788103464e+01
2.35619037894664e+01 1.73993760154980e-01 0.00000000000000e+00 1.64566788103464e+01
2.38920729557729e+01 1.82608953976046e-01 0.00000000000000e+00 1.70582936818780e+01
2.38920729557729e+01 1.82608953976046e-01 0.00000000000000e+00 1.70582936818780e+01
2.42268687294773e+01 1.91650723810576e-01 0.00000000000000e+00 1.76819020830773e+01
2.42268687294773e+01 1.91650723810576e-01 0.00000000000000e+00 1.76819020830773e+01
2.45663559424844e+01 2.01140191307026e-01 0.00000000000000e+00 1.83283080421859e+01
2.45663559424844e+01 2.01140191307026e-01 0.00000000000000e+00 1.83283080421859e+01
2.49106003351784e+01 2.11099523939258e-01 0.00000000000000e+00 1.89983449806997e+01
2.49106003351784e+01 2.11099523939258e-01 0.00000000000000e+00 1.89983449806997e+01
2.52596685691527e+01 2.21551986789947e-01 0.00000000000000e+00 1.96928767879129e+01
2.52596685691527e+01 2.21551986789947e-01 0.00000000000000e+00 1.96928767879129e+01
2.56147253402447e+01 2.32672582511359e-01 0.00000000000000e+00 2.04195287856742e+01
2.56147253402447e+01 2.32672582511359e-01 0.00000000000000e+00 2.04195287856742e+01
2.59762985820527e+01 2.44554064230413e-01 0.00000000000000e+00 2.11821640065174e+01
2.59762985820527e+01 2.44554064230413e-01 0.00000000000000e+00 2.11821640065174e+01
2.63439227754527e+01 2.57153149205562e-01 0.00000000000000e+00 2.19785551201921e+01
2.63439227754527e+01 2.57153149205562e-01 0.00000000000000e+00 2.19785551201921e+01
2.67171258780764e+01 2.70424411576981e-01 0.00000000000000e+00 2.28063933708446e+01
2.67171258780764e+01 2.70424411576981e-01 0.00000000000000e+00 2.28063933708446e+01
2.70954292329015e+01 2.84320176251389e-01 5.94828132436162e-03 2.36632856003021e+01
2.70954292329015e+01 2.84320176251389e-01 5.94828132436162e-03 2.36632856003021e+01
2.74783474755620e+01 2.98790407532635e-01 1.09553886386546e-01 2.45467511625357e+01
2.74783474755620e+01 2.98790407532635e-01 1.09553886386546e-01 2.45467511625357e+01
2.78653884403592e+01 3.13782592237908e-01 2.13159491448731e-01 2.54542187253240e+01
2.78653884403592e+01 3.13782592237908e-01 2.13159491448731e-01 2.54542187253240e+01
2.82560530649556e+01 3.29241617026506e-01 3.16765096510917e-01 2.63830229549937e+01
2.82560530649556e+01 3.29241617026506e-01 3.16765096510917e-01 2.63830229549937e+01
2.86452261217925e+01 3.42721657655607e-01 4.18088853652605e-01 2.73273675783984e+01
2.86452261217925e+01 3.42721657655607e-01 4.18088853652605e-01 2.73273675783984e+01
2.90310095779565e+01 3.53444507420606e-01 5.16445151808687e-01 2.82834773687237e+01
2.90310095779565e+01 3.53444507420606e-01 5.16445151808687e-01 2.82834773687237e+01
2.94117859957835e+01 3.61195868607877e-01 6.11833990979162e-01 2.92416540111607e+01
2.94117859957835e+01 3.61195868607877e-01 6.11833990979162e-01 2.92416540111607e+01
2.97865683556499e+01 3.65841747358393e-01 7.04255371164032e-01 3.01958856967966e+01
2.97865683556499e+01 3.65841747358393e-01 7.04255371164032e-01 3.01958856967966e+01
3.01553566575557e+01 3.67382143672157e-01 7.93709292363294e-01 3.11461724256314e+01
3.01553566575557e+01 3.67382143672157e-01 7.93709292363294e-01 3.11461724256314e+01
3.05181509015010e+01 3.65817057549166e-01 8.80195754576950e-01 3.20925141976651e+01
3.05181509015010e+01 3.65817057549166e-01 8.80195754576950e-01 3.20925141976651e+01
3.08749510874857e+01 3.61146488989422e-01 9.63714757805000e-01 3.30349110128976e+01
3.08749510874857e+01 3.61146488989422e-01 9.63714757805000e-01 3.30349110128976e+01
3.12257572155099e+01 3.53370437992924e-01 1.04426630204744e+00 3.39733628713290e+01
3.12257572155099e+01 3.53370437992924e-01 1.04426630204744e+00 3.39733628713290e+01
3.17355245782884e+01 3.59112235356669e-01 1.11128490556211e+00 3.51362401223416e+01
3.17355245782884e+01 3.59112235356669e-01 1.11128490556211e+00 3.51362401223416e+01
3.24075336097007e+01 3.78702466032735e-01 1.16456045466491e+00 3.65280843227344e+01
3.24075336097007e+01 3.78702466032735e-01 1.16456045466491e+00 3.65280843227344e+01
3.32463934816879e+01 4.14529112020140e-01 1.20637479727634e+00 3.81519289740714e+01
3.32463934816879e+01 4.14529112020140e-01 1.20637479727634e+00 3.81519289740714e+01
3.42534890802695e+01 4.67309673756621e-01 1.23741354446152e+00 4.00086855315898e+01
3.42534890802695e+01 4.67309673756621e-01 1.23741354446152e+00 4.00086855315898e+01
3.54288204054455e+01 5.37044151242177e-01 1.25767669622045e+00 4.20983539952897e+01
3.54288204054455e+01 5.37044151242177e-01 1.25767669622045e+00 4.20983539952897e+01
3.67723874572158e+01 6.23732544476810e-01 1.26716425255312e+00 4.44209343651710e+01
3.67723874572158e+01 6.23732544476810e-01 1.26716425255312e+00 4.44209343651710e+01
3.82841902355805e+01 7.27374853460518e-01 1.26587621345954e+00 4.69764266412339e+01
3.82841902355805e+01 7.27374853460518e-01 1.26587621345954e+00 4.69764266412339e+01
3.99586304958766e+01 8.47983536759333e-01 1.25809911408309e+00 4.97299306254381e+01
3.99586304958766e+01 8.47983536759333e-01 1.25809911408309e+00 4.97299306254381e+01
4.17721558032853e+01 9.85611008939252e-01 1.26186688213480e+00 5.25346173224524e+01
4.17721558032853e+01 9.85611008939252e-01 1.26186688213480e+00 5.25346173224524e+01
4.37247661578068e+01 1.14025727000028e+00 1.27717951761467e+00 5.53904867322769e+01
4.37247661578068e+01 1.14025727000028e+00 1.27717951761467e+00 5.53904867322769e+01
4.56515062667262e+01 1.29529898914541e+00 1.31460250226487e+00 5.80691685055292e+01
4.56515062667262e+01 1.29529898914541e+00 1.31460250226487e+00 5.80691685055292e+01
4.75490956961639e+01 1.45040558142257e+00 1.37434594976950e+00 6.05661210854102e+01
4.75490956961639e+01 1.45040558142257e+00 1.37434594976950e+00 6.05661210854102e+01
4.94175344461199e+01 1.60557704683176e+00 1.45640986012853e+00 6.28813444719199e+01
4.94175344461199e+01 1.60557704683176e+00 1.45640986012853e+00 6.28813444719199e+01
5.12568225165943e+01 1.76081338537298e+00 1.56079423334199e+00 6.50148386650582e+01
5.12568225165943e+01 1.76081338537298e+00 1.56079423334199e+00 6.50148386650582e+01
5.30669599075870e+01 1.91611459704622e+00 1.68749906940986e+00 6.69666036648251e+01
5.30669599075870e+01 1.91611459704622e+00 1.68749906940986e+00 6.69666036648251e+01
5.48316350264874e+01 2.06836700395814e+00 1.83642961060647e+00 6.87511001422418e+01
5.48316350264874e+01 2.06836700395814e+00 1.83642961060647e+00 6.87511001422418e+01
5.65267431399255e+01 2.21296931565167e+00 2.00744582709128e+00 7.03896975998228e+01
5.65267431399255e+01 2.21296931565167e+00 2.00744582709128e+00 7.03896975998228e+01
5.81578824925644e+01 2.34990907356077e+00 2.19626118372092e+00 7.19172962356083e+01
5.81578824925644e+01 2.34990907356077e+00 2.19626118372092e+00 7.19172962356083e+01
5.97486055192228e+01 2.47913386311945e+00 2.38484175278435e+00 7.34807250449294e+01
5.97486055192228e+01 2.47913386311945e+00 2.38484175278435e+00 7.34807250449294e+01
6.12989122199006e+01 2.60064368432771e+00 2.57318753428156e+00 7.50799840277862e+01
6.12989122199006e+01 2.60064368432771e+00 2.57318753428156e+00 7.50799840277862e+01
6.28088025945978e+01 2.71443853718555e+00 2.76129852821257e+00 7.67150731841787e+01
6.28088025945978e+01 2.71443853718555e+00 2.76129852821257e+00 7.67150731841787e+01
6.42782766433145e+01 2.82051842169296e+00 2.94917473457736e+00 7.83859925141070e+01
6.42782766433145e+01 2.82051842169296e+00 2.94917473457736e+00 7.83859925141070e+01
6.57073343660505e+01 2.91888333784996e+00 3.13681615337595e+00 8.00927420175709e+01
6.57073343660505e+01 2.91888333784996e+00 3.13681615337595e+00 8.00927420175709e+01
6.70732625685198e+01 3.03029426570659e+00 3.32401633298319e+00 8.18184618629512e+01
6.70732625685198e+01 3.03029426570659e+00 3.32401633298319e+00 8.18184618629512e+01
6.83618504258262e+01 3.16774060025720e+00 3.51064610407764e+00 8.35526034628542e+01
6.83618504258262e+01 3.16774060025720e+00 3.51064610407764e+00 8.35526034628542e+01
6.95894095305802e+01 3.33433601939514e+00 3.69680022438495e+00 8.52807061462587e+01
6.95894095305802e+01 3.33433601939514e+00 3.69680022438495e+00 8.52807061462587e+01
7.07800446161519e+01 3.53468181357747e+00 3.88261872374567e+00 8.69814004106502e+01
7.07800446161519e+01 3.53468181357747e+00 3.88261872374567e+00 8.69814004106502e+01
7.19337556825411e+01 3.76877798280419e+00 4.06810160215980e+00 8.86546862560286e+01
7.19337556825411e+01 3.76877798280419e+00 4.06810160215980e+00 8.86546862560286e+01
7.30505427297479e+01 4.03662452707531e+00 4.25324885962733e+00 9.03005636823939e+01
7.30505427297479e+01 4.03662452707531e+00 4.25324885962733e+00 9.03005636823939e+01
7.41304057577723e+01 4.33822144639082e+00 4.43806049614826e+00 9.19190326897462e+01
7.41304057577723e+01 4.33822144639082e+00 4.43806049614826e+00 9.19190326897462e+01
7.51733447666143e+01 4.67356874075073e+00 4.62253651172261e+00 9.35100932780854e+01
7.51733447666143e+01 4.67356874075073e+00 4.62253651172261e+00 9.35100932780854e+01
7.62071063248569e+01 5.04982079147537e+00 4.80402076314467e+00 9.50549382248833e+01
7.62071063248569e+01 5.04982079147537e+00 4.80402076314467e+00 9.50549382248833e+01
7.72375078244100e+01 5.46847759810122e+00 4.98195635899382e+00 9.65496243764540e+01
7.72375078244100e+01 5.46847759810122e+00 4.98195635899382e+00 9.65496243764540e+01
7.82872624595598e+01 5.90877818057820e+00 5.15654975089519e+00 9.80110115644166e+01
7.82872624595598e+01 5.90877818057820e+00 5.15654975089519e+00 9.80110115644166e+01
7.93705810552025e+01 6.35773314391199e+00 5.32793010817023e+00 9.94496483761651e+01
7.93705810552025e+01 6.35773314391199e+00 5.32793010817023e+00 9.94496483761651e+01
8.04874636113381e+01 6.81534248810258e+00 5.49609743081894e+00 1.00865534811699e+02
8.04874636113381e+01 6.81534248810258e+00 5.49609743081894e+00 1.00865534811699e+02
8.16379101279666e+01 7.28160621314998e+00 5.66105171884133e+00 1.02258670871020e+02
8.16379101279666e+01 7.28160621314998e+00 5.66105171884133e+00 1.02258670871020e+02
8.28219206050880e+01 7.75652431905418e+00 5.82279297223740e+00 1.03629056554126e+02
8.28219206050880e+01 7.75652431905418e+00 5.82279297223740e+00 1.03629056554126e+02
8.40339091796969e+01 8.24092254525733e+00 5.98273854929994e+00 1.04975270255159e+02
8.40339091796969e+01 8.24092254525733e+00 5.98273854929994e+00 1.04975270255159e+02
8.51333173604640e+01 8.75557918333356e+00 6.17655379719474e+00 1.06261539744392e+02
8.51333173604640e+01 8.75557918333356e+00 6.17655379719474e+00 1.06261539744392e+02
8.61201451473892e+01 9.30049423328287e+00 6.40423871592178e+00 1.07487865021822e+02
8.61201451473892e+01 9.30049423328287e+00 6.40423871592178e+00 1.07487865021822e+02
8.69666459718896e+01 9.86851331378490e+00 6.66844944868676e+00 1.08673053309980e+02
8.69666459718896e+01 9.86851331378490e+00 6.66844944868676e+00 1.08673053309980e+02
8.76670024420552e+01 1.04581364253032e+01 6.96974288691032e+00 1.09821047762550e+02
8.76670024420552e+01 1.04581364253032e+01 6.96974288691032e+00 1.09821047762550e+02
8.82212145578862e+01 1.10693635678378e+01 7.30811903059245e+00 1.10931848379533e+02
8.82212145578862e+01 1.10693635678378e+01 7.30811903059245e+00 1.10931848379533e+02
8.86292823193823e+01 1.17021947413886e+01 7.68357787973316e+00 1.12005455160928e+02
8.86292823193823e+01 1.17021947413886e+01 7.68357787973316e+00 1.12005455160928e+02
8.88912057265438e+01 1.23566299459557e+01 8.09611943433244e+00 1.13041868106736e+02
8.88912057265438e+01 1.23566299459557e+01 8.09611943433244e+00 1.13041868106736e+02
8.89982502332673e+01 1.30343681877017e+01 8.54586564512048e+00 1.14024286229668e+02
8.89982502332673e+01 1.30343681877017e+01 8.54586564512048e+00 1.14024286229668e+02
8.89241794209145e+01 1.37405128614019e+01 9.03318282196302e+00 1.14902243514567e+02
8.89241794209145e+01 1.37405128614019e+01 9.03318282196302e+00 1.14902243514567e+02
8.86745791524907e+01 1.44742382276144e+01 9.55665360656726e+00 1.15677161567291e+02
8.86745791524907e+01 1.44742382276144e+01 9.55665360656726e+00 1.15677161567291e+02
8.83900079193252e+01 1.52147659947649e+01 1.00806126517674e+01 1.16384812617568e+02
8.83900079193252e+01 1.52147659947649e+01 1.00806126517674e+01 1.16384812617568e+02
8.80704657214181e+01 1.59620961628536e+01 1.06050599575635e+01 1.17025196665400e+02
8.80704657214181e+01 1.59620961628536e+01 1.06050599575635e+01 1.17025196665400e+02
8.77159525587694e+01 1.67162287318803e+01 1.11299955239555e+01 1.17598313710786e+02
8.77159525587694e+01 1.67162287318803e+01 1.11299955239555e+01 1.17598313710786e+02
8.73264684313791e+01 1.74771637018450e+01 1.16554193509434e+01 1.18104163753726e+02
8.73264684313791e+01 1.74771637018450e+01 1.16554193509434e+01 1.18104163753726e+02
8.69020133392471e+01 1.82449010727479e+01 1.21813314385273e+01 1.18542746794220e+02
8.69020133392471e+01 1.82449010727479e+01 1.21813314385273e+01 1.18542746794220e+02
8.64353502766437e+01 1.90178430595161e+01 1.27063717069650e+01 1.18891648628736e+02
8.64353502766437e+01 1.90178430595161e+01 1.27063717069650e+01 1.18891648628736e+02
8.59180282970623e+01 1.97941238634089e+01 1.32289519357170e+01 1.19124695278409e+02
8.59180282970623e+01 1.97941238634089e+01 1.32289519357170e+01 1.19124695278409e+02
8.53587819466060e+01 2.05720444782636e+01 1.37489501740531e+01 1.19258687730525e+02
8.53587819466060e+01 2.05720444782636e+01 1.37489501740531e+01 1.19258687730525e+02
8.47838476439134e+01 2.13465015093049e+01 1.42660001121076e+01 1.19344092000243e+02
8.47838476439134e+01 2.13465015093049e+01 1.42660001121076e+01 1.19344092000243e+02
8.41932253889843e+01 2.21174949565326e+01 1.47801017498805e+01 1.19380908087562e+02
8.41932253889843e+01 2.21174949565326e+01 1.47801017498805e+01 1.19380908087562e+02
8.35869151818189e+01 2.28850248199467e+01 1.52912550873717e+01 1.19369135992483e+02
8.35869151818189e+01 2.28850248199467e+01 1.52912550873717e+01 1.19369135992483e+02
8.29649170224171e+01 2.36490910995473e+01 1.57994601245814e+01 1.19308775715006e+02
8.29649170224171e+01 2.36490910995473e+01 1.57994601245814e+01 1.19308775715006e+02
8.23272309107789e+01 2.44096937953344e+01 1.63047168615094e+01 1.19199827255130e+02
8.23272309107789e+01 2.44096937953344e+01 1.63047168615094e+01 1.19199827255130e+02
8.16108440416126e+01 2.51201032662681e+01 1.67799377653017e+01 1.18935640965690e+02
8.16108440416126e+01 2.51201032662681e+01 1.67799377653017e+01 1.18935640965690e+02
8.07851191631837e+01 2.57575992451050e+01 1.72119526944439e+01 1.18464363067560e+02
8.07851191631837e+01 2.57575992451050e+01 1.72119526944439e+01 1.18464363067560e+02
7.98572932812220e+01 2.63237795169176e+01 1.76021217286780e+01 1.17808407764272e+02
7.98572932812220e+01 2.63237795169176e+01 1.76021217286780e+01 1.17808407764272e+02
7.88358173422341e+01 2.68205098804469e+01 1.79520330885436e+01 1.16993949034692e+02
7.88358173422341e+01 2.68205098804469e+01 1.79520330885436e+01 1.16993949034692e+02
7.77206913462201e+01 2.72477903356927e+01 1.82616867740407e+01 1.16020986878822e+02
7.77206913462201e+01 2.72477903356927e+01 1.82616867740407e+01 1.16020986878822e+02
7.65119152931799e+01 2.76056208826552e+01 1.85310827851692e+01 1.14889521296661e+02
7.65119152931799e+01 2.76056208826552e+01 1.85310827851692e+01 1.14889521296661e+02
7.52094891831135e+01 2.78940015213344e+01 1.87602211219292e+01 1.13599552288208e+02
7.52094891831135e+01 2.78940015213344e+01 1.87602211219292e+01 1.13599552288208e+02
7.38134130160209e+01 2.81129322517301e+01 1.89491017843208e+01 1.12151079853464e+02
7.38134130160209e+01 2.81129322517301e+01 1.89491017843208e+01 1.12151079853464e+02
7.23088212738194e+01 2.82018462075685e+01 1.90772298238418e+01 1.10494789627959e+02
7.23088212738194e+01 2.82018462075685e+01 1.90772298238418e+01 1.10494789627959e+02
7.06937708454802e+01 2.81528265342080e+01 1.91419262917841e+01 1.08624235601204e+02
7.06937708454802e+01 2.81528265342080e+01 1.91419262917841e+01 1.08624235601204e+02
6.90312745362951e+01 2.80126028726885e+01 1.91702787210017e+01 1.06646067420365e+02
6.90312745362951e+01 2.80126028726885e+01 1.91702787210017e+01 1.06646067420365e+02
6.73519695979984e+01 2.78038954902536e+01 1.91754572530090e+01 1.04612138864568e+02
6.73519695979984e+01 2.78038954902536e+01 1.91754572530090e+01 1.04612138864568e+02
6.56558560305903e+01 2.75267043869032e+01 1.91574618878061e+01 1.02522449933811e+02
6.56558560305903e+01 2.75267043869032e+01 1.91574618878061e+01 1.02522449933811e+02
6.39429338340707e+01 2.71810295626373e+01 1.91162926253929e+01 1.00377000628096e+02
6.39429338340707e+01 2.71810295626373e+01 1.91162926253929e+01 1.00377000628096e+02
6.22132030084396e+01 2.67668710174561e+01 1.90519494657694e+01 9.81757909474216e+01
6.22132030084396e+01 2.67668710174561e+01 1.90519494657694e+01 9.81757909474216e+01
6.04661259856428e+01 2.62804872686272e+01 1.89610275271438e+01 9.59261423391839e+01
6.04661259856428e+01 2.62804872686272e+01 1.89610275271438e+01 9.59261423391839e+01
5.86966372884643e+01 2.56866225092151e+01 1.88114427766106e+01 9.36970444404714e+01
5.86966372884643e+01 2.56866225092151e+01 1.88114427766106e+01 9.36970444404714e+01
5.69047369169043e+01 2.49852767392196e+01 1.86031952141698e+01 9.14884972512839e+01
5.69047369169043e+01 2.49852767392196e+01 1.86031952141698e+01 9.14884972512839e+01
5.51052903890453e+01 2.42370168249150e+01 1.83567797883234e+01 8.93498151360921e+01
5.51052903890453e+01 2.42370168249150e+01 1.83567797883234e+01 8.93498151360921e+01
5.33002408159163e+01 2.34497596209425e+01 1.80748754477796e+01 8.72874441053842e+01
5.33002408159163e+01 2.34497596209425e+01 1.80748754477796e+01 8.72874441053842e+01
5.14895881975171e+01 2.26235051273021e+01 1.77574821925384e+01 8.53013841591603e+01
5.14895881975171e+01 2.26235051273021e+01 1.77574821925384e+01 8.53013841591603e+01
4.96733325338477e+01 2.17582533439939e+01 1.74046000225999e+01 8.33916352974203e+01
4.96733325338477e+01 2.17582533439939e+01 1.74046000225999e+01 8.33916352974203e+01
4.78514738249082e+01 2.08540042710178e+01 1.70162289379640e+01 8.15581975201642e+01
4.78514738249082e+01 2.08540042710178e+01 1.70162289379640e+01 8.15581975201642e+01
4.60262240770767e+01 1.99143081668701e+01 1.65862173896034e+01 7.97701553108827e+01
4.60262240770767e+01 1.99143081668701e+01 1.65862173896034e+01 7.97701553108827e+01
4.42025651226157e+01 1.89471608458895e+01 1.61007109936830e+01 7.79578814211759e+01
4.42025651226157e+01 1.89471608458895e+01 1.61007109936830e+01 7.79578814211759e+01
4.23810345295794e+01 1.79563037908082e+01 1.55631146319949e+01 7.61140544036485e+01
4.23810345295794e+01 1.79563037908082e+01 1.55631146319949e+01 7.61140544036485e+01
4.05666977751837e+01 1.69769928085618e+01 1.50055123374443e+01 7.41696846212120e+01
4.05666977751837e+01 1.69769928085618e+01 1.50055123374443e+01 7.41696846212120e+01
3.87595548594286e+01 1.60092278991503e+01 1.44279041100314e+01 7.21247720738663e+01
3.87595548594286e+01 1.60092278991503e+01 1.44279041100314e+01 7.21247720738663e+01
3.69596057823142e+01 1.50530090625739e+01 1.38302899497562e+01 6.99793167616113e+01
3.69596057823142e+01 1.50530090625739e+01 1.38302899497562e+01 6.99793167616113e+01
3.51668505438403e+01 1.41083362988324e+01 1.32126698566186e+01 6.77333186844473e+01
3.51668505438403e+01 1.41083362988324e+01 1.32126698566186e+01 6.77333186844473e+01
3.33812891440071e+01 1.31752096079259e+01 1.25750438306187e+01 6.53867778423740e+01
3.33812891440071e+01 1.31752096079259e+01 1.25750438306187e+01 6.53867778423740e+01
3.16133008155571e+01 1.22681220427032e+01 1.19241512944133e+01 6.29284465625164e+01
3.16133008155571e+01 1.22681220427032e+01 1.19241512944133e+01 6.29284465625164e+01
2.98725036778860e+01 1.14005038745695e+01 1.12662374660626e+01 6.03479019684130e+01
2.98725036778860e+01 1.14005038745695e+01 1.12662374660626e+01 6.03479019684130e+01
2.81566857246157e+01 1.05688048450286e+01 1.06074538945939e+01 5.76760595765733e+01
2.81566857246157e+01 1.05688048450286e+01 1.06074538945939e+01 5.76760595765733e+01
2.64608651234836e+01 9.76502913974180e+00 9.96165496384220e+00 5.49825466353970e+01
2.64608651234836e+01 9.76502913974180e+00 9.96165496384220e+00 5.49825466353970e+01
2.47850418744899e+01 8.98917675870900e+00 9.32884067380748e+00 5.22673631448842e+01
2.47850418744899e+01 8.98917675870900e+00 9.32884067380748e+00 5.22673631448842e+01
2.31292159776346e+01 8.24124770193023e+00 8.70901102448974e+00 4.95305091050348e+01
2.31292159776346e+01 8.24124770193023e+00 8.70901102448974e+00 4.95305091050348e+01
2.14933874329175e+01 7.52124196940549e+00 8.10216601588898e+00 4.67719845158489e+01
2.14933874329175e+01 7.52124196940549e+00 8.10216601588898e+00 4.67719845158489e+01
1.98775562403387e+01 6.82915956113478e+00 7.50830564800520e+00 4.39917893773264e+01
1.98775562403387e+01 6.82915956113478e+00 7.50830564800520e+00 4.39917893773264e+01
1.83265936060842e+01 6.18638522928203e+00 6.94621016808262e+00 4.12496287885636e+01
1.83265936060842e+01 6.18638522928203e+00 6.94621016808262e+00 4.12496287885636e+01
1.68570473963738e+01 5.60080536799699e+00 6.42280546569256e+00 3.85675211456874e+01
1.68570473963738e+01 5.60080536799699e+00 6.42280546569256e+00 3.85675211456874e+01
1.54585383784650e+01 5.05792692443076e+00 5.93135211817808e+00 3.59567141215732e+01
1.54585383784650e+01 5.05792692443076e+00 5.93135211817808e+00 3.59567141215732e+01
1.41214484329620e+01 4.54431962717821e+00 5.46560490747915e+00 3.34276305926823e+01
1.41214484329620e+01 4.54431962717821e+00 5.46560490747915e+00 3.34276305926823e+01
1.28457775598649e+01 4.05998347623932e+00 5.02556383359576e+00 3.09802705590146e+01
1.28457775598649e+01 4.05998347623932e+00 5.02556383359576e+00 3.09802705590146e+01
1.16315257591736e+01 3.60491847161410e+00 4.61122889652792e+00 2.86146340205701e+01
1.16315257591736e+01 3.60491847161410e+00 4.61122889652792e+00 2.86146340205701e+01
1.04786930308882e+01 3.17912461330254e+00 4.22260009627562e+00 2.63307209773489e+01
1.04786930308882e+01 3.17912461330254e+00 4.22260009627562e+00 2.63307209773489e+01
9.38727937500859e+00 2.78260190130465e+00 3.85967743283887e+00 2.41285314293509e+01
9.38727937500859e+00 2.78260190130465e+00 3.85967743283887e+00 2.41285314293509e+01
8.40116876857531e+00 2.43480955924510e+00 3.53488865949023e+00 2.21007281724219e+01
8.40116876857531e+00 2.43480955924510e+00 3.53488865949023e+00 2.21007281724219e+01
7.52305733367988e+00 2.13694311328711e+00 3.24899730639280e+00 2.02530041776141e+01
7.52305733367988e+00 2.13694311328711e+00 3.24899730639280e+00 2.02530041776141e+01
6.70807386413644e+00 1.86761781126677e+00 2.98322312630234e+00 1.85256543458311e+01
6.70807386413644e+00 1.86761781126677e+00 2.98322312630234e+00 1.85256543458311e+01
5.93967049372502e+00 1.61894725903433e+00 2.73064022964754e+00 1.68966602809460e+01
5.93967049372502e+00 1.61894725903433e+00 2.73064022964754e+00 1.68966602809460e+01
5.21784722244562e+00 1.39093145658980e+00 2.49124861642839e+00 1.53660219829589e+01
5.21784722244562e+00 1.39093145658980e+00 2.49124861642839e+00 1.53660219829589e+01
4.54260405029823e+00 1.18357040393316e+00 2.26504828664489e+00 1.39337394518696e+01
4.54260405029823e+00 1.18357040393316e+00 2.26504828664489e+00 1.39337394518696e+01
3.91394097728286e+00 9.96864101064435e-01 2.05203924029705e+00 1.25998126876783e+01
3.91394097728286e+00 9.96864101064435e-01 2.05203924029705e+00 1.25998126876783e+01
3.33717402992109e+00 8.32202183264582e-01 1.85318450910736e+00 1.13698408783197e+01
3.33717402992109e+00 8.32202183264582e-01 1.85318450910736e+00 1.13698408783197e+01
2.84158260750075e+00 6.97238428424074e-01 1.67378824086654e+00 1.02746630082432e+01
2.84158260750075e+00 6.97238428424074e-01 1.67378824086654e+00 1.02746630082432e+01
2.42716671002185e+00 5.91972836542910e-01 1.51385043557460e+00 9.31427907744873e+00
2.42716671002185e+00 5.91972836542910e-01 1.51385043557460e+00 9.31427907744873e+00
2.05004236044389e+00 4.96946183996421e-01 1.36094333995895e+00 8.39602629009061e+00
2.05004236044389e+00 4.96946183996421e-01 1.36094333995895e+00 8.39602629009061e+00
1.70751343667536e+00 4.10962944621374e-01 1.21430342385652e+00 7.51421167511669e+00
1.70751343667536e+00 4.10962944621374e-01 1.21430342385652e+00 7.51421167511669e+00
1.39957993871623e+00 3.34023118417769e-01 1.07393068726731e+00 6.66883523252697e+00
1.39957993871623e+00 3.34023118417769e-01 1.07393068726731e+00 6.66883523252697e+00
1.12624186656653e+00 2.66126705385605e-01 9.39825130191321e-01 5.85989696232143e+00
1.12624186656653e+00 2.66126705385605e-01 9.39825130191321e-01 5.85989696232143e+00
8.87499220226236e-01 2.07273705524883e-01 8.11986752628548e-01 5.08739686450009e+00
8.87499220226236e-01 2.07273705524883e-01 8.11986752628548e-01 5.08739686450009e+00
6.88127498478825e-01 1.58612929012680e-01 6.93375836015345e-01 4.36852759912290e+00
6.88127498478825e-01 1.58612929012680e-01 6.93375836015345e-01 4.36852759912290e+00
5.36427351690629e-01 1.22141208441694e-01 5.89137866153987e-01 3.73317301005535e+00
5.36427351690629e-01 1.22141208441694e-01 5.89137866153987e-01 3.73317301005535e+00
4.27082753340059e-01 9.64689085309523e-02 4.98309811321977e-01 3.17573390936261e+00
4.27082753340059e-01 9.64689085309523e-02 4.98309811321977e-01 3.17573390936261e+00
3.30814304139287e-01 7.39422513899850e-02 4.15587523728593e-01 2.66537131259531e+00
3.30814304139287e-01 7.39422513899850e-02 4.15587523728593e-01 2.66537131259531e+00
2.47622004088311e-01 5.45612370187926e-02 3.40971003373836e-01 2.20208521975345e+00
2.47622004088311e-01 5.45612370187926e-02 3.40971003373836e-01 2.20208521975345e+00
1.77505853187133e-01 3.83258654173750e-02 2.74460250257707e-01 1.78587563083704e+00
1.77505853187133e-01 3.83258654173750e-02 2.74460250257707e-01 1.78587563083704e+00
1.20465851435751e-01 2.52361365857322e-02 2.16055264380205e-01 1.41674254584607e+00
1.20465851435751e-01 2.52361365857322e-02 2.16055264380205e-01 1.41674254584607e+00
7.65019988341663e-02 1.52920505238641e-02 1.65756045741330e-01 1.09468596478055e+00
7.65019988341663e-02 1.52920505238641e-02 1.65756045741330e-01 1.09468596478055e+00
4.61628376518205e-02 8.58911533619316e-03 1.25153315146750e-01 8.30918015149189e-01
4.61628376518205e-02 8.58911533619316e-03 1.25153315146750e-01 8.30918015149189e-01
2.98509160128376e-02 5.19741971125922e-03 9.54144241607852e-02 6.33666724485155e-01
2.98509160128376e-02 5.19741971125922e-03 9.54144241607852e-02 6.33666724485155e-01
2.27907351337523e-02 3.96815347198426e-03 7.35790913470814e-02 4.85739432728488e-01
2.27907351337523e-02 3.96815347198426e-03 7.35790913470814e-02 4.85739432728488e-01
1.66816446482328e-02 2.90448402567146e-03 5.45018309033641e-02 3.57252296013703e-01
1.66816446482328e-02 2.90448402567146e-03 5.45018309033641e-02 3.57252296013703e-01
1.36508948795135e-02 2.37679239366050e-03 4.50322053102195e-02 2.93495103828091e-01
1.36508948795135e-02 2.37679239366050e-03 4.50322053102195e-02 2.93495103828091e-01
7.58939534207484e-03 1.32140912963860e-03 2.60929541239305e-02 1.65980719456868e-01
7.58939534207484e-03 1.32140912963860e-03 2.60929541239305e-02 1.65980719456868e-01
1.52789580463619e-03 2.66025865616696e-04 7.15370293764150e-03 3.84663350856456e-02
1.52789580463619e-03 2.66025865616696e-04 7.15370293764150e-03 3.84663350856456e-02
0.00000000000000e+00 0.00000000000000e+00 0.00000000000000e+00 0.00000000000000e+00
0.00000000000000e+00 0.00000000000000e+00 0.00000000000000e+00 0.00000000000000e+00
0.00000000000000e+00 0.00000000000000e+00 0.00000000000000e+00 0.00000000000000e+00
0.00000000000000e+00 0.00000000000000e+00 0.00000000000000e+00 0.00000000000000e+00
---