PdfType: central
Format: lhagrid1
---
0.001  0.001039345108679769  0.00108023825493656  0.001122740346477083  0.0011669146874283855  0.001212827072625273  0.0012605458856074806  0.0013101422004725427  0.0013616898877360855  0.0014152657243572044  0.0014709495080927908  0.0015288241763511529  0.0015889759297219475  0.0016514943603663948  0.0017164725854590347  0.0017840073858797646  0.0018541993503627147  0.0019271530253166913  0.0020029770705403223  0.0020817844210638168  0.0021636924553584207  0.0022488231701640942  0.0023373033621957836  0.002429264816998964  0.0025248445052357274  0.002624184786693745  0.0027274336223220047  0.0028347447946091204  0.002946278136632426  0.0030621997701190534  0.0031826823528735516  0.003307905335940545  0.00343805523088551  0.0035733258875917493  0.0037139187829872754  0.0038600433211317454  0.004011917145110291  0.004169766461198885  0.004333826375784006  0.004504341245538478  0.004681565041374952  0.0048657617267192565  0.005057205650666887  0.005256181956608318  0.0054629870069317086  0.005677928824435604  0.00590132755110901  0.00613351592496231  0.006374839775619047  0.006625658539406893  0.0068863457947148906  0.0071572898184144185  0.007438894164172531  0.0077315782635192  0.008035778050563503  0.008351946611289428  0.008680554858398231  0.009022092232702608  0.009377067432117183  0.009746009169331356  0.010129466959292725  0.010528011937674223  0.010942237711543916  0.01137276124350448  0.011820223770619224  0.012285291759493422  0.012768657898933363  0.013271042131661682  0.013793192726625698  0.014335887393495787  0.014899934441013804  0.01548617398091692  0.016095479179229908  0.01672875755678966  0.017386952340939052  0.018071043870403265  0.018782051055441146  0.01952103289544644  0.02028909005625913  0.021087366509536257  0.021917051236624074  0.022779379999469117  0.023675637181205977  0.024607157699163294  0.02557532899313709  0.026581593091892907  0.02762744876097482  0.02871445373502013  0.02984422703790468  0.03101845139417473  0.03223887573535667  0.03350731780487783  0.0348256668654783  0.036195886513145974  0.037620017601766274  0.039100181282842573  0.04063858216481469  0.04223751159668103  0.043899351080815434  0.04562657582006143  0.047421758404387476  0.049287572642593834  0.05122679754477868  0.053242321461494525  0.0553371463857602  0.0575143924243362  0.059777302444922596  0.062129246906201474  0.06457372887791815  0.06711438925847778  0.06975501219782888  0.07249953073371104  0.07535203264966117  0.07831676656350356  0.08139814825539268  0.08460076724483306  0.08792939362647283  0.09138898517485256  0.09498469472869094  0.09872187786570592  0.10260610087940301  0.10664314906971037  0.11083903535981095  0.11520000925200348  0.11973256613593385  0.1244434569630598  0.12933969830175757  0.13442858278804865  0.13971768998751175  0.1452148976845567  0.15092839361587698  0.15686668766555661  0.16303862453999335  0.16945339694151929  0.17612055926033943  0.1830500418051792  0.19025216559384006  0.19773765772569113  0.20551766735899143  0.21360378231684338  0.22200804634650934  0.23074297705779595  0.23982158456722816  0.2492573908757802  0.25906445000902345  0.2692573689496928  0.2798513293938472  0.290862110363026  0.30230611170608596  0.3142003785257203  0.32656262656603935  0.3394112685990307  0.3527654418491979  0.36664503649722135  0.38107072530510205  0.39606399440690976  0.41164717531099304  0.4278434781613236  0.4446770263075113  0.46217289223497693  0.48035713490880483  0.4992568385868943  0.5189001531602135  0.5393163360802504  0.5605357959361028  0.5825901377461097  0.6055122100314914  0.6293361537421076  0.6540974531071988  0.679832988486861  0.7065810913029688  0.734381601131354  0.7632759250402892  0.7933070992636506  0.8245198533006114  0.8569606765373503  0.8906778874900009  0.9257217057719621  0.9621443268927803  1.0  
0.1e+001 0.1e+007
-14 -12 12 14
4.15956415429565e+02 2.60601092150628e+00 3.58341309936548e+00 4.25717826915428e+02
4.15956415429565e+02 2.60601092150628e+00 3.58341309936548e+00 4.25717826915428e+02
4.32284048714878e+02 2.86675895186354e+00 3.89723631900598e+00 4.43594859019608e+02
4.32284048714878e+02 2.86675895186354e+00 3.89723631900598e+00 4.43594859019608e+02
4.48611682000192e+02 3.12750698222081e+00 4.21105953864647e+00 4.61471891123789e+02
4.48611682000192e+02 3.12750698222081e+00 4.21105953864647e+00 4.61471891123789e+02
4.64939315285505e+02 3.38825501257807e+00 4.52488275828697e+00 4.79348923227969e+02
4.64939315285505e+02 3.38825501257807e+00 4.52488275828697e+00 4.79348923227969e+02
4.81266948570819e+02 3.64900304293533e+00 4.83870597792746e+00 4.97225955332150e+02
4.81266948570819e+02 3.64900304293533e+00 4.83870597792746e+00 4.97225955332150e+02
5.06065522461282e+02 4.05159834144164e+00 5.32175164621278e+00 5.24399968312568e+02
5.06065522461282e+02 4.05159834144164e+00 5.32175164621278e+00 5.24399968312568e+02
5.23265661308207e+02 4.34342720187981e+00 5.66917705098741e+00 5.43292432228946e+02
5.23265661308207e+02 4.34342720187981e+00 5.66917705098741e+00 5.43292432228946e+02
5.41050397926017e+02 4.65627593561428e+00 6.03928378700543e+00 5.62865531565612e+02
5.41050397926017e+02 4.65627593561428e+00 6.03928378700543e+00 5.62865531565612e+02
5.59439601605118e+02 4.99165856381736e+00 6.43355258302157e+00 5.83143787453182e+02
5.59439601605118e+02 4.99165856381736e+00 6.43355258302157e+00 5.83143787453182e+02
5.78511024562203e+02 5.35414965869162e+00 6.85655212576139e+00 6.04220544025413e+02
5.78511024562203e+02 5.35414965869162e+00 6.85655212576139e+00 6.04220544025413e+02
5.98525999579954e+02 5.75808321466596e+00 7.32269054060778e+00 6.26407515879209e+02
5.98525999579954e+02 5.75808321466596e+00 7.32269054060778e+00 6.26407515879209e+02
6.19429180873700e+02 6.20160275451149e+00 7.82993860608173e+00 6.49640490999222e+02
6.19429180873700e+02 6.20160275451149e+00 7.82993860608173e+00 6.49640490999222e+02
6.41163341568003e+02 6.68271808250399e+00 8.37613462494429e+00 6.73852944015308e+02
6.41163341568003e+02 6.68271808250399e+00 8.37613462494429e+00 6.73852944015308e+02
6.63669309762211e+02 7.19929565293697e+00 8.95897577564475e+00 6.98975952859704e+02
6.63669309762211e+02 7.19929565293697e+00 8.95897577564475e+00 6.98975952859704e+02
6.86885902422992e+02 7.74904824489734e+00 9.57600889915664e+00 7.24938112421630e+02
6.86885902422992e+02 7.74904824489734e+00 9.57600889915664e+00 7.24938112421630e+02
7.10749857030033e+02 8.32952389333491e+00 1.02246206843410e+01 7.51665445091146e+02
7.10749857030033e+02 8.32952389333491e+00 1.02246206843410e+01 7.51665445091146e+02
7.35195760898495e+02 8.93809402285808e+00 1.09020272125711e+01 7.79081308080186e+02
7.35195760898495e+02 8.93809402285808e+00 1.09020272125711e+01 7.79081308080186e+02
7.60155978099292e+02 9.57194072682949e+00 1.16052628197871e+01 8.07106297404653e+02
7.60155978099292e+02 9.57194072682949e+00 1.16052628197871e+01 8.07106297404653e+02
7.85547601433278e+02 1.02932025369648e+01 1.22958650044062e+01 8.35433445137031e+02
7.85547601433278e+02 1.02932025369648e+01 1.22958650044062e+01 8.35433445137031e+02
8.11234998942438e+02 1.11263928440577e+01 1.29508419409414e+01 8.63803702291936e+02
8.11234998942438e+02 1.11263928440577e+01 1.29508419409414e+01 8.63803702291936e+02
8.36903311317307e+02 1.20554459105853e+01 1.35538806397502e+01 8.91843375167261e+02
8.36903311317307e+02 1.20554459105853e+01 1.35538806397502e+01 8.91843375167261e+02
8.62552538557882e+02 1.30803617365477e+01 1.41049811008326e+01 9.19552463763007e+02
8.62552538557882e+02 1.30803617365477e+01 1.41049811008326e+01 9.19552463763007e+02
8.88182680664165e+02 1.42011403219447e+01 1.46041433241885e+01 9.46930968079172e+02
8.88182680664165e+02 1.42011403219447e+01 1.46041433241885e+01 9.46930968079172e+02
9.13793737636155e+02 1.54177816667764e+01 1.50513673098180e+01 9.73978888115757e+02
9.13793737636155e+02 1.54177816667764e+01 1.50513673098180e+01 9.73978888115757e+02
9.39385709473852e+02 1.67302857710429e+01 1.54466530577210e+01 1.00069622387276e+03
9.39385709473852e+02 1.67302857710429e+01 1.54466530577210e+01 1.00069622387276e+03
9.64958596177257e+02 1.81386526347440e+01 1.57900005678976e+01 1.02708297535019e+03
9.64958596177257e+02 1.81386526347440e+01 1.57900005678976e+01 1.02708297535019e+03
9.90319034785245e+02 1.96318931962635e+01 1.61230353593346e+01 1.05314785996472e+03
9.90319034785245e+02 1.96318931962635e+01 1.61230353593346e+01 1.05314785996472e+03
1.01465244805727e+03 2.11637140008691e+01 1.66211126303367e+01 1.07892760144667e+03
1.01465244805727e+03 2.11637140008691e+01 1.66211126303367e+01 1.07892760144667e+03
1.03797180845560e+03 2.26689556417956e+01 1.73195356079198e+01 1.10464690306630e+03
1.03797180845560e+03 2.26689556417956e+01 1.73195356079198e+01 1.10464690306630e+03
1.06028322865225e+03 2.41169147663736e+01 1.82349393027943e+01 1.13041164583291e+03
1.06028322865225e+03 2.41169147663736e+01 1.82349393027943e+01 1.13041164583291e+03
1.08158670864724e+03 2.55075913746031e+01 1.93673237149604e+01 1.15622182974651e+03
1.08158670864724e+03 2.55075913746031e+01 1.93673237149604e+01 1.15622182974651e+03
1.10188224844056e+03 2.68409854664841e+01 2.07166888444179e+01 1.18207745480710e+03
1.10188224844056e+03 2.68409854664841e+01 2.07166888444179e+01 1.18207745480710e+03
1.12116984803221e+03 2.81170970420165e+01 2.22830346911670e+01 1.20797852101467e+03
1.12116984803221e+03 2.81170970420165e+01 2.22830346911670e+01 1.20797852101467e+03
1.13944950742220e+03 2.93359261012005e+01 2.40663612552076e+01 1.23392502836923e+03
1.13944950742220e+03 2.93359261012005e+01 2.40663612552076e+01 1.23392502836923e+03
1.15672122661051e+03 3.04974726440359e+01 2.60666685365397e+01 1.25991697687077e+03
1.15672122661051e+03 3.04974726440359e+01 2.60666685365397e+01 1.25991697687077e+03
1.17319700470513e+03 3.17671972109751e+01 2.83324532778054e+01 1.28566059279187e+03
1.17319700470513e+03 3.17671972109751e+01 2.83324532778054e+01 1.28566059279187e+03
1.18915935610011e+03 3.32256695539297e+01 3.08424841689384e+01 1.31102361881508e+03
1.18915935610011e+03 3.32256695539297e+01 3.08424841689384e+01 1.31102361881508e+03
1.20542285803599e+03 3.49191831276320e+01 3.34214060116343e+01 1.33596933121011e+03
1.20542285803599e+03 3.49191831276320e+01 3.34214060116343e+01 1.33596933121011e+03
1.22198751051278e+03 3.68477379320818e+01 3.60692188058929e+01 1.36049772997696e+03
1.22198751051278e+03 3.68477379320818e+01 3.60692188058929e+01 1.36049772997696e+03
1.23885331353046e+03 3.90113339672792e+01 3.87859225517142e+01 1.38460881511562e+03
1.23885331353046e+03 3.90113339672792e+01 3.87859225517142e+01 1.38460881511562e+03
1.25602026708905e+03 4.14099712332242e+01 4.15715172490983e+01 1.40830258662611e+03
1.25602026708905e+03 4.14099712332242e+01 4.15715172490983e+01 1.40830258662611e+03
1.27348837118854e+03 4.40436497299167e+01 4.44260028980452e+01 1.43157904450841e+03
1.27348837118854e+03 4.40436497299167e+01 4.44260028980452e+01 1.43157904450841e+03
1.29125762582893e+03 4.69123694573568e+01 4.73493794985549e+01 1.45443818876254e+03
1.29125762582893e+03 4.69123694573568e+01 4.73493794985549e+01 1.45443818876254e+03
1.30910063068530e+03 5.00261364196947e+01 5.03505015183027e+01 1.47686403560756e+03
1.30910063068530e+03 5.00261364196947e+01 5.03505015183027e+01 1.47686403560756e+03
1.32619243590773e+03 5.34212498246146e+01 5.34614906870287e+01 1.49879860000024e+03
1.32619243590773e+03 5.34212498246146e+01 5.34614906870287e+01 1.49879860000024e+03
1.34232104238824e+03 5.69322491316642e+01 5.66338502620905e+01 1.52053565566801e+03
1.34232104238824e+03 5.69322491316642e+01 5.66338502620905e+01 1.52053565566801e+03
1.35739729869390e+03 6.04895536505484e+01 5.98471860345678e+01 1.54219874251163e+03
1.35739729869390e+03 6.04895536505484e+01 5.98471860345678e+01 1.54219874251163e+03
1.37142120482471e+03 6.40931633812671e+01 6.31014980044603e+01 1.56378786053108e+03
1.37142120482471e+03 6.40931633812671e+01 6.31014980044603e+01 1.56378786053108e+03
1.38439276078068e+03 6.77430783238203e+01 6.63967861717681e+01 1.58530300972637e+03
1.38439276078068e+03 6.77430783238203e+01 6.63967861717681e+01 1.58530300972637e+03
1.39631196656180e+03 7.14392984782080e+01 6.97330505364912e+01 1.60674419009751e+03
1.39631196656180e+03 7.14392984782080e+01 6.97330505364912e+01 1.60674419009751e+03
1.40717882216808e+03 7.51818238444302e+01 7.31102910986296e+01 1.62811140164448e+03
1.40717882216808e+03 7.51818238444302e+01 7.31102910986296e+01 1.62811140164448e+03
1.41699332759951e+03 7.89706544224869e+01 7.65285078581834e+01 1.64940464436730e+03
1.41699332759951e+03 7.89706544224869e+01 7.65285078581834e+01 1.64940464436730e+03
1.42600373333286e+03 8.29190191096068e+01 8.00471506183184e+01 1.67028404183983e+03
1.42600373333286e+03 8.29190191096068e+01 8.00471506183184e+01 1.67028404183983e+03
1.43453009322387e+03 8.70591718692921e+01 8.36795531232045e+01 1.69063872712621e+03
1.43453009322387e+03 8.70591718692921e+01 8.36795531232045e+01 1.69063872712621e+03
1.44339735712246e+03 9.13548134938583e+01 8.73935936431019e+01 1.71052668526969e+03
1.44339735712246e+03 9.13548134938583e+01 8.73935936431019e+01 1.71052668526969e+03
1.45260552502863e+03 9.58059439833054e+01 9.11892721780107e+01 1.72994791627026e+03
1.45260552502863e+03 9.58059439833054e+01 9.11892721780107e+01 1.72994791627026e+03
1.46215459694238e+03 1.00412563337633e+02 9.50665887279307e+01 1.74890242012792e+03
1.46215459694238e+03 1.00412563337633e+02 9.50665887279307e+01 1.74890242012792e+03
1.47204457286372e+03 1.05174671556842e+02 9.90255432928620e+01 1.76739019684268e+03
1.47204457286372e+03 1.05174671556842e+02 9.90255432928620e+01 1.76739019684268e+03
1.48227545279263e+03 1.10092268640932e+02 1.03066135872805e+02 1.78541124641453e+03
1.48227545279263e+03 1.10092268640932e+02 1.03066135872805e+02 1.78541124641453e+03
1.49284723672912e+03 1.15165354589903e+02 1.07188366467758e+02 1.80296556884347e+03
1.49284723672912e+03 1.15165354589903e+02 1.07188366467758e+02 1.80296556884347e+03
1.50335588885702e+03 1.20399058726692e+02 1.11424119070784e+02 1.81957430433322e+03
1.50335588885702e+03 1.20399058726692e+02 1.11424119070784e+02 1.81957430433322e+03
1.51252431906660e+03 1.25809593989184e+02 1.15874173688420e+02 1.83372385660024e+03
1.51252431906660e+03 1.25809593989184e+02 1.15874173688420e+02 1.83372385660024e+03
1.52010427688111e+03 1.31283731480152e+02 1.20479080517501e+02 1.84575410207066e+03
1.52010427688111e+03 1.31283731480152e+02 1.20479080517501e+02 1.84575410207066e+03
1.52600310876972e+03 1.36779211231943e+02 1.25216651346181e+02 1.85579189146126e+03
1.52600310876972e+03 1.36779211231943e+02 1.25216651346181e+02 1.85579189146126e+03
1.53022081473245e+03 1.42296033244558e+02 1.30086886174460e+02 1.86383722477204e+03
1.53022081473245e+03 1.42296033244558e+02 1.30086886174460e+02 1.86383722477204e+03
1.53275739476928e+03 1.47834197517996e+02 1.35089785002338e+02 1.86989010200301e+03
1.53275739476928e+03 1.47834197517996e+02 1.35089785002338e+02 1.86989010200301e+03
1.53361284888023e+03 1.53393704052257e+02 1.40225347829815e+02 1.87395052315415e+03
1.53361284888023e+03 1.53393704052257e+02 1.40225347829815e+02 1.87395052315415e+03
1.53278717706528e+03 1.58974552847341e+02 1.45493574656891e+02 1.87601848822547e+03
1.53278717706528e+03 1.58974552847341e+02 1.45493574656891e+02 1.87601848822547e+03
1.53028037932444e+03 1.64576743903249e+02 1.50894465483566e+02 1.87609399721698e+03
1.53028037932444e+03 1.64576743903249e+02 1.50894465483566e+02 1.87609399721698e+03
1.52556292936166e+03 1.70096788671987e+02 1.56458959565520e+02 1.87321548725126e+03
1.52556292936166e+03 1.70096788671987e+02 1.56458959565520e+02 1.87321548725126e+03
1.51886466302996e+03 1.75495512871226e+02 1.62165351095817e+02 1.86754548970228e+03
1.51886466302996e+03 1.75495512871226e+02 1.62165351095817e+02 1.86754548970228e+03
1.51146267043906e+03 1.80756703563079e+02 1.67912860067918e+02 1.86059760085359e+03
1.51146267043906e+03 1.80756703563079e+02 1.67912860067918e+02 1.86059760085359e+03
1.50335695158896e+03 1.85880360747546e+02 1.73701486481823e+02 1.85237182070517e+03
1.50335695158896e+03 1.85880360747546e+02 1.73701486481823e+02 1.85237182070517e+03
1.49454750647965e+03 1.90866484424628e+02 1.79531230337533e+02 1.84286814925703e+03
1.49454750647965e+03 1.90866484424628e+02 1.79531230337533e+02 1.84286814925703e+03
1.48503433511115e+03 1.95715074594324e+02 1.85402091635046e+02 1.83208658650917e+03
1.48503433511115e+03 1.95715074594324e+02 1.85402091635046e+02 1.83208658650917e+03
1.47481743748344e+03 2.00426131256635e+02 1.91314070374364e+02 1.82002713246159e+03
1.47481743748344e+03 2.00426131256635e+02 1.91314070374364e+02 1.82002713246159e+03
1.46389681359653e+03 2.04999654411560e+02 1.97267166555486e+02 1.80668978711428e+03
1.46389681359653e+03 2.04999654411560e+02 1.97267166555486e+02 1.80668978711428e+03
1.45209169753459e+03 2.09441048806410e+02 2.03134495436149e+02 1.79214870896646e+03
1.45209169753459e+03 2.09441048806410e+02 2.03134495436149e+02 1.79214870896646e+03
1.43889964923704e+03 2.13765336972141e+02 2.08563380034668e+02 1.77661002205795e+03
1.43889964923704e+03 2.13765336972141e+02 2.08563380034668e+02 1.77661002205795e+03
1.42485019499995e+03 2.18076007456747e+02 2.13522881095363e+02 1.76103528926615e+03
1.42485019499995e+03 2.18076007456747e+02 2.13522881095363e+02 1.76103528926615e+03
1.41011753478646e+03 2.22407105219619e+02 2.18002820432110e+02 1.74574083901337e+03
1.41011753478646e+03 2.22407105219619e+02 2.18002820432110e+02 1.74574083901337e+03
1.39470166859657e+03 2.26758630260759e+02 2.22003198044908e+02 1.73072667129963e+03
1.39470166859657e+03 2.26758630260759e+02 2.22003198044908e+02 1.73072667129963e+03
1.37860259643028e+03 2.31130582580165e+02 2.25524013933758e+02 1.71599278612491e+03
1.37860259643028e+03 2.31130582580165e+02 2.25524013933758e+02 1.71599278612491e+03
1.36182031828759e+03 2.35522962177838e+02 2.28565268098659e+02 1.70153918348922e+03
1.36182031828759e+03 2.35522962177838e+02 2.28565268098659e+02 1.70153918348922e+03
1.34435483416850e+03 2.39935769053778e+02 2.31126960539612e+02 1.68736586339255e+03
1.34435483416850e+03 2.39935769053778e+02 2.31126960539612e+02 1.68736586339255e+03
1.32620614407301e+03 2.44369003207984e+02 2.33209091256616e+02 1.67347282583491e+03
1.32620614407301e+03 2.44369003207984e+02 2.33209091256616e+02 1.67347282583491e+03
1.30657430096465e+03 2.48369486654327e+02 2.34813436471298e+02 1.65890915139384e+03
1.30657430096465e+03 2.48369486654327e+02 2.34813436471298e+02 1.65890915139384e+03
1.28541009918062e+03 2.51801533449214e+02 2.36067391560341e+02 1.64332730792065e+03
1.28541009918062e+03 2.51801533449214e+02 2.36067391560341e+02 1.64332730792065e+03
1.26321597878150e+03 2.54650121061690e+02 2.37323633505430e+02 1.62652117137553e+03
1.26321597878150e+03 2.54650121061690e+02 2.37323633505430e+02 1.62652117137553e+03
1.23999193976727e+03 2.56915249491754e+02 2.38582162306566e+02 1.60849074175849e+03
1.23999193976727e+03 2.56915249491754e+02 2.38582162306566e+02 1.60849074175849e+03
1.21573798213794e+03 2.58596918739407e+02 2.39842977963748e+02 1.58923601906951e+03
1.21573798213794e+03 2.58596918739407e+02 2.39842977963748e+02 1.58923601906951e+03
1.19045410589351e+03 2.59695128804650e+02 2.41106080476976e+02 1.56875700330860e+03
1.19045410589351e+03 2.59695128804650e+02 2.41106080476976e+02 1.56875700330860e+03
1.16414031103399e+03 2.60209879687481e+02 2.42371469846251e+02 1.54705369447577e+03
1.16414031103399e+03 2.60209879687481e+02 2.42371469846251e+02 1.54705369447577e+03
1.13679659755936e+03 2.60141171387900e+02 2.43639146071571e+02 1.52412609257100e+03
1.13679659755936e+03 2.60141171387900e+02 2.43639146071571e+02 1.52412609257100e+03
1.10850880031034e+03 2.59473692039668e+02 2.44733046240559e+02 1.49973571714003e+03
1.10850880031034e+03 2.59473692039668e+02 2.44733046240559e+02 1.49973571714003e+03
1.07948826237649e+03 2.58169740668545e+02 2.45219667132936e+02 1.47329538009474e+03
1.07948826237649e+03 2.58169740668545e+02 2.45219667132936e+02 1.47329538009474e+03
1.05053493079429e+03 2.56682495260663e+02 2.45097232527078e+02 1.44575600085762e+03
1.05053493079429e+03 2.56682495260663e+02 2.45097232527078e+02 1.44575600085762e+03
1.02187877714236e+03 2.55142237012302e+02 2.44365231788564e+02 1.41739095307813e+03
1.02187877714236e+03 2.55142237012302e+02 2.44365231788564e+02 1.41739095307813e+03
9.93519801420701e+02 2.53548965923461e+02 2.43023664917394e+02 1.38820023675626e+03
9.93519801420701e+02 2.53548965923461e+02 2.43023664917394e+02 1.38820023675626e+03
9.65458003629319e+02 2.51902681994141e+02 2.41072531913568e+02 1.35818385189201e+03
9.65458003629319e+02 2.51902681994141e+02 2.41072531913568e+02 1.35818385189201e+03
9.37693383768210e+02 2.50203385224342e+02 2.38511832777086e+02 1.32734179848539e+03
9.37693383768210e+02 2.50203385224342e+02 2.38511832777086e+02 1.32734179848539e+03
9.10225941837375e+02 2.48451075614064e+02 2.35341567507947e+02 1.29567407653639e+03
9.10225941837375e+02 2.48451075614064e+02 2.35341567507947e+02 1.29567407653639e+03
8.83055677836814e+02 2.46645753163307e+02 2.31561736106153e+02 1.26318068604502e+03
8.83055677836814e+02 2.46645753163307e+02 2.31561736106153e+02 1.26318068604502e+03
8.55969354344860e+02 2.44474174293260e+02 2.27232215212478e+02 1.22972184610898e+03
8.55969354344860e+02 2.44474174293260e+02 2.27232215212478e+02 1.22972184610898e+03
8.28828145754242e+02 2.41873807979213e+02 2.22543947440383e+02 1.19550130079762e+03
8.28828145754242e+02 2.41873807979213e+02 2.22543947440383e+02 1.19550130079762e+03
8.01420708975396e+02 2.38882355195404e+02 2.17930436010146e+02 1.16110623819902e+03
8.01420708975396e+02 2.38882355195404e+02 2.17930436010146e+02 1.16110623819902e+03
7.73747044008321e+02 2.35499815941833e+02 2.13391680921765e+02 1.12653665831319e+03
7.73747044008321e+02 2.35499815941833e+02 2.13391680921765e+02 1.12653665831319e+03
7.45807150853018e+02 2.31726190218499e+02 2.08927682175242e+02 1.09179256114013e+03
7.45807150853018e+02 2.31726190218499e+02 2.08927682175242e+02 1.09179256114013e+03
7.17601029509488e+02 2.27561478025404e+02 2.04538439770576e+02 1.05687394667984e+03
7.17601029509488e+02 2.27561478025404e+02 2.04538439770576e+02 1.05687394667984e+03
6.89128679977729e+02 2.23005679362547e+02 2.00223953707767e+02 1.02178081493232e+03
6.89128679977729e+02 2.23005679362547e+02 2.00223953707767e+02 1.02178081493232e+03
6.60390102257742e+02 2.18058794229928e+02 1.95984223986815e+02 9.86513165897561e+02
6.60390102257742e+02 2.18058794229928e+02 1.95984223986815e+02 9.86513165897561e+02
6.31561206030778e+02 2.12638604348475e+02 1.91776108714867e+02 9.51192176497403e+02
6.31561206030778e+02 2.12638604348475e+02 1.91776108714867e+02 9.51192176497403e+02
6.03027947038043e+02 2.06564718186496e+02 1.87504952150895e+02 9.16083715718412e+02
6.03027947038043e+02 2.06564718186496e+02 1.87504952150895e+02 9.16083715718412e+02
5.75003562701205e+02 2.00150379322803e+02 1.83110877654123e+02 8.81327564462878e+02
5.75003562701205e+02 2.00150379322803e+02 1.83110877654123e+02 8.81327564462878e+02
5.47541043786824e+02 1.93473430648346e+02 1.78579005523469e+02 8.46958459115743e+02
5.47541043786824e+02 1.93473430648346e+02 1.78579005523469e+02 8.46958459115743e+02
5.20640390294901e+02 1.86533872163126e+02 1.73909335758934e+02 8.12976399677008e+02
5.20640390294901e+02 1.86533872163126e+02 1.73909335758934e+02 8.12976399677008e+02
4.94301602225435e+02 1.79331703867143e+02 1.69101868360516e+02 7.79381386146673e+02
4.94301602225435e+02 1.79331703867143e+02 1.69101868360516e+02 7.79381386146673e+02
4.68524679578428e+02 1.71866925760396e+02 1.64156603328217e+02 7.46173418524736e+02
4.68524679578428e+02 1.71866925760396e+02 1.64156603328217e+02 7.46173418524736e+02
4.43309622353878e+02 1.64139537842886e+02 1.59073540662036e+02 7.13352496811199e+02
4.43309622353878e+02 1.64139537842886e+02 1.59073540662036e+02 7.13352496811199e+02
4.18656430551785e+02 1.56149540114614e+02 1.53852680361974e+02 6.80918621006060e+02
4.18656430551785e+02 1.56149540114614e+02 1.53852680361974e+02 6.80918621006060e+02
3.95202935705272e+02 1.48028869197075e+02 1.48415415165487e+02 6.49379293929286e+02
3.95202935705272e+02 1.48028869197075e+02 1.48415415165487e+02 6.49379293929286e+02
3.72908333010371e+02 1.39887690060797e+02 1.42788236448783e+02 6.18720837430510e+02
3.72908333010371e+02 1.39887690060797e+02 1.42788236448783e+02 6.18720837430510e+02
3.51386666725875e+02 1.31906394237472e+02 1.37065799952890e+02 5.88677382523164e+02
3.51386666725875e+02 1.31906394237472e+02 1.37065799952890e+02 5.88677382523164e+02
3.30637936851784e+02 1.24084981727100e+02 1.31248105677809e+02 5.59248929207247e+02
3.30637936851784e+02 1.24084981727100e+02 1.31248105677809e+02 5.59248929207247e+02
3.10662143388098e+02 1.16423452529680e+02 1.25335153623539e+02 5.30435477482760e+02
3.10662143388098e+02 1.16423452529680e+02 1.25335153623539e+02 5.30435477482760e+02
2.91459286334817e+02 1.08921806645212e+02 1.19326943790081e+02 5.02237027349703e+02
2.91459286334817e+02 1.08921806645212e+02 1.19326943790081e+02 5.02237027349703e+02
2.73029365691942e+02 1.01580044073697e+02 1.13223476177435e+02 4.74653578808075e+02
2.73029365691942e+02 1.01580044073697e+02 1.13223476177435e+02 4.74653578808075e+02
2.55372381459471e+02 9.43981648151346e+01 1.07024750785600e+02 4.47685131857876e+02
2.55372381459471e+02 9.43981648151346e+01 1.07024750785600e+02 4.47685131857876e+02
2.38594016145108e+02 8.74712103672963e+01 1.00798275307478e+02 4.21508472758012e+02
2.38594016145108e+02 8.74712103672963e+01 1.00798275307478e+02 4.21508472758012e+02
2.22901878512269e+02 8.09858856850012e+01 9.46766657166037e+01 3.96470890548063e+02
2.22901878512269e+02 8.09858856850012e+01 9.46766657166037e+01 3.96470890548063e+02
2.07658137027831e+02 7.48102541467522e+01 8.87385292755192e+01 3.72064882408064e+02
2.07658137027831e+02 7.48102541467522e+01 8.87385292755192e+01 3.72064882408064e+02
1.92727686814512e+02 6.89163690610940e+01 8.30005165008703e+01 3.48182949566551e+02
1.92727686814512e+02 6.89163690610940e+01 8.30005165008703e+01 3.48182949566551e+02
1.78110527872311e+02 6.33042304280265e+01 7.74626273926571e+01 3.24825092023523e+02
1.78110527872311e+02 6.33042304280265e+01 7.74626273926571e+01 3.24825092023523e+02
1.63806660201228e+02 5.79738382475497e+01 7.21248619508794e+01 3.01991309778980e+02
1.63806660201228e+02 5.79738382475497e+01 7.21248619508794e+01 3.01991309778980e+02
1.49816083801264e+02 5.29251925196637e+01 6.69872201755374e+01 2.79681602832923e+02
1.49816083801264e+02 5.29251925196637e+01 6.69872201755374e+01 2.79681602832923e+02
1.36138798672418e+02 4.81582932443684e+01 6.20497020666309e+01 2.57895971185351e+02
1.36138798672418e+02 4.81582932443684e+01 6.20497020666309e+01 2.57895971185351e+02
1.22774804814690e+02 4.36731404216639e+01 5.73123076241601e+01 2.36634414836264e+02
1.22774804814690e+02 4.36731404216639e+01 5.73123076241601e+01 2.36634414836264e+02
1.10478142455939e+02 3.96560935071227e+01 5.28941614847204e+01 2.16919511361059e+02
1.10478142455939e+02 3.96560935071227e+01 5.28941614847204e+01 2.16919511361059e+02
9.92767651464850e+01 3.60451388734999e+01 4.87488680211326e+01 1.98755702545635e+02
9.92767651464850e+01 3.60451388734999e+01 4.87488680211326e+01 1.98755702545635e+02
8.89630641229118e+01 3.26535715659768e+01 4.47438112598628e+01 1.81795699350411e+02
8.89630641229118e+01 3.26535715659768e+01 4.47438112598628e+01 1.81795699350411e+02
7.95370393852196e+01 2.94813915845533e+01 4.08789912009111e+01 1.66039501775388e+02
7.95370393852196e+01 2.94813915845533e+01 4.08789912009111e+01 1.66039501775388e+02
7.09986909334084e+01 2.65285989292295e+01 3.71544078442774e+01 1.51487109820566e+02
7.09986909334084e+01 2.65285989292295e+01 3.71544078442774e+01 1.51487109820566e+02
6.33480187674781e+01 2.37951936000053e+01 3.35700611899618e+01 1.38138523485944e+02
6.33480187674781e+01 2.37951936000053e+01 3.35700611899618e+01 1.38138523485944e+02
5.65850228874287e+01 2.12811755968807e+01 3.01259512379641e+01 1.25993742771523e+02
5.65850228874287e+01 2.12811755968807e+01 3.01259512379641e+01 1.25993742771523e+02
5.07097032932603e+01 1.89865449198558e+01 2.68220779882845e+01 1.15052767677302e+02
5.07097032932603e+01 1.89865449198558e+01 2.68220779882845e+01 1.15052767677302e+02
4.57737761288306e+01 1.69421304890842e+01 2.37347051259168e+01 1.05417604685795e+02
4.57737761288306e+01 1.69421304890842e+01 2.37347051259168e+01 1.05417604685795e+02
4.18685541651560e+01 1.52023654837759e+01 2.09984878645951e+01 9.72683618616186e+01
4.18685541651560e+01 1.52023654837759e+01 2.09984878645951e+01 9.72683618616186e+01
3.82399971743782e+01 1.35808904483586e+01 1.84943015677241e+01 8.95824616293776e+01
3.82399971743782e+01 1.35808904483586e+01 1.84943015677241e+01 8.95824616293776e+01
3.47544690984745e+01 1.20446775123049e+01 1.62010341695810e+01 8.21786759442675e+01
3.47544690984745e+01 1.20446775123049e+01 1.62010341695810e+01 8.21786759442675e+01
3.14119699374447e+01 1.05937266756150e+01 1.41186856701660e+01 7.50570048062884e+01
3.14119699374447e+01 1.05937266756150e+01 1.41186856701660e+01 7.50570048062884e+01
2.82124996912891e+01 9.22803793828873e+00 1.22472560694790e+01 6.82174482154402e+01
2.82124996912891e+01 9.22803793828873e+00 1.22472560694790e+01 6.82174482154402e+01
2.51560583600074e+01 7.94761130032620e+00 1.05867453675200e+01 6.16600061717229e+01
2.51560583600074e+01 7.94761130032620e+00 1.05867453675200e+01 6.16600061717229e+01
2.22426459435998e+01 6.75244676172739e+00 9.13715356428908e+00 5.53846786751365e+01
2.22426459435998e+01 6.75244676172739e+00 9.13715356428908e+00 5.53846786751365e+01
1.94722624420662e+01 5.64254432249227e+00 7.89848065978615e+00 4.93914657256810e+01
1.94722624420662e+01 5.64254432249227e+00 7.89848065978615e+00 4.93914657256810e+01
1.70054606623155e+01 4.69200462604818e+00 6.91311011463305e+00 4.39513738354292e+01
1.70054606623155e+01 4.69200462604818e+00 6.91311011463305e+00 4.39513738354292e+01
1.48137330835760e+01 3.88071033017557e+00 6.11090496177752e+00 3.90015717198220e+01
1.48137330835760e+01 3.88071033017557e+00 6.11090496177752e+00 3.90015717198220e+01
1.28057669348314e+01 3.15422825566439e+00 5.35720998748538e+00 3.43619513142408e+01
1.28057669348314e+01 3.15422825566439e+00 5.35720998748538e+00 3.43619513142408e+01
1.09815622160819e+01 2.51255840251466e+00 4.65202519175664e+00 3.00325126186854e+01
1.09815622160819e+01 2.51255840251466e+00 4.65202519175664e+00 3.00325126186854e+01
9.34111892732743e+00 1.95570077072637e+00 3.99535057459128e+00 2.60132556331559e+01
9.34111892732743e+00 1.95570077072637e+00 3.99535057459128e+00 2.60132556331559e+01
7.88443706856795e+00 1.48365536029952e+00 3.38718613598932e+00 2.23041803576523e+01
7.88443706856795e+00 1.48365536029952e+00 3.38718613598932e+00 2.23041803576523e+01
6.61151663980348e+00 1.09642217123412e+00 2.82753187595074e+00 1.89052867921747e+01
6.61151663980348e+00 1.09642217123412e+00 2.82753187595074e+00 1.89052867921747e+01
5.52235764103403e+00 7.94001203530149e-01 2.31638779447556e+00 1.58165749367229e+01
5.52235764103403e+00 7.94001203530149e-01 2.31638779447556e+00 1.58165749367229e+01
4.63609888984530e+00 5.80826951872984e-01 1.86874104341969e+00 1.31181277673602e+01
4.63609888984530e+00 5.80826951872984e-01 1.86874104341969e+00 1.31181277673602e+01
3.98320628054425e+00 4.63958412764572e-01 1.50844873842572e+00 1.09374243968169e+01
3.98320628054425e+00 4.63958412764572e-01 1.50844873842572e+00 1.09374243968169e+01
3.40312700622204e+00 3.69294942777595e-01 1.19312741887184e+00 9.00345831302020e+00
3.40312700622204e+00 3.69294942777595e-01 1.19312741887184e+00 9.00345831302020e+00
2.87265244379250e+00 2.86124963977927e-01 9.16650366816466e-01 7.27705431801688e+00
2.87265244379250e+00 2.86124963977927e-01 9.16650366816466e-01 7.27705431801688e+00
2.39178259325562e+00 2.14448476365569e-01 6.79017582259604e-01 5.75821241180698e+00
2.39178259325562e+00 2.14448476365569e-01 6.79017582259604e-01 5.75821241180698e+00
1.96051745461141e+00 1.54265479940520e-01 4.80229065201252e-01 4.44693259439048e+00
1.96051745461141e+00 1.54265479940520e-01 4.80229065201252e-01 4.44693259439048e+00
1.57885702785987e+00 1.05575974702781e-01 3.20284815641411e-01 3.34321486576740e+00
1.57885702785987e+00 1.05575974702781e-01 3.20284815641411e-01 3.34321486576740e+00
1.24680131300099e+00 6.83799606523516e-02 1.99184833580079e-01 2.44705922593772e+00
1.24680131300099e+00 6.83799606523516e-02 1.99184833580079e-01 2.44705922593772e+00
9.64350310034786e-01 4.26774377892318e-02 1.16929119017259e-01 1.75846567490146e+00
9.64350310034786e-01 4.26774377892318e-02 1.16929119017259e-01 1.75846567490146e+00
7.49618733651273e-01 2.90479316480177e-02 7.52025560573910e-02 1.30909114185411e+00
7.49618733651273e-01 2.90479316480177e-02 7.52025560573910e-02 1.30909114185411e+00
5.85526445237642e-01 2.31228087535707e-02 5.92094744956284e-02 1.02245035876127e+00
5.85526445237642e-01 2.31228087535707e-02 5.92094744956284e-02 1.02245035876127e+00
4.41607550486941e-01 1.78430726039433e-02 4.50927586893842e-02 7.71064212892828e-01
4.41607550486941e-01 1.78430726039433e-02 4.50927586893842e-02 7.71064212892828e-01
3.17862049399169e-01 1.32087231991354e-02 3.28524086386584e-02 5.54932704248782e-01
3.17862049399169e-01 1.32087231991354e-02 3.28524086386584e-02 5.54932704248782e-01
2.57966677108463e-01 1.09548087362043e-02 2.69161533296291e-02 4.50322578371633e-01
2.57966677108463e-01 1.09548087362043e-02 2.69161533296291e-02 4.50322578371633e-01
1.38175932527052e-01 6.44697981034216e-03 1.50436427115706e-02 2.41102326617337e-01
1.38175932527052e-01 6.44697981034216e-03 1.50436427115706e-02 2.41102326617337e-01
1.83851879456408e-02 1.93915088447998e-03 3.17113209351219e-03 3.18820748630413e-02
1.83851879456408e-02 1.93915088447998e-03 3.17113209351219e-03 3.18820748630413e-02
0.00000000000000e+00 0.00000000000000e+00 0.00000000000000e+00 0.00000000000000e+00
0.00000000000000e+00 0.00000000000000e+00 0.00000000000000e+00 0.00000000000000e+00
0.00000000000000e+00 0.00000000000000e+00 0.00000000000000e+00 0.00000000000000e+00
0.00000000000000e+00 0.00000000000000e+00 0.00000000000000e+00 0.00000000000000e+00
---