PdfType: central
Format: lhagrid1
---
0.0001  0.00010429532461863897  0.0001087751473730729  0.00011344739305714942  0.00011832032686033726  0.00012340256898882342  0.00012870310991463342  0.00013423132627975076  0.00013999699748337048  0.00014601032298162906  0.0001522819403304134  0.0001588229440031669  0.0001656449050169821  0.00017275989140169766  0.0001801804895482089  0.0001879198264737575  0.00019599159304358843  0.00020441006819005238  0.0002131901441719966  0.00022234735291912848  0.00023189789350795586  0.00024185866081790827  0.00025224727541833065  0.0002630821147392205  0.0002743823455808502  0.0002861679580197835  0.000298459800771264  0.0003112796180705332  0.00032465008813832217  0.0003385948632985606  0.000353138611819271  0.00036830706155066437  0.0003841270454376358  0.00040062654898716905  0.00041783475977461904  0.00043578211907644967  0.00045450037572076693  0.0004740226422509076  0.0004943834535014343  0.0005156188276901594  0.0005377663301342724  0.0005608651397032811  0.0005849561181263205  0.0006100818822764358  0.0006362868795597115  0.0006636174665426095  0.0006921219909566031  0.000721850877225177  0.0007528567156644912  0.0007851943555155049  0.0008189210019721267  0.0008540963173770411  0.000890782526764226  0.000929044527934864  0.0009689500062613694  0.0010105695544226187  0.0010539767972822035  0.0010992485221306084  0.0011464648145217105  0.0011957091999438964  0.0012470687915764175  0.0013006344443923627  0.0013565009158808474  0.0014147670336727418  0.0014755358703664753  0.0015389149258631751  0.0016050163175336874  0.001673956978553886  0.001745858864759136  0.0018208491703838258  0.0018990605530676075  0.001980631368526384  0.0020657059153031832  0.002154434690031882  0.002246974653665322  0.0023434895091387887  0.0024441499909600485  0.002549134167238217  0.0026586277546857403  0.002772824447150728  0.002891926258260833  0.003016143878784795  0.0031456970493438136  0.003280814949132081  0.0034217366013341386  0.0035687112959562244  0.0037219990308195853  0.0038818709714958863  0.004048609930998349  0.004222510870077183  0.004403881419004318  0.0045930424217704826  0.0047903285036573215  0.0049960886631885935  0.005210686889507569  0.005434502806272785  0.0056679323432112455  0.005911388436516999  0.006165301759334096  0.0064301214836161615  0.006706316074710319  0.006994374120071094  0.007294805193570227  0.00760814075693141  0.007934935099884589  0.008275766320702958  0.008631237348857151  0.009001977011595783  0.009388641146339076  0.009791913760853446  0.01021250824325929  0.01065116862401255  0.01110867089209251  0.01158582436772414  0.01208347313406328  0.012602497530377338  0.013143815709363004  0.013708385261355807  0.014297204908304714  0.014911316270508398  0.015551805709238663  0.01621980624851049  0.01691649957939832  0.01764311815044419  0.01840094734785578  0.01919132776935102  0.02001565759567167  0.020875395063961057  0.021772061047381518  0.0227072417455348  0.023682591490444646  0.024699835673065437  0.025760773795493984  0.02686728265428373  0.028021319660492525  0.02922492630233721  0.030480231756580593  0.03178945665503921  0.0331549170128747  0.034579028325618065  0.03606430984217448  0.03761338902136763  0.03922900617990692  0.0409140193399999  0.042671409285185626  0.044504284833332394  0.046415888336127774  0.04840960141478949  0.05048895094214394  0.05265761528165439  0.05491943079443554  0.05727839862576538  0.05973869178310004  0.06230466251811238  0.06498085002581286  0.06777198847437253  0.07068301537985341  0.07371908034066062  0.07688555414716733  0.08018803828262767  0.08363237483218501  0.08722465681750427  0.09097123897530998  0.09487874899889745  0.09895409926250376  0.10320449904927852  0.1076374673044853  0.11226084593649444  0.11708281368909704  0.12211190060968001  0.12735700313885567  0.13282739984823985  0.1385327678542193  0.14448319993674355  0.150689222393424  0.15716181366052454  0.16391242373378453  0.1709529944234296  0.17829598047919984  0.18595437162276682  0.1939417155265149  0.20227214177933603  0.21096038688183238  0.22002182031514395  0.2294724717295179  0.2393290593007152  0.24960901930441615  0.26033053696094227  0.2715125786048606  0.28317492523637666  0.2953382075138675  0.308023942249458  0.32125457047220124  0.33505349712619653  0.3494451324738692  0.3644549352776552  0.38010945783648104  0.3964363929567065  0.41346462294062064  0.4312242706791523  0.44974675293918026  0.4690648359397062  0.48921269331520334  0.5102259665686786  0.5321418281213915  0.5549990470707652  0.578838057772808  0.6037010313703756  0.6296319503938047  0.6566766865658864  0.6848830819488142  0.7143010335766556  0.7449825817230663  0.7769820019603892  0.8103559011729886  0.8451633176946665  0.8814658257473112  0.9193276443655247  0.9588157509999117  1.0  
0.1e+001 0.1e+007
-14 -12 12 14
5.65530769156688e+01 4.04139589594210e-02 8.17127475860516e-02 5.14725086358419e+01
5.65530769156688e+01 4.04139589594210e-02 8.17127475860516e-02 5.14725086358419e+01
5.90096764055489e+01 4.49847860683186e-02 8.97603292461425e-02 5.38666300333484e+01
5.90096764055489e+01 4.49847860683186e-02 8.97603292461425e-02 5.38666300333484e+01
6.14662758954291e+01 4.95556131772162e-02 9.78079109062333e-02 5.62607514308550e+01
6.14662758954291e+01 4.95556131772162e-02 9.78079109062333e-02 5.62607514308550e+01
6.39228753853092e+01 5.41264402861139e-02 1.05855492566324e-01 5.86548728283615e+01
6.39228753853092e+01 5.41264402861139e-02 1.05855492566324e-01 5.86548728283615e+01
6.63794748751893e+01 5.86972673950115e-02 1.13903074226415e-01 6.10489942258681e+01
6.63794748751893e+01 5.86972673950115e-02 1.13903074226415e-01 6.10489942258681e+01
7.01152333322085e+01 6.57764849518116e-02 1.26323805447159e-01 6.46930344866980e+01
7.01152333322085e+01 6.57764849518116e-02 1.26323805447159e-01 6.46930344866980e+01
7.27156894728837e+01 7.09471263849738e-02 1.35318646985244e-01 6.72362082410728e+01
7.27156894728837e+01 7.09471263849738e-02 1.35318646985244e-01 6.72362082410728e+01
7.54125921604532e+01 7.65242281641081e-02 1.44953963008790e-01 6.98793577161146e+01
7.54125921604532e+01 7.65242281641081e-02 1.44953963008790e-01 6.98793577161146e+01
7.82095184352147e+01 8.25397418400969e-02 1.55275358275235e-01 7.26264130973663e+01
7.82095184352147e+01 8.25397418400969e-02 1.55275358275235e-01 7.26264130973663e+01
8.11101780038776e+01 8.90281306518978e-02 1.66331684812511e-01 7.54814590714670e+01
8.11101780038776e+01 8.90281306518978e-02 1.66331684812511e-01 7.54814590714670e+01
8.41184181599373e+01 9.60265669685074e-02 1.78175273139788e-01 7.84487408998057e+01
8.41184181599373e+01 9.60265669685074e-02 1.78175273139788e-01 7.84487408998057e+01
8.72382288865375e+01 1.03575145251695e-01 1.90862179952201e-01 8.15326707309401e+01
8.72382288865375e+01 1.03575145251695e-01 1.90862179952201e-01 8.15326707309401e+01
9.04737481485895e+01 1.11717111759583e-01 2.04452453441877e-01 8.47378341611645e+01
9.04737481485895e+01 1.11717111759583e-01 2.04452453441877e-01 8.47378341611645e+01
9.38292673811672e+01 1.20499112307051e-01 2.19010417511061e-01 8.80689970529832e+01
9.38292673811672e+01 1.20499112307051e-01 2.19010417511061e-01 8.80689970529832e+01
9.73092371814579e+01 1.29971459502413e-01 2.34604976222530e-01 9.15311126216278e+01
9.73092371814579e+01 1.29971459502413e-01 2.34604976222530e-01 9.15311126216278e+01
1.00918273211816e+02 1.40188420991372e-01 2.51309939928286e-01 9.51293288001548e+01
1.00918273211816e+02 1.40188420991372e-01 2.51309939928286e-01 9.51293288001548e+01
1.04661162321756e+02 1.51208530359616e-01 2.69204374620140e-01 9.88689958940764e+01
1.04661162321756e+02 1.51208530359616e-01 2.69204374620140e-01 9.88689958940764e+01
1.08542868896992e+02 1.63094922475245e-01 2.88372976155663e-01 1.02755674536905e+02
1.08542868896992e+02 1.63094922475245e-01 2.88372976155663e-01 1.02755674536905e+02
1.12568541443959e+02 1.75915695192223e-01 3.08906471130774e-01 1.06795143958440e+02
1.12568541443959e+02 1.75915695192223e-01 3.08906471130774e-01 1.06795143958440e+02
1.16743519418543e+02 1.89744299487068e-01 3.30902046296316e-01 1.10993410578096e+02
1.16743519418543e+02 1.89744299487068e-01 3.30902046296316e-01 1.10993410578096e+02
1.21073340308072e+02 2.04659960263908e-01 3.54463808551084e-01 1.15356716936044e+02
1.21073340308072e+02 2.04659960263908e-01 3.54463808551084e-01 1.15356716936044e+02
1.25563746975971e+02 2.20748130238713e-01 3.79703277688489e-01 1.19891550975448e+02
1.25563746975971e+02 2.20748130238713e-01 3.79703277688489e-01 1.19891550975448e+02
1.30220695278813e+02 2.38100979503030e-01 4.06739914229082e-01 1.24604655689600e+02
1.30220695278813e+02 2.38100979503030e-01 4.06739914229082e-01 1.24604655689600e+02
1.35050361965884e+02 2.56817923571975e-01 4.35701684837199e-01 1.29503039148299e+02
1.35050361965884e+02 2.56817923571975e-01 4.35701684837199e-01 1.29503039148299e+02
1.40059152871716e+02 2.77006192941687e-01 4.66725667997891e-01 1.34593984918379e+02
1.40059152871716e+02 2.77006192941687e-01 4.66725667997891e-01 1.34593984918379e+02
1.45253711412473e+02 2.98781447419273e-01 4.99958702820880e-01 1.39885062893884e+02
1.45253711412473e+02 2.98781447419273e-01 4.99958702820880e-01 1.39885062893884e+02
1.50640927397461e+02 3.22268438744791e-01 5.35558084042351e-01 1.45384140551989e+02
1.50640927397461e+02 3.22268438744791e-01 5.35558084042351e-01 1.45384140551989e+02
1.56227946167429e+02 3.47601725301455e-01 5.73692306514112e-01 1.51099394651411e+02
1.56227946167429e+02 3.47601725301455e-01 5.73692306514112e-01 1.51099394651411e+02
1.62022178071804e+02 3.74926443008689e-01 6.14541862703832e-01 1.57039323390700e+02
1.62022178071804e+02 3.74926443008689e-01 6.14541862703832e-01 1.57039323390700e+02
1.68031308297416e+02 4.04399136814524e-01 6.58300096981003e-01 1.63212759044490e+02
1.68031308297416e+02 4.04399136814524e-01 6.58300096981003e-01 1.63212759044490e+02
1.74263307061755e+02 4.36188657551002e-01 7.05174120732030e-01 1.69628881096492e+02
1.74263307061755e+02 4.36188657551002e-01 7.05174120732030e-01 1.69628881096492e+02
1.80726440184282e+02 4.70477129290727e-01 7.55385792635757e-01 1.76297229888776e+02
1.80726440184282e+02 4.70477129290727e-01 7.55385792635757e-01 1.76297229888776e+02
1.87429280049806e+02 5.07460992746612e-01 8.09172768739177e-01 1.83227720807613e+02
1.87429280049806e+02 5.07460992746612e-01 8.09172768739177e-01 1.83227720807613e+02
1.94380716978476e+02 5.47352130692514e-01 8.66789627303393e-01 1.90430659026992e+02
1.94380716978476e+02 5.47352130692514e-01 8.66789627303393e-01 1.90430659026992e+02
2.01589971017474e+02 5.90379081852366e-01 9.28509073743844e-01 1.97916754831716e+02
2.01589971017474e+02 5.90379081852366e-01 9.28509073743844e-01 1.97916754831716e+02
2.09066604170032e+02 6.36788350212245e-01 9.94623231367868e-01 2.05697139542879e+02
2.09066604170032e+02 6.36788350212245e-01 9.94623231367868e-01 2.05697139542879e+02
2.16820533078008e+02 6.86845817256503e-01 1.06544502401877e+00 2.13783382069391e+02
2.16820533078008e+02 6.86845817256503e-01 1.06544502401877e+00 2.13783382069391e+02
2.24862042174836e+02 7.40838265218757e-01 1.14130965717059e+00 2.22187506110166e+02
2.24862042174836e+02 7.40838265218757e-01 1.14130965717059e+00 2.22187506110166e+02
2.33201797326299e+02 7.99075020074516e-01 1.22257620448364e+00 2.30922008032557e+02
2.33201797326299e+02 7.99075020074516e-01 1.22257620448364e+00 2.30922008032557e+02
2.41850859977213e+02 8.61889723688265e-01 1.30962930733022e+00 2.39999875453611e+02
2.41850859977213e+02 8.61889723688265e-01 1.30962930733022e+00 2.39999875453611e+02
2.50820701822785e+02 9.29642245267735e-01 1.40288099533447e+00 2.49434606551784e+02
2.50820701822785e+02 9.29642245267735e-01 1.40288099533447e+00 2.49434606551784e+02
2.60123220024117e+02 1.00272074307620e+00 1.50277263654301e+00 2.59240230137825e+02
2.60123220024117e+02 1.00272074307620e+00 1.50277263654301e+00 2.59240230137825e+02
2.69770752988016e+02 1.08154388821445e+00 1.60977702645690e+00 2.69431326514671e+02
2.69770752988016e+02 1.08154388821445e+00 1.60977702645690e+00 2.69431326514671e+02
2.79776096732055e+02 1.16656326321271e+00 1.72440062581234e+00 2.80023049157383e+02
2.79776096732055e+02 1.16656326321271e+00 1.72440062581234e+00 2.80023049157383e+02
2.90152521856591e+02 1.25826594917398e+00 1.84718595770170e+00 2.91031147245338e+02
2.90152521856591e+02 1.25826594917398e+00 1.84718595770170e+00 2.91031147245338e+02
3.00913791146239e+02 1.35717731629101e+00 1.97871417538078e+00 3.02471989080206e+02
3.00913791146239e+02 1.35717731629101e+00 1.97871417538078e+00 3.02471989080206e+02
3.12074177824160e+02 1.46386403372359e+00 2.11960781291577e+00 3.14362586424507e+02
3.12074177824160e+02 1.46386403372359e+00 2.11960781291577e+00 3.14362586424507e+02
3.23648484483369e+02 1.57893731608023e+00 2.27053373168917e+00 3.26720619796965e+02
3.23648484483369e+02 1.57893731608023e+00 2.27053373168917e+00 3.26720619796965e+02
3.35652062720174e+02 1.70305642510334e+00 2.43220627671049e+00 3.39564464762245e+02
3.35652062720174e+02 1.70305642510334e+00 2.43220627671049e+00 3.39564464762245e+02
3.48100833495783e+02 1.83693244661929e+00 2.60539065767104e+00 3.52913219254187e+02
3.48100833495783e+02 1.83693244661929e+00 2.60539065767104e+00 3.52913219254187e+02
3.61011308253092e+02 1.98133236439185e+00 2.79090657074540e+00 3.66786731973145e+02
3.61011308253092e+02 1.98133236439185e+00 2.79090657074540e+00 3.66786731973145e+02
3.74400610816657e+02 2.13708345421818e+00 2.98963207828211e+00 3.81205631899671e+02
3.74400610816657e+02 2.13708345421818e+00 2.98963207828211e+00 3.81205631899671e+02
3.88286500104905e+02 2.30507802344154e+00 3.20250776474623e+00 3.96191358968424e+02
3.88286500104905e+02 2.30507802344154e+00 3.20250776474623e+00 3.96191358968424e+02
4.02687393684693e+02 2.48627852303361e+00 3.43054118858437e+00 4.11766195947910e+02
4.02687393684693e+02 2.48627852303361e+00 3.43054118858437e+00 4.11766195947910e+02
4.17622392199471e+02 2.68172306153391e+00 3.67481165108321e+00 4.27953301573459e+02
4.17622392199471e+02 2.68172306153391e+00 3.67481165108321e+00 4.27953301573459e+02
4.33111304703449e+02 2.89253135243593e+00 3.93647530479280e+00 4.44776744982710e+02
4.33111304703449e+02 2.89253135243593e+00 3.93647530479280e+00 4.44776744982710e+02
4.49174674935358e+02 3.11991112909294e+00 4.21677062569340e+00 4.62261541504797e+02
4.49174674935358e+02 3.11991112909294e+00 4.21677062569340e+00 4.62261541504797e+02
4.65833808566664e+02 3.36516506389488e+00 4.51702427500599e+00 4.80433689856464e+02
4.65833808566664e+02 3.36516506389488e+00 4.51702427500599e+00 4.80433689856464e+02
4.83110801460373e+02 3.62969823135666e+00 4.83865737839091e+00 4.99320210800410e+02
4.83110801460373e+02 3.62969823135666e+00 4.83865737839091e+00 4.99320210800410e+02
5.01028568977907e+02 3.91502615787444e+00 5.18319225225456e+00 5.18949187323339e+02
5.01028568977907e+02 3.91502615787444e+00 5.18319225225456e+00 5.18949187323339e+02
5.19610876372922e+02 4.22278350426730e+00 5.55225960900041e+00 5.39349806393484e+02
5.19610876372922e+02 4.22278350426730e+00 5.55225960900041e+00 5.39349806393484e+02
5.38882370312384e+02 4.55473343084721e+00 5.94760627532736e+00 5.60552402359655e+02
5.38882370312384e+02 4.55473343084721e+00 5.94760627532736e+00 5.60552402359655e+02
5.58868611566704e+02 4.91277769867030e+00 6.37110346010674e+00 5.82588502056384e+02
5.58868611566704e+02 4.91277769867030e+00 6.37110346010674e+00 5.82588502056384e+02
5.79793342538051e+02 5.30899540524085e+00 6.83496845505700e+00 6.05725115565266e+02
5.79793342538051e+02 5.30899540524085e+00 6.83496845505700e+00 6.05725115565266e+02
6.01770145989522e+02 5.75027949510389e+00 7.34606174423732e+00 6.30098935019192e+02
6.01770145989522e+02 5.75027949510389e+00 7.34606174423732e+00 6.30098935019192e+02
6.24734122627000e+02 6.23452048320945e+00 7.90205864876146e+00 6.55634731782090e+02
6.24734122627000e+02 6.23452048320945e+00 7.90205864876146e+00 6.55634731782090e+02
6.48617966150651e+02 6.75944305942874e+00 8.50046896181171e+00 6.82254319874883e+02
6.48617966150651e+02 6.75944305942874e+00 8.50046896181171e+00 6.82254319874883e+02
6.73351873983118e+02 7.32259305316585e+00 9.13862516228156e+00 7.09876439718200e+02
6.73351873983118e+02 7.32259305316585e+00 9.13862516228156e+00 7.09876439718200e+02
6.98863454686788e+02 7.92132337326703e+00 9.81366978917494e+00 7.38416637304843e+02
6.98863454686788e+02 7.92132337326703e+00 9.81366978917494e+00 7.38416637304843e+02
7.25077631947320e+02 8.55277884267663e+00 1.05225419170042e+01 7.67787138622358e+02
7.25077631947320e+02 8.55277884267663e+00 1.05225419170042e+01 7.67787138622358e+02
7.51916544996074e+02 9.21387984095631e+00 1.12619626681732e+01 7.97896719138978e+02
7.51916544996074e+02 9.21387984095631e+00 1.12619626681732e+01 7.97896719138978e+02
7.79283234864643e+02 9.98151980184399e+00 1.19840917215332e+01 8.28373775234110e+02
7.79283234864643e+02 9.98151980184399e+00 1.19840917215332e+01 8.28373775234110e+02
8.07089087584225e+02 1.08762175898904e+01 1.26718477133455e+01 8.59036603014733e+02
8.07089087584225e+02 1.08762175898904e+01 1.26718477133455e+01 8.59036603014733e+02
8.35050020310563e+02 1.18840808973835e+01 1.33109874515488e+01 8.89548547100455e+02
8.35050020310563e+02 1.18840808973835e+01 1.33109874515488e+01 8.89548547100455e+02
8.62989871912912e+02 1.29962610344406e+01 1.38924802982292e+01 9.19700532205392e+02
8.62989871912912e+02 1.29962610344406e+01 1.38924802982292e+01 9.19700532205392e+02
8.90908642391271e+02 1.42127580010619e+01 1.44163262533868e+01 9.49492558329543e+02
8.90908642391271e+02 1.42127580010619e+01 1.44163262533868e+01 9.49492558329543e+02
9.18806331745641e+02 1.55335717972471e+01 1.48825253170215e+01 9.78924625472908e+02
9.18806331745641e+02 1.55335717972471e+01 1.48825253170215e+01 9.78924625472908e+02
9.46682939976021e+02 1.69587024229965e+01 1.52910774891334e+01 1.00799673363549e+03
9.46682939976021e+02 1.69587024229965e+01 1.52910774891334e+01 1.00799673363549e+03
9.74538467082411e+02 1.84881498783099e+01 1.56419827697225e+01 1.03670888281728e+03
9.74538467082411e+02 1.84881498783099e+01 1.56419827697225e+01 1.03670888281728e+03
1.00129438306129e+03 2.00605832891502e+01 1.61666601536009e+01 1.06510776053970e+03
1.00129438306129e+03 2.00605832891502e+01 1.61666601536009e+01 1.06510776053970e+03
1.02692923939589e+03 2.16747829803331e+01 1.68697118253876e+01 1.09319429526843e+03
1.02692923939589e+03 2.16747829803331e+01 1.68697118253876e+01 1.09319429526843e+03
1.05145924656094e+03 2.32505338109694e+01 1.77954657573249e+01 1.12124527992823e+03
1.05145924656094e+03 2.32505338109694e+01 1.77954657573249e+01 1.12124527992823e+03
1.07488927520569e+03 2.47637340923841e+01 1.89572408686934e+01 1.14934388057512e+03
1.07488927520569e+03 2.47637340923841e+01 1.89572408686934e+01 1.14934388057512e+03
1.09721932533014e+03 2.62143838245774e+01 2.03550371594930e+01 1.17749009720911e+03
1.09721932533014e+03 2.62143838245774e+01 2.03550371594930e+01 1.17749009720911e+03
1.11844939693430e+03 2.76024830075492e+01 2.19888546297236e+01 1.20568392983018e+03
1.11844939693430e+03 2.76024830075492e+01 2.19888546297236e+01 1.20568392983018e+03
1.13857949001816e+03 2.89280316412995e+01 2.38586932793854e+01 1.23392537843833e+03
1.13857949001816e+03 2.89280316412995e+01 2.38586932793854e+01 1.23392537843833e+03
1.15767264533976e+03 3.02400507240927e+01 2.59789574941995e+01 1.26212718639421e+03
1.15767264533976e+03 3.02400507240927e+01 2.59789574941995e+01 1.26212718639421e+03
1.17599408234452e+03 3.17447770204597e+01 2.84102481189336e+01 1.28992225535984e+03
1.17599408234452e+03 3.17447770204597e+01 2.84102481189336e+01 1.28992225535984e+03
1.19354380103243e+03 3.34422105304006e+01 3.11525651535879e+01 1.31731058533521e+03
1.19354380103243e+03 3.34422105304006e+01 3.11525651535879e+01 1.31731058533521e+03
1.21140033140702e+03 3.53936821279526e+01 3.39744896033503e+01 1.34424548879893e+03
1.21140033140702e+03 3.53936821279526e+01 3.39744896033503e+01 1.34424548879893e+03
1.22958512198506e+03 3.76004114883000e+01 3.68714192836016e+01 1.37072603728531e+03
1.22958512198506e+03 3.76004114883000e+01 3.68714192836016e+01 1.37072603728531e+03
1.24809817276655e+03 4.00623986114427e+01 3.98433541943420e+01 1.39675223079434e+03
1.24809817276655e+03 4.00623986114427e+01 3.98433541943420e+01 1.39675223079434e+03
1.26693948375149e+03 4.27796434973809e+01 4.28902943355714e+01 1.42232406932605e+03
1.26693948375149e+03 4.27796434973809e+01 4.28902943355714e+01 1.42232406932605e+03
1.28610905493989e+03 4.57521461461144e+01 4.60122397072898e+01 1.44744155288041e+03
1.28610905493989e+03 4.57521461461144e+01 4.60122397072898e+01 1.44744155288041e+03
1.30514297194565e+03 4.89994784770573e+01 4.92256416033428e+01 1.47207140156091e+03
1.30514297194565e+03 4.89994784770573e+01 4.92256416033428e+01 1.47207140156091e+03
1.32335567739559e+03 5.25505632269569e+01 5.25548112029758e+01 1.49616443543451e+03
1.32335567739559e+03 5.25505632269569e+01 5.25548112029758e+01 1.49616443543451e+03
1.34068413053165e+03 5.63563793975491e+01 5.59853441204677e+01 1.51980791114058e+03
1.34068413053165e+03 5.63563793975491e+01 5.59853441204677e+01 1.51980791114058e+03
1.35686311190843e+03 6.02106902243026e+01 5.94566395110505e+01 1.54336892701709e+03
1.35686311190843e+03 6.02106902243026e+01 5.94566395110505e+01 1.54336892701709e+03
1.37189262152593e+03 6.41134957072175e+01 6.29686973747243e+01 1.56684748306404e+03
1.37189262152593e+03 6.41134957072175e+01 6.29686973747243e+01 1.56684748306404e+03
1.38577265938415e+03 6.80647958462939e+01 6.65215177114891e+01 1.59024357928142e+03
1.38577265938415e+03 6.80647958462939e+01 6.65215177114891e+01 1.59024357928142e+03
1.39850322548308e+03 7.20645906415316e+01 7.01151005213449e+01 1.61355721566924e+03
1.39850322548308e+03 7.20645906415316e+01 7.01151005213449e+01 1.61355721566924e+03
1.41008431982273e+03 7.61128800929307e+01 7.37494458042916e+01 1.63678839222750e+03
1.41008431982273e+03 7.61128800929307e+01 7.37494458042916e+01 1.63678839222750e+03
1.42074544377477e+03 8.03126051437204e+01 7.74802142550711e+01 1.65962439766877e+03
1.42074544377477e+03 8.03126051437204e+01 7.74802142550711e+01 1.65962439766877e+03
1.43063018805413e+03 8.47281722221843e+01 8.13422307590169e+01 1.68186957984072e+03
1.43063018805413e+03 8.47281722221843e+01 8.13422307590169e+01 1.68186957984072e+03
1.44020246704689e+03 8.93400094089085e+01 8.53190440222836e+01 1.70355721863987e+03
1.44020246704689e+03 8.93400094089085e+01 8.53190440222836e+01 1.70355721863987e+03
1.45014783812625e+03 9.41191939671456e+01 8.93863428656258e+01 1.72473649399926e+03
1.45014783812625e+03 9.41191939671456e+01 8.93863428656258e+01 1.72473649399926e+03
1.46046630129222e+03 9.90657258968956e+01 9.35441272890434e+01 1.74540740591888e+03
1.46046630129222e+03 9.90657258968956e+01 9.35441272890434e+01 1.74540740591888e+03
1.47115785654479e+03 1.04179605198158e+02 9.77923972925365e+01 1.76556995439874e+03
1.47115785654479e+03 1.04179605198158e+02 9.77923972925365e+01 1.76556995439874e+03
1.48222250388397e+03 1.09460831870934e+02 1.02131152876105e+02 1.78522413943884e+03
1.48222250388397e+03 1.09460831870934e+02 1.02131152876105e+02 1.78522413943884e+03
1.49366024330975e+03 1.14909405915223e+02 1.06560394039749e+02 1.80436996103918e+03
1.49366024330975e+03 1.14909405915223e+02 1.06560394039749e+02 1.80436996103918e+03
1.50395419914013e+03 1.20545628712108e+02 1.11199847163537e+02 1.82121144095497e+03
1.50395419914013e+03 1.20545628712108e+02 1.11199847163537e+02 1.82121144095497e+03
1.51278634068621e+03 1.26373756683055e+02 1.16074614280274e+02 1.83537203138789e+03
1.51278634068621e+03 1.26373756683055e+02 1.16074614280274e+02 1.83537203138789e+03
1.51992716657633e+03 1.32290848884833e+02 1.21129034695218e+02 1.84716444362536e+03
1.51992716657633e+03 1.32290848884833e+02 1.21129034695218e+02 1.84716444362536e+03
1.52523308609555e+03 1.38232498889160e+02 1.26328283523036e+02 1.85678432981971e+03
1.52523308609555e+03 1.38232498889160e+02 1.26328283523036e+02 1.85678432981971e+03
1.52870409924387e+03 1.44198706696035e+02 1.31672360763727e+02 1.86423168997094e+03
1.52870409924387e+03 1.44198706696035e+02 1.31672360763727e+02 1.86423168997094e+03
1.53034020602129e+03 1.50189472305458e+02 1.37161266417292e+02 1.86950652407906e+03
1.53034020602129e+03 1.50189472305458e+02 1.37161266417292e+02 1.86950652407906e+03
1.53014140642781e+03 1.56204795717430e+02 1.42795000483731e+02 1.87260883214406e+03
1.53014140642781e+03 1.56204795717430e+02 1.42795000483731e+02 1.87260883214406e+03
1.52807848009091e+03 1.62238971473718e+02 1.48575258920044e+02 1.87348542236562e+03
1.52807848009091e+03 1.62238971473718e+02 1.48575258920044e+02 1.87348542236562e+03
1.52341614734607e+03 1.68148431677911e+02 1.54544717523514e+02 1.87079781594504e+03
1.52341614734607e+03 1.68148431677911e+02 1.54544717523514e+02 1.87079781594504e+03
1.51615440819328e+03 1.73933176330009e+02 1.60703376294142e+02 1.86454601288233e+03
1.51615440819328e+03 1.73933176330009e+02 1.60703376294142e+02 1.86454601288233e+03
1.50781013831455e+03 1.79572904048927e+02 1.66931508851860e+02 1.85652599142226e+03
1.50781013831455e+03 1.79572904048927e+02 1.66931508851860e+02 1.85652599142226e+03
1.49870136839878e+03 1.85063358413201e+02 1.73204013163861e+02 1.84711429936316e+03
1.49870136839878e+03 1.85063358413201e+02 1.73204013163861e+02 1.84711429936316e+03
1.48882809844596e+03 1.90404539422831e+02 1.79520889230148e+02 1.83631093670505e+03
1.48882809844596e+03 1.90404539422831e+02 1.79520889230148e+02 1.83631093670505e+03
1.47819032845609e+03 1.95596447077818e+02 1.85882137050718e+02 1.82411590344791e+03
1.47819032845609e+03 1.95596447077818e+02 1.85882137050718e+02 1.82411590344791e+03
1.46678805842918e+03 2.00639081378161e+02 1.92287756625572e+02 1.81052919959176e+03
1.46678805842918e+03 2.00639081378161e+02 1.92287756625572e+02 1.81052919959176e+03
1.45443622132008e+03 2.05538477137727e+02 1.98607490601225e+02 1.79562761871471e+03
1.45443622132008e+03 2.05538477137727e+02 1.98607490601225e+02 1.79562761871471e+03
1.44057892144571e+03 2.10312761446486e+02 2.04450078067668e+02 1.77964182975373e+03
1.44057892144571e+03 2.10312761446486e+02 2.04450078067668e+02 1.77964182975373e+03
1.42524537917859e+03 2.14967639762667e+02 2.09813823067904e+02 1.76262502450916e+03
1.42524537917859e+03 2.14967639762667e+02 2.09813823067904e+02 1.76262502450916e+03
1.40917087418325e+03 2.19646679982684e+02 2.14656049804648e+02 1.74591568177969e+03
1.40917087418325e+03 2.19646679982684e+02 2.14656049804648e+02 1.74591568177969e+03
1.39235540645969e+03 2.24349882106537e+02 2.18976758277899e+02 1.72951380156531e+03
1.39235540645969e+03 2.24349882106537e+02 2.18976758277899e+02 1.72951380156531e+03
1.37479897600791e+03 2.29077246134225e+02 2.22775948487658e+02 1.71341938386603e+03
1.37479897600791e+03 2.29077246134225e+02 2.22775948487658e+02 1.71341938386603e+03
1.35650158282792e+03 2.33828772065748e+02 2.26053620433924e+02 1.69763242868184e+03
1.35650158282792e+03 2.33828772065748e+02 2.26053620433924e+02 1.69763242868184e+03
1.33746322691970e+03 2.38604459901107e+02 2.28809774116698e+02 1.68215293601275e+03
1.33746322691970e+03 2.38604459901107e+02 2.28809774116698e+02 1.68215293601275e+03
1.31716590924264e+03 2.43111908069202e+02 2.31048170914683e+02 1.66636499352019e+03
1.31716590924264e+03 2.43111908069202e+02 2.31048170914683e+02 1.66636499352019e+03
1.29500474120796e+03 2.47009667339772e+02 2.32773203143068e+02 1.64954937526732e+03
1.29500474120796e+03 2.47009667339772e+02 2.32773203143068e+02 1.64954937526732e+03
1.27116478986079e+03 2.50291702898948e+02 2.34115128155341e+02 1.63162928767601e+03
1.27116478986079e+03 2.50291702898948e+02 2.34115128155341e+02 1.63162928767601e+03
1.24620195088423e+03 2.52939887656764e+02 2.35465206861508e+02 1.61237406180928e+03
1.24620195088423e+03 2.52939887656764e+02 2.35465206861508e+02 1.61237406180928e+03
1.22011622427827e+03 2.54954221613218e+02 2.36823439261569e+02 1.59178369766715e+03
1.22011622427827e+03 2.54954221613218e+02 2.36823439261569e+02 1.59178369766715e+03
1.19290761004292e+03 2.56334704768311e+02 2.38189825355523e+02 1.56985819524961e+03
1.19290761004292e+03 2.56334704768311e+02 2.38189825355523e+02 1.56985819524961e+03
1.16457610817816e+03 2.57081337122044e+02 2.39564365143370e+02 1.54659755455666e+03
1.16457610817816e+03 2.57081337122044e+02 2.39564365143370e+02 1.54659755455666e+03
1.13512171868400e+03 2.57194118674415e+02 2.40947058625111e+02 1.52200177558830e+03
1.13512171868400e+03 2.57194118674415e+02 2.40947058625111e+02 1.52200177558830e+03
1.10476347958652e+03 2.56635682664026e+02 2.41889475521472e+02 1.49546927047899e+03
1.10476347958652e+03 2.56635682664026e+02 2.41889475521472e+02 1.49546927047899e+03
1.07360788865412e+03 2.55387861118984e+02 2.42173586000454e+02 1.46670754314335e+03
1.07360788865412e+03 2.55387861118984e+02 2.42173586000454e+02 1.46670754314335e+03
1.04217294492743e+03 2.53743055610387e+02 2.41795628683355e+02 1.43633250591992e+03
1.04217294492743e+03 2.53743055610387e+02 2.41795628683355e+02 1.43633250591992e+03
1.01106353699521e+03 2.52042715368498e+02 2.40751211254983e+02 1.40506338474557e+03
1.01106353699521e+03 2.52042715368498e+02 2.40751211254983e+02 1.40506338474557e+03
9.80279664857475e+02 2.50286840393315e+02 2.39040333715339e+02 1.37290017962029e+03
9.80279664857475e+02 2.50286840393315e+02 2.39040333715339e+02 1.37290017962029e+03
9.49821328514218e+02 2.48475430684840e+02 2.36662996064423e+02 1.33984289054409e+03
9.49821328514218e+02 2.48475430684840e+02 2.36662996064423e+02 1.33984289054409e+03
9.19688527965441e+02 2.46608486243073e+02 2.33619198302235e+02 1.30589151751696e+03
9.19688527965441e+02 2.46608486243073e+02 2.33619198302235e+02 1.30589151751696e+03
8.89881263211142e+02 2.44686007068013e+02 2.29908940428775e+02 1.27104606053890e+03
8.89881263211142e+02 2.44686007068013e+02 2.29908940428775e+02 1.27104606053890e+03
8.60144382067756e+02 2.42331798918889e+02 2.25609746833533e+02 1.23513849411733e+03
8.60144382067756e+02 2.42331798918889e+02 2.25609746833533e+02 1.23513849411733e+03
8.30444532921222e+02 2.39496688455486e+02 2.20731750933682e+02 1.19814685519751e+03
8.30444532921222e+02 2.39496688455486e+02 2.20731750933682e+02 1.19814685519751e+03
8.00562677745464e+02 2.36218042439202e+02 2.15723383008496e+02 1.16067273164496e+03
8.00562677745464e+02 2.36218042439202e+02 2.15723383008496e+02 1.16067273164496e+03
7.70392318772080e+02 2.32514028841932e+02 2.10802672889973e+02 1.12300861954507e+03
7.70392318772080e+02 2.32514028841932e+02 2.10802672889973e+02 1.12300861954507e+03
7.39933456001069e+02 2.28384647663675e+02 2.05969620578114e+02 1.08515451889784e+03
7.39933456001069e+02 2.28384647663675e+02 2.05969620578114e+02 1.08515451889784e+03
7.09186089432431e+02 2.23829898904431e+02 2.01224226072917e+02 1.04711042970327e+03
7.09186089432431e+02 2.23829898904431e+02 2.01224226072917e+02 1.04711042970327e+03
6.78150219066167e+02 2.18849782564200e+02 1.96566489374384e+02 1.00887635196137e+03
6.78150219066167e+02 2.18849782564200e+02 1.96566489374384e+02 1.00887635196137e+03
6.46885021455873e+02 2.13417209798909e+02 1.91981946526712e+02 9.70493025775638e+02
6.46885021455873e+02 2.13417209798909e+02 1.91981946526712e+02 9.70493025775638e+02
6.15948114342450e+02 2.07276923769193e+02 1.87334304388976e+02 9.32344343128659e+02
6.15948114342450e+02 2.07276923769193e+02 1.87334304388976e+02 9.32344343128659e+02
5.85339497725900e+02 2.00428924475050e+02 1.82623562961177e+02 8.94430304020436e+02
5.85339497725900e+02 2.00428924475050e+02 1.82623562961177e+02 8.94430304020436e+02
5.55314323789788e+02 1.93249406157253e+02 1.77772197853823e+02 8.56918933943542e+02
5.55314323789788e+02 1.93249406157253e+02 1.77772197853823e+02 8.56918933943542e+02
5.25905944148175e+02 1.85787542156016e+02 1.72770075649742e+02 8.19832195952742e+02
5.25905944148175e+02 1.85787542156016e+02 1.72770075649742e+02 8.19832195952742e+02
4.97114358801060e+02 1.78043332471341e+02 1.67617196348935e+02 7.83170090048034e+02
4.97114358801060e+02 1.78043332471341e+02 1.67617196348935e+02 7.83170090048034e+02
4.68939567748443e+02 1.70016777103226e+02 1.62313559951401e+02 7.46932616229418e+02
4.68939567748443e+02 1.70016777103226e+02 1.62313559951401e+02 7.46932616229418e+02
4.41381570990325e+02 1.61707876051672e+02 1.56859166457141e+02 7.11119774496895e+02
4.41381570990325e+02 1.61707876051672e+02 1.56859166457141e+02 7.11119774496895e+02
4.14698524130188e+02 1.53170256478581e+02 1.51222349113725e+02 6.75937983597149e+02
4.14698524130188e+02 1.53170256478581e+02 1.51222349113725e+02 6.75937983597149e+02
3.89471839557631e+02 1.44524696302111e+02 1.45331788755689e+02 6.41852135305331e+02
3.89471839557631e+02 1.44524696302111e+02 1.45331788755689e+02 6.41852135305331e+02
3.65642340719060e+02 1.35798284366334e+02 1.39201949338835e+02 6.08821489517931e+02
3.65642340719060e+02 1.35798284366334e+02 1.39201949338835e+02 6.08821489517931e+02
3.42652409873572e+02 1.27246277510617e+02 1.32969124004088e+02 5.76462154252365e+02
3.42652409873572e+02 1.27246277510617e+02 1.32969124004088e+02 5.76462154252365e+02
3.20502047021168e+02 1.18868675734959e+02 1.26633312751447e+02 5.44774129508635e+02
3.20502047021168e+02 1.18868675734959e+02 1.26633312751447e+02 5.44774129508635e+02
2.99191252161846e+02 1.10665479039360e+02 1.20194515580913e+02 5.13757415286739e+02
2.99191252161846e+02 1.10665479039360e+02 1.20194515580913e+02 5.13757415286739e+02
2.78720025295607e+02 1.02636687423821e+02 1.13652732492485e+02 4.83412011586677e+02
2.78720025295607e+02 1.02636687423821e+02 1.13652732492485e+02 4.83412011586677e+02
2.59088366422452e+02 9.47823008883413e+01 1.07007963486164e+02 4.53737918408450e+02
2.59088366422452e+02 9.47823008883413e+01 1.07007963486164e+02 4.53737918408450e+02
2.40475037214037e+02 8.72617725614813e+01 1.00373774440348e+02 4.25031107643016e+02
2.40475037214037e+02 8.72617725614813e+01 1.00373774440348e+02 4.25031107643016e+02
2.23045690676135e+02 8.02228628092103e+01 9.38554034015088e+01 3.97565847442521e+02
2.23045690676135e+02 8.02228628092103e+01 9.38554034015088e+01 3.97565847442521e+02
2.06542171205263e+02 7.36119444696260e+01 8.74845171220763e+01 3.71135719060284e+02
2.06542171205263e+02 7.36119444696260e+01 8.74845171220763e+01 3.71135719060284e+02
1.90383066411820e+02 6.73082396245712e+01 8.13324347675150e+01 3.45275830721152e+02
1.90383066411820e+02 6.73082396245712e+01 8.13324347675150e+01 3.45275830721152e+02
1.74568376295806e+02 6.13117482740460e+01 7.53991563378247e+01 3.19986182425127e+02
1.74568376295806e+02 6.13117482740460e+01 7.53991563378247e+01 3.19986182425127e+02
1.59098100857221e+02 5.56224704180504e+01 6.96846818330056e+01 2.95266774172207e+02
1.59098100857221e+02 5.56224704180504e+01 6.96846818330056e+01 2.95266774172207e+02
1.43972240096065e+02 5.02404060565843e+01 6.41890112530575e+01 2.71117605962394e+02
1.43972240096065e+02 5.02404060565843e+01 6.41890112530575e+01 2.71117605962394e+02
1.29190794012338e+02 4.51655551896479e+01 5.89121445979806e+01 2.47538677795687e+02
1.29190794012338e+02 4.51655551896479e+01 5.89121445979806e+01 2.47538677795687e+02
1.15459128829258e+02 4.05717706515320e+01 5.39645735008268e+01 2.25487777158121e+02
1.15459128829258e+02 4.05717706515320e+01 5.39645735008268e+01 2.25487777158121e+02
1.03037373633830e+02 3.65231669086919e+01 4.93870457131630e+01 2.05318122528388e+02
1.03037373633830e+02 3.65231669086919e+01 4.93870457131630e+01 2.05318122528388e+02
9.17467667543936e+01 3.28602908325675e+01 4.50659953565914e+01 1.86733742015531e+02
9.17467667543936e+01 3.28602908325675e+01 4.50659953565914e+01 1.86733742015531e+02
8.14216551851795e+01 2.94353820571893e+01 4.08961843846386e+01 1.69460367467401e+02
8.14216551851795e+01 2.94353820571893e+01 4.08961843846386e+01 1.69460367467401e+02
7.20620389261874e+01 2.62484405825574e+01 3.68776127973048e+01 1.53497998883998e+02
7.20620389261874e+01 2.62484405825574e+01 3.68776127973048e+01 1.53497998883998e+02
6.36679179774171e+01 2.32994664086716e+01 3.30102805945898e+01 1.38846636265322e+02
6.36679179774171e+01 2.32994664086716e+01 3.30102805945898e+01 1.38846636265322e+02
5.62392923388686e+01 2.05884595355320e+01 2.92941877764938e+01 1.25506279611373e+02
5.62392923388686e+01 2.05884595355320e+01 2.92941877764938e+01 1.25506279611373e+02
4.97761620105421e+01 1.81154199631387e+01 2.57293343430166e+01 1.13476928922151e+02
4.97761620105421e+01 1.81154199631387e+01 2.57293343430166e+01 1.13476928922151e+02
4.44231804272438e+01 1.59659245402012e+01 2.25305249345127e+01 1.03046686594085e+02
4.44231804272438e+01 1.59659245402012e+01 2.25305249345127e+01 1.03046686594085e+02
4.01892347352056e+01 1.41452308948539e+01 1.97109566123076e+01 9.42332529198120e+01
4.01892347352056e+01 1.41452308948539e+01 1.97109566123076e+01 9.42332529198120e+01
3.63689587112097e+01 1.24794861928058e+01 1.71601377433496e+01 8.60788404132961e+01
3.63689587112097e+01 1.24794861928058e+01 1.71601377433496e+01 8.60788404132961e+01
3.27022232682520e+01 1.09045759676016e+01 1.48373205760716e+01 7.82302305958453e+01
3.27022232682520e+01 1.09045759676016e+01 1.48373205760716e+01 7.82302305958453e+01
2.91890284063326e+01 9.42050021924139e+00 1.27425051104736e+01 7.06874234674595e+01
2.91890284063326e+01 9.42050021924139e+00 1.27425051104736e+01 7.06874234674595e+01
2.58293741254514e+01 8.02725894772510e+00 1.08756913465557e+01 6.34504190281388e+01
2.58293741254514e+01 8.02725894772510e+00 1.08756913465557e+01 6.34504190281388e+01
2.26232604256084e+01 6.72485215305273e+00 9.23687928431789e+00 5.65192172778831e+01
2.26232604256084e+01 6.72485215305273e+00 9.23687928431789e+00 5.65192172778831e+01
1.96012672347755e+01 5.52719900494234e+00 7.83394236156177e+00 4.99454812377171e+01
1.96012672347755e+01 5.52719900494234e+00 7.83394236156177e+00 4.99454812377171e+01
1.69318214630979e+01 4.51096295235803e+00 6.71024558563385e+00 4.40137584385555e+01
1.69318214630979e+01 4.51096295235803e+00 6.71024558563385e+00 4.40137584385555e+01
1.46149231105754e+01 3.67614399529979e+00 5.86578895653413e+00 3.87240488803985e+01
1.46149231105754e+01 3.67614399529979e+00 5.86578895653413e+00 3.87240488803985e+01
1.25059187424019e+01 2.93716528505792e+00 5.08576783390837e+00 3.37882501668166e+01
1.25059187424019e+01 2.93716528505792e+00 5.08576783390837e+00 3.37882501668166e+01
1.05959212123454e+01 2.28876919349819e+00 4.35698515643077e+00 2.91886620051742e+01
1.05959212123454e+01 2.28876919349819e+00 4.35698515643077e+00 2.91886620051742e+01
8.88493052040590e+00 1.73095572062060e+00 3.67944092410132e+00 2.49252843954713e+01
8.88493052040590e+00 1.73095572062060e+00 3.67944092410132e+00 2.49252843954713e+01
7.37294666658337e+00 1.26372486642514e+00 3.05313513692003e+00 2.09981173377077e+01
7.37294666658337e+00 1.26372486642514e+00 3.05313513692003e+00 2.09981173377077e+01
6.05996965087783e+00 8.87076630911822e-01 2.47806779488689e+00 1.74071608318837e+01
6.05996965087783e+00 8.87076630911822e-01 2.47806779488689e+00 1.74071608318837e+01
4.96533520394435e+00 6.05195395458439e-01 1.96927624771765e+00 1.42346579784809e+01
4.96533520394435e+00 6.05195395458439e-01 1.96927624771765e+00 1.42346579784809e+01
4.12265220037863e+00 4.25354345210968e-01 1.55289803372747e+00 1.16235616402467e+01
4.12265220037863e+00 4.25354345210968e-01 1.55289803372747e+00 1.16235616402467e+01
3.50134071220882e+00 3.33634310451374e-01 1.22105971511466e+00 9.52220879615646e+00
3.50134071220882e+00 3.33634310451374e-01 1.22105971511466e+00 9.52220879615646e+00
2.93297382928977e+00 2.53371842215554e-01 9.30396284532739e-01 7.64605191529538e+00
2.93297382928977e+00 2.53371842215554e-01 9.30396284532739e-01 7.64605191529538e+00
2.41755155162148e+00 1.84566940503509e-01 6.80907741981707e-01 5.99509099766345e+00
2.41755155162148e+00 1.84566940503509e-01 6.80907741981707e-01 5.99509099766345e+00
1.95507387920395e+00 1.27219605315237e-01 4.72594087461563e-01 4.56932604326066e+00
1.95507387920395e+00 1.27219605315237e-01 4.72594087461563e-01 4.56932604326066e+00
1.54554081203718e+00 8.13298366507395e-02 3.05455320972306e-01 3.36875705208700e+00
1.54554081203718e+00 8.13298366507395e-02 3.05455320972306e-01 3.36875705208700e+00
1.18895235012117e+00 4.68976345100157e-02 1.79491442513936e-01 2.39338402414249e+00
1.18895235012117e+00 4.68976345100157e-02 1.79491442513936e-01 2.39338402414249e+00
8.97829201138353e-01 2.41677652945978e-02 9.57104145459779e-02 1.66521689624633e+00
8.97829201138353e-01 2.41677652945978e-02 9.57104145459779e-02 1.66521689624633e+00
6.81359695088182e-01 1.33198509976742e-02 5.48519310170541e-02 1.20040767576831e+00
6.81359695088182e-01 1.33198509976742e-02 5.48519310170541e-02 1.20040767576831e+00
5.20208101315576e-01 1.01695102414441e-02 4.18786422114119e-02 9.16713262226600e-01
5.20208101315576e-01 1.01695102414441e-02 4.18786422114119e-02 9.16713262226600e-01
3.80765545224850e-01 7.44355787993418e-03 3.06530098139154e-02 6.71180792873891e-01
3.80765545224850e-01 7.44355787993418e-03 3.06530098139154e-02 6.71180792873891e-01
3.11587408868327e-01 6.09119953645098e-03 2.50839184944982e-02 5.49369337636402e-01
3.11587408868327e-01 6.09119953645098e-03 2.50839184944982e-02 5.49369337636402e-01
1.73231136155283e-01 3.38648284948460e-03 1.39457358556639e-02 3.05746427161427e-01
1.73231136155283e-01 3.38648284948460e-03 1.39457358556639e-02 3.05746427161427e-01
3.48748634422382e-02 6.81766162518208e-04 2.80755321682952e-03 6.21235166864524e-02
3.48748634422382e-02 6.81766162518208e-04 2.80755321682952e-03 6.21235166864524e-02
0.00000000000000e+00 0.00000000000000e+00 0.00000000000000e+00 0.00000000000000e+00
0.00000000000000e+00 0.00000000000000e+00 0.00000000000000e+00 0.00000000000000e+00
0.00000000000000e+00 0.00000000000000e+00 0.00000000000000e+00 0.00000000000000e+00
0.00000000000000e+00 0.00000000000000e+00 0.00000000000000e+00 0.00000000000000e+00
---
