6.309573400000000021e+01 7.943282299999999907e+01 4.663218569537718849e+00
1.000000000000000000e+02 1.258925399999999968e+02 2.343484385048955687e+01
1.258925399999999968e+02 1.584893199999999922e+02 3.259678000000000253e+01
1.584893199999999922e+02 1.995262299999999982e+02 4.103690999999999889e+01
1.995262299999999982e+02 2.511886399999999924e+02 5.166240999999999417e+01
2.511886399999999924e+02 3.162277700000000209e+02 6.503913000000000011e+01
3.162277700000000209e+02 3.981071699999999964e+02 8.187940000000000396e+01
3.981071699999999964e+02 5.011872299999999996e+02 1.030800600000000031e+02
5.011872299999999996e+02 6.309573400000000447e+02 1.297701099999999883e+02
6.309573400000000447e+02 7.943282299999999623e+02 1.633708900000000028e+02
7.943282299999999623e+02 1.000000000000000000e+03 2.056717700000000093e+02
1.000000000000000000e+03 1.258925400000000081e+03 2.589254000000000246e+02
1.258925400000000081e+03 1.584893199999999979e+03 3.259678000000000111e+02
1.584893199999999979e+03 1.258925400000000081e+04 4.771664533972957543e+02
