0.000000000000000000e+00
0.000000000000000000e+00
0.000000000000000000e+00
0.000000000000000000e+00
0.000000000000000000e+00
0.000000000000000000e+00
0.000000000000000000e+00
0.000000000000000000e+00
0.000000000000000000e+00
0.000000000000000000e+00
0.000000000000000000e+00
0.000000000000000000e+00
0.000000000000000000e+00
0.000000000000000000e+00
0.000000000000000000e+00
0.000000000000000000e+00
0.000000000000000000e+00
0.000000000000000000e+00
0.000000000000000000e+00
0.000000000000000000e+00
0.000000000000000000e+00
0.000000000000000000e+00
0.000000000000000000e+00
0.000000000000000000e+00
0.000000000000000000e+00
0.000000000000000000e+00
0.000000000000000000e+00
0.000000000000000000e+00
0.000000000000000000e+00
0.000000000000000000e+00
0.000000000000000000e+00
0.000000000000000000e+00
0.000000000000000000e+00
0.000000000000000000e+00
0.000000000000000000e+00
0.000000000000000000e+00
0.000000000000000000e+00
0.000000000000000000e+00
0.000000000000000000e+00
0.000000000000000000e+00
0.000000000000000000e+00
0.000000000000000000e+00
0.000000000000000000e+00
0.000000000000000000e+00
0.000000000000000000e+00
0.000000000000000000e+00
0.000000000000000000e+00
0.000000000000000000e+00
0.000000000000000000e+00
0.000000000000000000e+00
0.000000000000000000e+00
0.000000000000000000e+00
0.000000000000000000e+00
0.000000000000000000e+00
1.786398930427630649e-01
0.000000000000000000e+00
5.218423616468753634e-01
nan
6.415091959914670516e-01
5.625348686569878742e-01
7.580957881128536080e-01
1.273651788306355614e+00
1.899298286550701542e+00
2.811552455397239303e+00
3.770740512841792125e+00
5.029543816014305335e+00
6.127211829787748698e+00
6.930948352730665007e+00
7.509311485796679619e+00
8.953435640769315640e+00
9.642056577393608663e+00
1.044913479388057631e+01
1.119868525341508914e+01
1.196191472236576914e+01
1.384437673154081239e+01
1.435111237948970420e+01
1.489943858992163328e+01
1.559164645068047683e+01
1.632082127709704267e+01
1.666753821140625291e+01
1.765010029582153450e+01
1.887104198586415293e+01
1.984202379209725819e+01
2.106485701253870246e+01
2.268361611025457236e+01
2.372702854499667069e+01
2.476317624224586211e+01
2.532211390286824226e+01
2.631440307358771591e+01
2.746296863102872976e+01
2.826872019556907034e+01
2.970950775576278247e+01
3.082864174442055116e+01
3.196182040818285586e+01
3.348342761836605064e+01
3.486802531329561106e+01
3.657346538110837031e+01
3.829899057822597541e+01
3.976298784673635112e+01
4.185142062792489526e+01
4.401956249500787521e+01
4.529773733204852704e+01
4.684006079811352663e+01
4.890454059850416968e+01
5.037496344888113953e+01
5.159979310846261313e+01
5.360210565233294489e+01
5.493993096886661220e+01
5.663695498077093049e+01
5.925211574282523230e+01
6.083403874997063099e+01
6.268356062510216020e+01
6.481023683616879794e+01
7.059564805198851900e+01
7.425661243698159808e+01
7.799787985333381357e+01
8.082405308802076149e+01
8.349461341051146235e+01
8.550550621689070852e+01
8.662847535372594621e+01
8.803570378969754984e+01
8.962315489401089508e+01
9.106209658212438285e+01
9.079687911068467088e+01
9.052483116767970728e+01
9.193683983077798416e+01
9.251926444077234635e+01
9.338242283931380427e+01
9.382967698205557383e+01
9.435127791675917308e+01
9.497736697313310117e+01
9.572442716039979871e+01
9.699466268568215810e+01
9.777522668560837360e+01
9.820161477150639939e+01
9.813546410816213950e+01
9.891937246589908739e+01
9.917959572814480396e+01
9.999582109056497359e+01
1.000309767664999043e+02
1.001623797957470288e+02
1.001112611242673864e+02
1.010592769201262797e+02
1.012752681192521891e+02
1.014352650949905694e+02
1.010652393253432137e+02
1.009763871994291549e+02
1.000976586544163780e+02
9.951244177424634074e+01
9.819095527942234014e+01
9.766815051363379041e+01
9.755925902786856341e+01
9.635565277615063451e+01
9.592501028797830998e+01
9.444035537138694281e+01
9.292220320871578565e+01
9.167541699944725053e+01
8.974882640247948018e+01
8.753294558885257004e+01
8.564103475179760494e+01
8.376754751843066060e+01
8.145480624063867481e+01
7.852189770556991277e+01
7.572864733241227952e+01
7.339916487943625611e+01
7.073196413173182862e+01
6.778321356757139426e+01
6.440229506836251971e+01
6.152988641788864044e+01
5.841293408540881416e+01
5.504455514584301312e+01
5.148849686346709120e+01
4.881598827302892118e+01
4.537701306253126177e+01
4.194822007747342241e+01
3.880757758615556696e+01
3.537168043061995348e+01
3.185268190641814812e+01
2.863008693708876606e+01
2.553120140816148265e+01
2.256663629665247583e+01
2.030040697551794082e+01
1.794374494623432525e+01
1.565326170552128460e+01
1.346192294692165348e+01
1.145426116591742094e+01
9.500641995390829209e+00
7.859841109185219388e+00
6.631100614715744079e+00
4.545983617890781758e+00
nan
0.000000000000000000e+00
0.000000000000000000e+00
0.000000000000000000e+00
0.000000000000000000e+00
0.000000000000000000e+00
0.000000000000000000e+00
0.000000000000000000e+00
0.000000000000000000e+00
0.000000000000000000e+00
0.000000000000000000e+00
