0.000000000000000000e+00
0.000000000000000000e+00
0.000000000000000000e+00
0.000000000000000000e+00
0.000000000000000000e+00
0.000000000000000000e+00
0.000000000000000000e+00
0.000000000000000000e+00
0.000000000000000000e+00
0.000000000000000000e+00
0.000000000000000000e+00
1.111660142792010447e-01
4.352299444475886125e-01
1.311139252029873914e+00
2.110064307223732616e+00
2.864205662063713298e+00
3.641318182979306428e+00
4.617723894427066433e+00
5.508792384274016740e+00
6.760954214258078743e+00
8.266383218530323873e+00
9.516040946393605537e+00
1.123521159850662698e+01
1.354425192012164203e+01
1.430425154227945583e+01
1.426361495404548485e+01
1.412211197533433804e+01
1.375371952747323867e+01
1.310714307833946002e+01
1.201146144788526726e+01
1.053540218241350246e+01
8.851582731764359835e+00
6.934675703063109431e+00
5.076832710156576667e+00
3.366110411809438041e+00
1.908114624026458817e+00
8.457185525235817458e-01
2.650621773995835428e-01
0.000000000000000000e+00
0.000000000000000000e+00
0.000000000000000000e+00
