0.000000000000000000e+00
0.000000000000000000e+00
0.000000000000000000e+00
0.000000000000000000e+00
0.000000000000000000e+00
0.000000000000000000e+00
0.000000000000000000e+00
0.000000000000000000e+00
0.000000000000000000e+00
0.000000000000000000e+00
4.917497799857494661e-02
1.816985748669021350e-01
4.967033995425528259e-01
1.406567097509308750e+00
2.361760442401198645e+00
3.369860453776897469e+00
4.435049951286664793e+00
5.595322324015797655e+00
6.631045096365058455e+00
7.967234037481951248e+00
9.585653844576283333e+00
1.099456607428498245e+01
1.288041238999653437e+01
1.534204577252593005e+01
1.583729724551127838e+01
1.577504977142640818e+01
1.555817154592156015e+01
1.501040186559309575e+01
1.417320733957914669e+01
1.287038227163153259e+01
1.120888969587342388e+01
9.363743697463039695e+00
7.308908069984664913e+00
5.320601267069127616e+00
3.505637750579112311e+00
1.979495717455410864e+00
8.748056635842255124e-01
2.724357962585669535e-01
0.000000000000000000e+00
0.000000000000000000e+00
0.000000000000000000e+00
