2.964824678255297385e+00
8.339926648457325342e+00
1.120147776678997253e+01
1.265180242273737754e+01
1.337911924393762142e+01
1.368888548899749757e+01
1.377934538401044229e+01
1.366160066437455356e+01
1.343582506112955421e+01
1.314000554067280646e+01
1.282734509247091914e+01
1.249117386551279019e+01
1.215901602037195417e+01
1.178240280119041650e+01
1.142053793451796295e+01
1.107923271689872635e+01
1.072234145951402340e+01
1.039299524829633548e+01
1.003137683934892976e+01
9.740623008057623267e+00
9.424902347577196693e+00
9.112245477255086712e+00
8.828289694990898440e+00
8.553183751019565406e+00
8.293896249588957659e+00
8.034394139251855194e+00
7.774796313929892122e+00
7.567482476733422558e+00
7.340374507775623059e+00
7.106426030502404068e+00
6.898688202276807679e+00
6.699356162459921826e+00
6.453460247358083990e+00
6.290158394058511959e+00
6.123871660151579022e+00
5.930530252405231906e+00
5.744406257370738622e+00
5.610963745636267319e+00
5.422979620961006830e+00
5.262280377724347424e+00
5.079877169078009125e+00
4.948092389529192836e+00
4.823648856898166137e+00
4.694716518584312936e+00
4.534656461995239418e+00
4.409396471262801320e+00
4.272157580428776136e+00
4.121725667698592055e+00
4.014388984010607508e+00
3.892425744275778587e+00
3.765106827620548824e+00
3.635180701565111416e+00
3.556278885417085256e+00
3.414176669745839554e+00
3.286562254709295861e+00
3.201527252117831068e+00
3.086750907358271512e+00
2.988569012687409820e+00
2.895168818358138552e+00
2.778513532491048821e+00
2.688068975976113162e+00
2.607745524249952762e+00
2.487321688771969797e+00
2.424987527962901179e+00
2.363583916533279261e+00
2.222878435159735488e+00
2.165529160825228949e+00
2.100676562847007656e+00
1.988591763374931487e+00
1.928432044768449538e+00
1.843386412965376087e+00
1.779112449492629144e+00
1.699254893477821993e+00
1.627911292455101799e+00
1.539129914117035369e+00
1.503479288352384868e+00
1.414850196761288093e+00
1.360724614091422646e+00
1.291466256905445587e+00
1.238757237417628998e+00
1.173030675416719903e+00
1.093406901371473339e+00
1.030343301167010672e+00
9.678607199441051634e-01
9.729766739581978685e-01
8.765032800581025185e-01
8.549894607366840260e-01
8.059430754037338884e-01
7.083569573445024359e-01
6.952739842100175149e-01
6.696036637468285591e-01
5.905864258511412945e-01
5.767359746073815741e-01
5.136429282774196414e-01
5.180773525649891020e-01
4.899155287116505608e-01
4.502643989592066132e-01
3.955919358898697391e-01
3.997842323295283662e-01
3.626670093820826835e-01
