0.000000000000000000e+00
0.000000000000000000e+00
0.000000000000000000e+00
0.000000000000000000e+00
0.000000000000000000e+00
0.000000000000000000e+00
0.000000000000000000e+00
0.000000000000000000e+00
0.000000000000000000e+00
0.000000000000000000e+00
0.000000000000000000e+00
0.000000000000000000e+00
0.000000000000000000e+00
0.000000000000000000e+00
0.000000000000000000e+00
0.000000000000000000e+00
0.000000000000000000e+00
0.000000000000000000e+00
0.000000000000000000e+00
0.000000000000000000e+00
0.000000000000000000e+00
0.000000000000000000e+00
0.000000000000000000e+00
0.000000000000000000e+00
0.000000000000000000e+00
0.000000000000000000e+00
0.000000000000000000e+00
0.000000000000000000e+00
0.000000000000000000e+00
0.000000000000000000e+00
0.000000000000000000e+00
0.000000000000000000e+00
0.000000000000000000e+00
0.000000000000000000e+00
0.000000000000000000e+00
0.000000000000000000e+00
0.000000000000000000e+00
0.000000000000000000e+00
0.000000000000000000e+00
0.000000000000000000e+00
0.000000000000000000e+00
0.000000000000000000e+00
0.000000000000000000e+00
0.000000000000000000e+00
0.000000000000000000e+00
0.000000000000000000e+00
0.000000000000000000e+00
0.000000000000000000e+00
0.000000000000000000e+00
0.000000000000000000e+00
0.000000000000000000e+00
0.000000000000000000e+00
0.000000000000000000e+00
0.000000000000000000e+00
0.000000000000000000e+00
0.000000000000000000e+00
0.000000000000000000e+00
0.000000000000000000e+00
0.000000000000000000e+00
0.000000000000000000e+00
0.000000000000000000e+00
0.000000000000000000e+00
0.000000000000000000e+00
0.000000000000000000e+00
0.000000000000000000e+00
0.000000000000000000e+00
0.000000000000000000e+00
0.000000000000000000e+00
0.000000000000000000e+00
0.000000000000000000e+00
0.000000000000000000e+00
0.000000000000000000e+00
0.000000000000000000e+00
0.000000000000000000e+00
0.000000000000000000e+00
0.000000000000000000e+00
0.000000000000000000e+00
0.000000000000000000e+00
0.000000000000000000e+00
0.000000000000000000e+00
0.000000000000000000e+00
0.000000000000000000e+00
0.000000000000000000e+00
0.000000000000000000e+00
0.000000000000000000e+00
0.000000000000000000e+00
0.000000000000000000e+00
0.000000000000000000e+00
0.000000000000000000e+00
0.000000000000000000e+00
0.000000000000000000e+00
0.000000000000000000e+00
0.000000000000000000e+00
0.000000000000000000e+00
0.000000000000000000e+00
0.000000000000000000e+00
0.000000000000000000e+00
0.000000000000000000e+00
0.000000000000000000e+00
0.000000000000000000e+00
0.000000000000000000e+00
0.000000000000000000e+00
0.000000000000000000e+00
7.501269094817586414e-02
2.603395284153072753e-01
4.559701901646022737e-01
6.234416559948389169e-01
7.852434609917003927e-01
9.458456952635233561e-01
1.131340798852369156e+00
1.319699300265545716e+00
1.471431973522448811e+00
1.634849037529525262e+00
1.820772887741372470e+00
2.020124462799857135e+00
2.210639948029163193e+00
2.436851536137047525e+00
2.647124918346750011e+00
2.876070320646570977e+00
3.068476376996434496e+00
3.263801451734302361e+00
3.506560762127233666e+00
3.673059372600802952e+00
3.897595630400084055e+00
4.158572045377426640e+00
4.444097826507241500e+00
4.657222610711490240e+00
4.943224548671277141e+00
5.168338822555718970e+00
5.372844533334091288e+00
5.566797438836523781e+00
5.772125528122208138e+00
5.943802392689035763e+00
6.117331984357140762e+00
6.321336506572000857e+00
6.401013250965208456e+00
6.533540990044257590e+00
6.664800265869833318e+00
6.734394465031131816e+00
6.872977683087705181e+00
6.946268203198012969e+00
7.022023663250495318e+00
7.143436711607065170e+00
7.139807914504917363e+00
7.179393593906727489e+00
7.208447397530019174e+00
7.203406173408485991e+00
7.249042818979815728e+00
7.240778476973629196e+00
7.201302175247781712e+00
7.169686758700832385e+00
7.102535986165167792e+00
7.020031675613945588e+00
6.927443430524826695e+00
6.846627865308485994e+00
6.794581056870693914e+00
6.728756323020863128e+00
6.585901429537860174e+00
6.422605696690649069e+00
6.225372487833669588e+00
6.007852264334036185e+00
5.845201355366740792e+00
5.744551778926690666e+00
5.603892407319899682e+00
5.429038211495861077e+00
5.210342165846956419e+00
4.930788244373871088e+00
4.633070112967525134e+00
4.385932046461372913e+00
4.292078459454853778e+00
4.141270116048805683e+00
3.927950704549975303e+00
3.684047057906816747e+00
3.369291493164467965e+00
3.033437334113243455e+00
2.777641872594212469e+00
2.661703461624939759e+00
2.550010211844019103e+00
2.302377158716969241e+00
2.066981699042215403e+00
1.735391181228381097e+00
1.290274364539717000e+00
9.721073266012147940e-01
9.724534856138770111e-01
9.737270553790523531e-01
8.345229715197156617e-01
7.261028780817064820e-01
6.154508642598761625e-01
4.294491505185167313e-01
6.132556964982085468e-01
4.251417249417947519e-01
0.000000000000000000e+00
0.000000000000000000e+00
0.000000000000000000e+00
0.000000000000000000e+00
0.000000000000000000e+00
0.000000000000000000e+00
0.000000000000000000e+00
0.000000000000000000e+00
0.000000000000000000e+00
0.000000000000000000e+00
