0.000000000000000000e+00
0.000000000000000000e+00
0.000000000000000000e+00
0.000000000000000000e+00
0.000000000000000000e+00
0.000000000000000000e+00
0.000000000000000000e+00
0.000000000000000000e+00
0.000000000000000000e+00
0.000000000000000000e+00
0.000000000000000000e+00
0.000000000000000000e+00
0.000000000000000000e+00
0.000000000000000000e+00
0.000000000000000000e+00
0.000000000000000000e+00
0.000000000000000000e+00
0.000000000000000000e+00
0.000000000000000000e+00
0.000000000000000000e+00
0.000000000000000000e+00
0.000000000000000000e+00
0.000000000000000000e+00
0.000000000000000000e+00
0.000000000000000000e+00
0.000000000000000000e+00
0.000000000000000000e+00
0.000000000000000000e+00
0.000000000000000000e+00
0.000000000000000000e+00
0.000000000000000000e+00
0.000000000000000000e+00
0.000000000000000000e+00
0.000000000000000000e+00
0.000000000000000000e+00
0.000000000000000000e+00
0.000000000000000000e+00
0.000000000000000000e+00
0.000000000000000000e+00
0.000000000000000000e+00
0.000000000000000000e+00
0.000000000000000000e+00
0.000000000000000000e+00
0.000000000000000000e+00
0.000000000000000000e+00
0.000000000000000000e+00
0.000000000000000000e+00
0.000000000000000000e+00
0.000000000000000000e+00
0.000000000000000000e+00
0.000000000000000000e+00
0.000000000000000000e+00
0.000000000000000000e+00
0.000000000000000000e+00
0.000000000000000000e+00
0.000000000000000000e+00
0.000000000000000000e+00
0.000000000000000000e+00
0.000000000000000000e+00
0.000000000000000000e+00
0.000000000000000000e+00
0.000000000000000000e+00
0.000000000000000000e+00
0.000000000000000000e+00
0.000000000000000000e+00
0.000000000000000000e+00
0.000000000000000000e+00
0.000000000000000000e+00
0.000000000000000000e+00
0.000000000000000000e+00
0.000000000000000000e+00
0.000000000000000000e+00
0.000000000000000000e+00
0.000000000000000000e+00
0.000000000000000000e+00
0.000000000000000000e+00
0.000000000000000000e+00
0.000000000000000000e+00
0.000000000000000000e+00
0.000000000000000000e+00
0.000000000000000000e+00
0.000000000000000000e+00
0.000000000000000000e+00
0.000000000000000000e+00
0.000000000000000000e+00
0.000000000000000000e+00
0.000000000000000000e+00
0.000000000000000000e+00
0.000000000000000000e+00
0.000000000000000000e+00
0.000000000000000000e+00
0.000000000000000000e+00
0.000000000000000000e+00
0.000000000000000000e+00
0.000000000000000000e+00
0.000000000000000000e+00
0.000000000000000000e+00
0.000000000000000000e+00
0.000000000000000000e+00
0.000000000000000000e+00
0.000000000000000000e+00
0.000000000000000000e+00
0.000000000000000000e+00
7.752249023201585043e-01
2.696866288213735530e+00
4.737771179666301791e+00
6.504283631597531645e+00
8.230401334900788513e+00
9.950939258530414833e+00
1.195412524390461151e+01
1.398900811046655335e+01
1.564641600461097681e+01
1.743725655741097214e+01
1.946384075075803821e+01
2.165900186934198146e+01
2.375809008373511944e+01
2.626805793188349725e+01
2.862001607504643630e+01
3.118438835122298514e+01
3.337992563399637902e+01
3.562890718616253594e+01
3.841249814881520308e+01
4.038658550056712926e+01
4.302173473804592874e+01
4.608162718584344475e+01
4.948133749089640077e+01
5.211852566236399298e+01
5.565469250169758197e+01
5.855910375407174939e+01
6.127973979463776999e+01
6.393100119313788099e+01
6.671083606303237445e+01
6.917363951969932145e+01
7.169212702488634648e+01
7.452736061532276324e+01
7.600407570421005232e+01
7.816392121229587531e+01
8.034704277714351406e+01
8.191766913846544185e+01
8.425318870629484991e+01
8.582348204272032888e+01
8.745938374492635603e+01
8.969763810640813517e+01
9.055306649057378365e+01
9.200536424251596657e+01
9.345110268787129826e+01
9.447073234536837560e+01
9.576848273338610795e+01
9.630014960498871801e+01
9.650429789344168796e+01
9.701233150853376230e+01
9.717525046632106012e+01
9.720572439253821528e+01
9.703255098252778055e+01
9.673920978840963869e+01
9.652593382151809465e+01
9.614136274079734790e+01
9.493933164998725260e+01
9.353461341374251958e+01
9.176798665280414014e+01
8.971896308910083917e+01
8.823114208441722894e+01
8.728922910857447448e+01
8.576516725649496209e+01
8.406200838788812746e+01
8.178664923533375486e+01
7.880134067308998169e+01
7.564301226623736341e+01
7.283865463706617049e+01
7.176446318151664627e+01
6.975916189346260410e+01
6.723760778325375043e+01
6.426501624444668437e+01
6.045217111459225379e+01
5.656501979738906272e+01
5.339000600574980382e+01
5.135371168464629932e+01
4.941914788592380603e+01
4.568706846330884019e+01
4.219801230853569507e+01
3.740910984109252979e+01
3.138553695767841489e+01
2.721301311866321271e+01
2.615605630120984415e+01
2.502455488751827772e+01
2.206194852564381392e+01
1.920822162487797868e+01
1.621716591838066535e+01
1.109615609006477754e+01
1.606655923204732161e+01
1.116975163340852362e+01
0.000000000000000000e+00
0.000000000000000000e+00
0.000000000000000000e+00
0.000000000000000000e+00
0.000000000000000000e+00
0.000000000000000000e+00
0.000000000000000000e+00
0.000000000000000000e+00
0.000000000000000000e+00
0.000000000000000000e+00
