5.259643577736163866e-01
2.074081366574340723e+00
3.160937688024135550e+00
3.764498096906930602e+00
4.118700782170966690e+00
4.292501228332546326e+00
4.377778219593657205e+00
4.402640390021784533e+00
4.361378543931894392e+00
4.295604426047515467e+00
4.192689218458254707e+00
4.089326012415266831e+00
3.985073151580855733e+00
3.847692251168796762e+00
3.700347860365164721e+00
3.596568488972457622e+00
3.477588699856743126e+00
3.348865450180595005e+00
3.199683564013087622e+00
3.085883842260642940e+00
2.982068163825417173e+00
2.869175309116697381e+00
2.753789098932285295e+00
2.651430682123371518e+00
2.548427312629037989e+00
2.440795414410571684e+00
2.349701380335488032e+00
2.253846196388716194e+00
2.165485849731951351e+00
2.088387229434830239e+00
1.999336570531883739e+00
1.920828306804791552e+00
1.836044925039531650e+00
1.790529444790644353e+00
1.705246314304356581e+00
1.655137672542398297e+00
1.570677821525708673e+00
1.511868431441916405e+00
1.460033197777097280e+00
1.380663546494379723e+00
1.341514159867015277e+00
1.274849025142581249e+00
1.244361482331789004e+00
1.183450500755047319e+00
1.123538558136259580e+00
1.093319856747302365e+00
1.015947667620746619e+00
9.944004203911143147e-01
9.573648319849578092e-01
9.228465110936682203e-01
8.899771241328228166e-01
8.336703779054108754e-01
8.000066563833559963e-01
7.607727524545206954e-01
7.194408759391236474e-01
7.025866660618791393e-01
6.670394186088375310e-01
6.193814164586177728e-01
6.103289121343320467e-01
5.882580083972157592e-01
5.449165370150238497e-01
5.055818930458402249e-01
5.044197084514155938e-01
4.750867184755619421e-01
4.528080889087051086e-01
4.302531204976242640e-01
4.262604428819113389e-01
3.791837360070209884e-01
3.781223587825732757e-01
3.651030243921998819e-01
3.491586811245264155e-01
3.110153664588973799e-01
3.056059401274287546e-01
2.822512203494487171e-01
2.534260676613533936e-01
2.528722252876438592e-01
2.458152896937449150e-01
2.422047841180190453e-01
2.104564581394734735e-01
1.907584237306042541e-01
1.949652695252861168e-01
1.804202605280856020e-01
1.705765407974041692e-01
1.704457627129386255e-01
1.539089060319971947e-01
1.399637062108096408e-01
1.299902255757732772e-01
1.145064023445729606e-01
1.028346791496893287e-01
1.101809909671280230e-01
9.648356951848274798e-02
1.054698314103038187e-01
9.413109410399586596e-02
8.494078698315712939e-02
8.286278477891964589e-02
8.110869466071535250e-02
5.276929335939700011e-02
5.623456831763300190e-02
6.716967335463874811e-02
5.234185771065317377e-02
