0.000000000000000000e+00
0.000000000000000000e+00
0.000000000000000000e+00
0.000000000000000000e+00
0.000000000000000000e+00
0.000000000000000000e+00
0.000000000000000000e+00
0.000000000000000000e+00
0.000000000000000000e+00
0.000000000000000000e+00
0.000000000000000000e+00
0.000000000000000000e+00
0.000000000000000000e+00
0.000000000000000000e+00
0.000000000000000000e+00
0.000000000000000000e+00
0.000000000000000000e+00
0.000000000000000000e+00
0.000000000000000000e+00
0.000000000000000000e+00
1.311462138893455531e+01
1.421861019043812036e+01
1.528913080905538813e+01
1.627377280738176424e+01
1.723714396241455660e+01
1.807194039204067337e+01
1.875400825943035699e+01
1.921810438794745934e+01
1.936963357176001566e+01
1.914388592805332223e+01
1.848566950182028634e+01
1.732405285908154724e+01
1.558523120798590966e+01
1.314234532632122310e+01
1.019335895598815611e+01
6.836076266419079062e+00
3.814964694039357784e+00
1.318903415386045053e+00
1.136198144366102614e-01
0.000000000000000000e+00
0.000000000000000000e+00
