0.000000000000000000e+00
0.000000000000000000e+00
0.000000000000000000e+00
0.000000000000000000e+00
0.000000000000000000e+00
0.000000000000000000e+00
0.000000000000000000e+00
0.000000000000000000e+00
0.000000000000000000e+00
0.000000000000000000e+00
4.917497799857494661e-02
1.437236562919956828e-01
2.393515460014364327e-01
5.092591300922389985e-01
1.060915174116920268e+00
1.775467657641672359e+00
2.531890590193843771e+00
3.159787642305551092e+00
3.691065637047339809e+00
4.215010832811332264e+00
4.853006090294996078e+00
5.506854625680487558e+00
6.298812878087297840e+00
7.206358887160838833e+00
6.797674003501122719e+00
6.738062312988087221e+00
6.528602852712189097e+00
6.012267735738487495e+00
5.392829184633805895e+00
4.622935615373982898e+00
3.826814480616250513e+00
3.054370503804309411e+00
2.308768084679173160e+00
1.592032498481683378e+00
9.791816653683199645e-01
5.267844692098266890e-01
2.237075746514970154e-01
6.295478691276068517e-02
0.000000000000000000e+00
0.000000000000000000e+00
0.000000000000000000e+00
