0.000000000000000000e+00
0.000000000000000000e+00
0.000000000000000000e+00
0.000000000000000000e+00
0.000000000000000000e+00
0.000000000000000000e+00
0.000000000000000000e+00
0.000000000000000000e+00
0.000000000000000000e+00
0.000000000000000000e+00
0.000000000000000000e+00
0.000000000000000000e+00
0.000000000000000000e+00
0.000000000000000000e+00
0.000000000000000000e+00
0.000000000000000000e+00
0.000000000000000000e+00
0.000000000000000000e+00
0.000000000000000000e+00
0.000000000000000000e+00
0.000000000000000000e+00
0.000000000000000000e+00
0.000000000000000000e+00
0.000000000000000000e+00
0.000000000000000000e+00
0.000000000000000000e+00
0.000000000000000000e+00
0.000000000000000000e+00
0.000000000000000000e+00
0.000000000000000000e+00
0.000000000000000000e+00
0.000000000000000000e+00
0.000000000000000000e+00
0.000000000000000000e+00
0.000000000000000000e+00
0.000000000000000000e+00
0.000000000000000000e+00
0.000000000000000000e+00
0.000000000000000000e+00
0.000000000000000000e+00
0.000000000000000000e+00
0.000000000000000000e+00
0.000000000000000000e+00
0.000000000000000000e+00
0.000000000000000000e+00
0.000000000000000000e+00
0.000000000000000000e+00
0.000000000000000000e+00
0.000000000000000000e+00
0.000000000000000000e+00
0.000000000000000000e+00
0.000000000000000000e+00
0.000000000000000000e+00
0.000000000000000000e+00
2.166627359339120262e-01
0.000000000000000000e+00
5.775239272930695611e-01
nan
6.974846436901187552e-01
7.544867740458726102e-01
8.254361981263531600e-01
1.410745178295142122e+00
2.057908847455577117e+00
3.060235331306092377e+00
4.042425029634043376e+00
5.364864708674851990e+00
6.577193188618275954e+00
7.483568771643739126e+00
8.084544245128071793e+00
9.666621268240955800e+00
1.033591136757573459e+01
1.123196153360124505e+01
1.200650288448172454e+01
1.269196269316932479e+01
1.469355300542070708e+01
1.518811479833099654e+01
1.588825323705099990e+01
1.651246803804887975e+01
1.731484598252225382e+01
1.766423462846028514e+01
1.859210717331525942e+01
1.992188426828332837e+01
2.087566616230641969e+01
2.216441283423091235e+01
2.370962108760974374e+01
2.484925531346064886e+01
2.582316764165930678e+01
2.646593788239478329e+01
2.731378677912699260e+01
2.845102116362793865e+01
2.935676777036090712e+01
3.075759646723177454e+01
3.178819915916622918e+01
3.296517276637125349e+01
3.441367938281000249e+01
3.587902621946609116e+01
3.750147755315533971e+01
3.930834308356287465e+01
4.042739394745037629e+01
4.242115532617116003e+01
4.452516487129864942e+01
4.577286381033638918e+01
4.717174103391437967e+01
4.903596840458206430e+01
5.037314968853817732e+01
5.148841188333157959e+01
5.328502293964508851e+01
5.435713862659444828e+01
5.559200187988420794e+01
5.814646157949515981e+01
5.939978779307163848e+01
6.094458788850150910e+01
6.207668266000971613e+01
6.738271016492018362e+01
7.073351515688496249e+01
7.404103018166317440e+01
7.634218195108529414e+01
7.825427097832630352e+01
7.984522564863347327e+01
8.028737857407928402e+01
8.094322277695820844e+01
8.200877453789605909e+01
8.276777919080177526e+01
8.181066345558657815e+01
8.085769143760715849e+01
8.158116388805309782e+01
8.128931031842107302e+01
8.137760334339819224e+01
8.106969241620288358e+01
8.072475389527861012e+01
8.040771073013014814e+01
8.011513452511816524e+01
8.035236193452755060e+01
8.008120737625644381e+01
7.963784908274793395e+01
7.865512142458786116e+01
7.835647522895958161e+01
7.745950810473580361e+01
7.712509324307723091e+01
7.615296458101265387e+01
7.517120411628721399e+01
7.390107737789146825e+01
7.368487013561194487e+01
7.260027838484376161e+01
7.166854239281707351e+01
7.011623902341500525e+01
6.899264763226550201e+01
6.709836544457290586e+01
6.548786816469632299e+01
6.342970031856648205e+01
6.192179173846611206e+01
6.063585757509373053e+01
5.857970426118799878e+01
5.719879966608668553e+01
5.505539516891325746e+01
5.295040713771080476e+01
5.100220622163664075e+01
4.868893545986986737e+01
4.642356597933558504e+01
4.433744878387943800e+01
4.243243283840372015e+01
4.022889692036398657e+01
3.772013739413939248e+01
3.535134199164514968e+01
3.335978893736788820e+01
3.125812984640202430e+01
2.919543703891753950e+01
2.711818054815068280e+01
2.529243067471395179e+01
2.338987007799324402e+01
2.134057217537928963e+01
1.928764676244830412e+01
1.769316903001584862e+01
1.591758746514297052e+01
1.435366833665698749e+01
1.303925087893083123e+01
1.152632963603442207e+01
9.973551977455121786e+00
8.520867968183159391e+00
7.140987402896527669e+00
5.969292224738841135e+00
5.216215456212366597e+00
4.639003398808928758e+00
4.063741896051836555e+00
3.458110559286914132e+00
2.923296570082246859e+00
2.414936450853661931e+00
1.991200817057912520e+00
1.683256054817941383e+00
1.158325877465024911e+00
nan
0.000000000000000000e+00
0.000000000000000000e+00
0.000000000000000000e+00
0.000000000000000000e+00
0.000000000000000000e+00
0.000000000000000000e+00
0.000000000000000000e+00
0.000000000000000000e+00
0.000000000000000000e+00
0.000000000000000000e+00
