0.000000000000000000e+00
0.000000000000000000e+00
0.000000000000000000e+00
0.000000000000000000e+00
0.000000000000000000e+00
0.000000000000000000e+00
0.000000000000000000e+00
0.000000000000000000e+00
0.000000000000000000e+00
0.000000000000000000e+00
0.000000000000000000e+00
0.000000000000000000e+00
0.000000000000000000e+00
0.000000000000000000e+00
0.000000000000000000e+00
0.000000000000000000e+00
0.000000000000000000e+00
0.000000000000000000e+00
0.000000000000000000e+00
0.000000000000000000e+00
0.000000000000000000e+00
0.000000000000000000e+00
0.000000000000000000e+00
0.000000000000000000e+00
0.000000000000000000e+00
0.000000000000000000e+00
0.000000000000000000e+00
0.000000000000000000e+00
0.000000000000000000e+00
0.000000000000000000e+00
0.000000000000000000e+00
0.000000000000000000e+00
0.000000000000000000e+00
0.000000000000000000e+00
0.000000000000000000e+00
0.000000000000000000e+00
0.000000000000000000e+00
0.000000000000000000e+00
0.000000000000000000e+00
0.000000000000000000e+00
0.000000000000000000e+00
0.000000000000000000e+00
0.000000000000000000e+00
0.000000000000000000e+00
0.000000000000000000e+00
0.000000000000000000e+00
0.000000000000000000e+00
0.000000000000000000e+00
0.000000000000000000e+00
0.000000000000000000e+00
0.000000000000000000e+00
0.000000000000000000e+00
0.000000000000000000e+00
0.000000000000000000e+00
0.000000000000000000e+00
0.000000000000000000e+00
0.000000000000000000e+00
0.000000000000000000e+00
0.000000000000000000e+00
0.000000000000000000e+00
0.000000000000000000e+00
0.000000000000000000e+00
0.000000000000000000e+00
0.000000000000000000e+00
0.000000000000000000e+00
0.000000000000000000e+00
0.000000000000000000e+00
0.000000000000000000e+00
0.000000000000000000e+00
0.000000000000000000e+00
0.000000000000000000e+00
0.000000000000000000e+00
0.000000000000000000e+00
0.000000000000000000e+00
0.000000000000000000e+00
0.000000000000000000e+00
0.000000000000000000e+00
0.000000000000000000e+00
0.000000000000000000e+00
0.000000000000000000e+00
0.000000000000000000e+00
0.000000000000000000e+00
0.000000000000000000e+00
0.000000000000000000e+00
0.000000000000000000e+00
0.000000000000000000e+00
0.000000000000000000e+00
0.000000000000000000e+00
0.000000000000000000e+00
0.000000000000000000e+00
0.000000000000000000e+00
0.000000000000000000e+00
0.000000000000000000e+00
0.000000000000000000e+00
0.000000000000000000e+00
0.000000000000000000e+00
0.000000000000000000e+00
0.000000000000000000e+00
0.000000000000000000e+00
0.000000000000000000e+00
7.108432231330714668e-01
7.307130031549275984e-01
7.496592154551535714e-01
7.648887165251038178e-01
7.759761348097455880e-01
7.967716325443051639e-01
8.157601738211136544e-01
8.365776664178387056e-01
8.532996290310661536e-01
8.683750662553364474e-01
8.875139785226741074e-01
9.030276417625902052e-01
9.326672489002664213e-01
9.386340062584969113e-01
9.670961389294073784e-01
9.848736790786888351e-01
9.998132549149111314e-01
1.018140582375296033e+00
1.045245358073925601e+00
1.058138501091143713e+00
1.077999949523528622e+00
1.100738728358968688e+00
1.118553170876586567e+00
1.143775978335247023e+00
1.155938729828963840e+00
1.165375599714486343e+00
1.193257625381622500e+00
1.205565670030679826e+00
1.225459283859408277e+00
1.245485409030838264e+00
1.262172661279171715e+00
1.279803845850350008e+00
1.296722937724052338e+00
1.314011991424650860e+00
1.329914501462189147e+00
1.340804881052387154e+00
1.357193788275121937e+00
1.372006730421811982e+00
1.380440223774578534e+00
1.402972497102972671e+00
1.414422510601317295e+00
1.425232002498416861e+00
1.433570284086407964e+00
1.443885789123571683e+00
1.457011794869161436e+00
1.460909596025051105e+00
1.472269803108637642e+00
1.475893779436551645e+00
1.485280534064845614e+00
1.485144800723895653e+00
1.484593614015467411e+00
1.478989946181900939e+00
1.479068494871986106e+00
1.471810338377748550e+00
1.466432588157453587e+00
1.452012601284534909e+00
1.439720943275622611e+00
1.432062372098984016e+00
1.411455491610289492e+00
1.391229262211904905e+00
1.372627129166476001e+00
1.343358244616325470e+00
1.323466151378315470e+00
1.289160204647204599e+00
1.259195340983593425e+00
1.221464065646795882e+00
1.185591180166179592e+00
1.146736803496221979e+00
1.101227241015788394e+00
1.051824008538922550e+00
1.007336181862159119e+00
9.521851360422771693e-01
9.015995126095142087e-01
8.440561868693878811e-01
7.958008948321811937e-01
7.388141176800321341e-01
6.759282380312989780e-01
6.178324713465892515e-01
5.578631757058921670e-01
4.994977644389980154e-01
4.506448676700795519e-01
4.078228340207252223e-01
3.699599813946119475e-01
3.319567547679633246e-01
2.905311661311620886e-01
2.499125420110868412e-01
2.122527483417287475e-01
1.800783166439852701e-01
1.514397748904958707e-01
9.380221781953698712e-02
1.330586504906640030e-02
0.000000000000000000e+00
0.000000000000000000e+00
0.000000000000000000e+00
0.000000000000000000e+00
0.000000000000000000e+00
0.000000000000000000e+00
0.000000000000000000e+00
0.000000000000000000e+00
0.000000000000000000e+00
0.000000000000000000e+00
