9.084441377426186737e-01
3.331533751223335393e+00
5.049235534362392031e+00
6.138022332122722524e+00
6.877784513437925185e+00
7.317929124455138101e+00
7.671400744703640306e+00
7.886926531727592504e+00
8.008134056117649280e+00
8.036050950027791018e+00
8.066866709537801938e+00
8.017215087085537206e+00
7.976640344512317959e+00
7.872069357070944129e+00
7.768534585948961180e+00
7.650828865938582801e+00
7.522020551688712864e+00
7.386292996382284315e+00
7.276467140927922017e+00
7.137429190735354645e+00
6.999016901273637181e+00
6.850099840168546450e+00
6.690882303914190032e+00
6.553328667400354135e+00
6.415687962780933340e+00
6.293399144213544183e+00
6.126156260209119075e+00
6.005531810334447052e+00
5.892772339220525346e+00
5.738593642015048957e+00
5.648826164519862303e+00
5.460470800846176864e+00
5.357928218791811581e+00
5.214377836893175910e+00
5.090259368662076511e+00
4.970367506652089595e+00
4.854712291900977306e+00
4.706563028970124130e+00
4.602790835457707175e+00
4.490619111178323131e+00
4.384851323607591667e+00
4.238522724453981816e+00
4.156420457773162269e+00
4.047991617303482670e+00
3.959565987403216081e+00
3.841439549377659191e+00
3.732100010764658471e+00
3.619551412251543532e+00
3.522144936287081585e+00
3.419737559792904502e+00
3.355682200056116837e+00
3.234388458691594082e+00
3.160512112581526978e+00
3.050416155380331062e+00
2.970852339368727613e+00
2.874980795234040265e+00
2.778470206669981124e+00
2.707206309896906138e+00
2.610578645851989510e+00
2.521869586379068107e+00
2.428977478589534833e+00
2.348848207034646585e+00
2.278997550420789775e+00
2.189406247307629449e+00
2.088538881749736564e+00
2.030839489384355545e+00
1.959045990382316305e+00
1.860893707744559089e+00
1.801237983610313842e+00
1.720302124343515260e+00
1.676420330300867123e+00
1.561665047770418369e+00
1.511527300465108858e+00
1.444414285715189816e+00
1.378015631635635341e+00
1.319310322308586469e+00
1.242850673982505594e+00
1.183706342116070953e+00
1.155380078297910673e+00
1.066785516321971494e+00
1.041379558583272580e+00
1.002214780312445930e+00
9.453235614410009369e-01
8.867381398575439055e-01
8.434966731373889637e-01
7.685370910689321988e-01
7.387547662993964037e-01
6.661134685673414380e-01
6.541379024843070322e-01
5.806377077022001343e-01
5.831334551488573936e-01
5.493081299952581320e-01
4.955473409615608338e-01
4.741388935017812889e-01
4.284831740333160943e-01
4.065941304652827548e-01
3.878604700961857943e-01
3.187521051845433884e-01
3.191743458452530602e-01
3.109530639819619857e-01
