0.000000000000000000e+00
0.000000000000000000e+00
0.000000000000000000e+00
0.000000000000000000e+00
0.000000000000000000e+00
0.000000000000000000e+00
0.000000000000000000e+00
0.000000000000000000e+00
0.000000000000000000e+00
0.000000000000000000e+00
0.000000000000000000e+00
0.000000000000000000e+00
0.000000000000000000e+00
0.000000000000000000e+00
0.000000000000000000e+00
0.000000000000000000e+00
0.000000000000000000e+00
0.000000000000000000e+00
0.000000000000000000e+00
0.000000000000000000e+00
0.000000000000000000e+00
0.000000000000000000e+00
0.000000000000000000e+00
0.000000000000000000e+00
0.000000000000000000e+00
0.000000000000000000e+00
0.000000000000000000e+00
0.000000000000000000e+00
0.000000000000000000e+00
0.000000000000000000e+00
0.000000000000000000e+00
0.000000000000000000e+00
0.000000000000000000e+00
0.000000000000000000e+00
0.000000000000000000e+00
0.000000000000000000e+00
0.000000000000000000e+00
0.000000000000000000e+00
0.000000000000000000e+00
0.000000000000000000e+00
0.000000000000000000e+00
0.000000000000000000e+00
0.000000000000000000e+00
0.000000000000000000e+00
0.000000000000000000e+00
0.000000000000000000e+00
0.000000000000000000e+00
0.000000000000000000e+00
0.000000000000000000e+00
0.000000000000000000e+00
0.000000000000000000e+00
0.000000000000000000e+00
0.000000000000000000e+00
0.000000000000000000e+00
4.631677315349172833e-03
0.000000000000000000e+00
1.360767621861254904e-02
nan
1.734678140141967737e-02
1.659640123261430303e-02
2.086306641470140819e-02
3.407147178785942948e-02
5.138419966490719026e-02
7.577910319311800813e-02
1.016282682179577429e-01
1.347863744665154240e-01
1.642290810275459922e-01
1.857395924540153342e-01
2.006355544356735743e-01
2.409303839899358812e-01
2.583073884427876665e-01
2.802175729545209326e-01
3.019711570678616508e-01
3.202147078347442610e-01
3.729739140328918179e-01
3.851498907020894924e-01
4.022900433375535822e-01
4.203217005934486439e-01
4.408297195725685569e-01
4.504872248987680794e-01
4.748219500558912842e-01
5.099492660421520718e-01
5.360870954770636798e-01
5.697161675411652748e-01
6.113835325653079744e-01
6.425387116853369385e-01
6.685596131214736060e-01
6.857419655111848256e-01
7.108159570310936815e-01
7.428976339911190774e-01
7.670025043509746121e-01
8.056605982990060477e-01
8.346101845060709401e-01
8.660213612889133827e-01
9.092744958016245604e-01
9.483869302886352992e-01
9.922511102171638342e-01
1.042709989080488286e+00
1.079109857206145495e+00
1.134515772669928868e+00
1.194330299704705167e+00
1.229551231068253703e+00
1.272370859408974875e+00
1.326354517504394481e+00
1.367339081282026969e+00
1.400123857851444775e+00
1.453814820076286818e+00
1.488467917208226243e+00
1.529708360723960769e+00
1.602688158431358367e+00
1.642886237613242262e+00
1.692249908315873297e+00
1.736121209042494229e+00
1.891546444623537271e+00
1.989838476436576631e+00
2.089349463107050831e+00
2.161924699524576887e+00
2.227360761153547752e+00
2.279141340538944682e+00
2.302447666606591614e+00
2.332175666336830044e+00
2.370386680605108154e+00
2.400712298397599032e+00
2.383358834928614556e+00
2.365108997853023087e+00
2.394753054793216762e+00
2.395228208446306351e+00
2.405511556081628921e+00
2.404645524951073199e+00
2.403586878162284002e+00
2.403831470175129326e+00
2.405272333453445377e+00
2.422779460567435539e+00
2.426120634929562314e+00
2.422480110945224752e+00
2.404106292866185601e+00
2.406244744675672287e+00
2.392084956500665438e+00
2.393332347067578247e+00
2.374716160054098690e+00
2.355610042890996958e+00
2.328022036633718539e+00
2.329737363965532992e+00
2.306012256781002190e+00
2.283606879262751299e+00
2.243622293904754095e+00
2.216414019922639422e+00
2.165726573718960157e+00
2.125032246559336535e+00
2.068636133182748083e+00
2.030003600907695382e+00
2.000657163218728662e+00
1.947852743834850964e+00
1.915223044350011117e+00
1.860506902131234819e+00
1.807423442785346168e+00
1.762028403286046929e+00
1.707029718771108318e+00
1.652066085042724231e+00
1.607544452413067093e+00
1.566706550799801700e+00
1.517711322354549086e+00
1.456170190564048283e+00
1.397440373393316726e+00
1.348878682154761144e+00
1.293832517033193685e+00
1.234402445182669394e+00
1.167395432035017278e+00
1.109922658504580051e+00
1.048050296818931360e+00
9.811621796521191596e-01
9.108145761148681574e-01
8.569062470955651767e-01
7.891552923381143225e-01
7.221750924557384099e-01
6.613018127795822210e-01
5.941280639696312482e-01
5.260071107801197465e-01
4.627119477195497654e-01
4.022426293058063984e-01
3.476987149763084428e-01
3.088566999392569623e-01
2.724279501782658208e-01
2.368664379708506351e-01
2.016435482390418754e-01
1.697478229096152924e-01
1.392342903471755766e-01
1.140237225961859002e-01
9.679657260080137826e-02
6.713538549150165069e-02
nan
0.000000000000000000e+00
0.000000000000000000e+00
0.000000000000000000e+00
0.000000000000000000e+00
0.000000000000000000e+00
0.000000000000000000e+00
0.000000000000000000e+00
0.000000000000000000e+00
0.000000000000000000e+00
0.000000000000000000e+00
