1.124922032242235082e+00
3.711580384092469043e+00
5.361559322139409112e+00
6.243452047145072292e+00
6.793117577757652903e+00
7.054597832843485072e+00
7.256462264747195690e+00
7.287935714793318809e+00
7.277960685694856657e+00
7.224328078383487117e+00
7.113441597369022595e+00
7.029021289569412190e+00
6.895124248555638324e+00
6.788782256215029953e+00
6.620506194693874136e+00
6.504240582753688216e+00
6.356757059241767038e+00
6.192712340900383694e+00
6.025214257320649303e+00
5.858578592061390644e+00
5.728239254716935847e+00
5.562971745579867289e+00
5.442000221207274890e+00
5.287098934277665307e+00
5.135922792698505823e+00
5.011596741458746784e+00
4.873000412618495147e+00
4.753628973449655071e+00
4.626917437357189300e+00
4.476056186443591045e+00
4.371411848398640387e+00
4.259603858503748341e+00
4.122034080283667024e+00
4.044635882879942912e+00
3.908756834790316326e+00
3.804433632061402282e+00
3.683659255699420765e+00
3.591888326440566104e+00
3.492933742678210329e+00
3.396845311515967136e+00
3.281696494603060010e+00
3.190257644179543384e+00
3.103095676110219969e+00
3.007736057398655571e+00
2.922042329505171399e+00
2.830990570051763466e+00
2.739618753844046406e+00
2.648169818217858573e+00
2.556505398388590145e+00
2.483539488217170632e+00
2.405206640805725993e+00
2.320642411985958109e+00
2.238202389204337450e+00
2.171819304563803676e+00
2.100505948811381973e+00
2.018408525382808349e+00
1.969445816825129869e+00
1.901175587729866390e+00
1.815942245874020200e+00
1.741312140065072400e+00
1.652873939368638689e+00
1.592368942466538373e+00
1.521696353572552285e+00
1.475104651107846498e+00
1.406226158927504022e+00
1.333377341623893653e+00
1.283856292533553489e+00
1.261106789379075943e+00
1.149213776314920832e+00
1.123753184169905328e+00
1.077238327675906993e+00
1.022919876788011662e+00
9.700094136110229970e-01
8.852699763363720553e-01
8.701305893247293088e-01
8.113272812367402498e-01
7.625254057701950083e-01
7.311144057827068110e-01
7.034058080803714530e-01
6.159826043998323231e-01
6.057955978162934407e-01
5.715425118480691458e-01
5.532392531541848735e-01
5.147132653112801437e-01
4.924458426889196661e-01
4.258436957274319146e-01
4.344731898439766482e-01
3.895483245732166422e-01
3.597417148744361803e-01
3.397059610476980129e-01
3.158799078869690691e-01
2.941926883191355868e-01
2.856680132344537881e-01
2.419218655770082604e-01
2.599862308604439232e-01
2.296836135965298897e-01
1.904455336520655406e-01
1.860666512592195621e-01
1.698529813788972886e-01
1.546108554232852594e-01
