0.000000000000000000e+00
0.000000000000000000e+00
0.000000000000000000e+00
0.000000000000000000e+00
0.000000000000000000e+00
0.000000000000000000e+00
0.000000000000000000e+00
0.000000000000000000e+00
0.000000000000000000e+00
0.000000000000000000e+00
0.000000000000000000e+00
0.000000000000000000e+00
0.000000000000000000e+00
0.000000000000000000e+00
0.000000000000000000e+00
0.000000000000000000e+00
0.000000000000000000e+00
0.000000000000000000e+00
0.000000000000000000e+00
0.000000000000000000e+00
0.000000000000000000e+00
0.000000000000000000e+00
0.000000000000000000e+00
0.000000000000000000e+00
0.000000000000000000e+00
0.000000000000000000e+00
0.000000000000000000e+00
0.000000000000000000e+00
0.000000000000000000e+00
0.000000000000000000e+00
0.000000000000000000e+00
0.000000000000000000e+00
0.000000000000000000e+00
0.000000000000000000e+00
0.000000000000000000e+00
0.000000000000000000e+00
0.000000000000000000e+00
0.000000000000000000e+00
0.000000000000000000e+00
0.000000000000000000e+00
0.000000000000000000e+00
0.000000000000000000e+00
0.000000000000000000e+00
0.000000000000000000e+00
0.000000000000000000e+00
0.000000000000000000e+00
0.000000000000000000e+00
0.000000000000000000e+00
0.000000000000000000e+00
0.000000000000000000e+00
0.000000000000000000e+00
0.000000000000000000e+00
2.196799904842810028e-02
1.746426020618378067e-02
4.281614919739968467e-02
4.140205708345949531e-02
3.561629137235318432e-02
7.987039728181108411e-02
6.252197179965288121e-02
7.523609348423675180e-02
1.083313326993278064e-01
8.874765973684689557e-02
8.121739754414912527e-02
1.272510187728840281e-01
1.361702899270924583e-01
1.489677873522024798e-01
1.933116019060831248e-01
2.193582131847857664e-01
2.281255450166571330e-01
3.030655536323074717e-01
3.537004870386398214e-01
4.053840088959145271e-01
4.720786552363853694e-01
5.265101511082201924e-01
5.980440885533354622e-01
6.475311786450261842e-01
7.234859401670568069e-01
8.011037589452840724e-01
8.526229740000509372e-01
9.467994811892166407e-01
9.870565477741127802e-01
1.067476629097371621e+00
1.132853173132845281e+00
1.194689330708627262e+00
1.263573142455156839e+00
1.309937466463924505e+00
1.346108936119394972e+00
1.415596244869804288e+00
1.481815600814555323e+00
1.512699780783512526e+00
1.576930459700413900e+00
1.609260645197623907e+00
1.648552287213588263e+00
1.708166734552700738e+00
1.717093496601977076e+00
1.788344057798416431e+00
1.839253427557312248e+00
1.883051095395522179e+00
1.918231680311705878e+00
2.016873211643533725e+00
2.046318693091278895e+00
2.109491171227576789e+00
2.180915397116372390e+00
2.243713305734131858e+00
2.302325372420704674e+00
2.340265292693034294e+00
2.402390107898000782e+00
2.452060232576286580e+00
2.527292720250347458e+00
2.578118400796622023e+00
2.633065652219324537e+00
2.648726445022529852e+00
2.712677269759983023e+00
2.944472316846352022e+00
3.141796362337628157e+00
3.208950075868082230e+00
3.265037555844271910e+00
3.251366971859465771e+00
3.243923030921068928e+00
3.208261068306915043e+00
3.155878372470293680e+00
3.081079206070760801e+00
3.074246738904138798e+00
2.991684775384099826e+00
2.962529983857936422e+00
2.984665675532876428e+00
3.029784589729623612e+00
3.037128375042710715e+00
3.000984731791230598e+00
3.016379796624887533e+00
3.003615021868884849e+00
2.972603297615239448e+00
2.940849150954087943e+00
2.869921351184950176e+00
2.848627711557219389e+00
2.800416748923185484e+00
2.748310226012881774e+00
2.694843983332175785e+00
2.646951197117951349e+00
2.593150370240846492e+00
2.532354455471079735e+00
2.472352521542259041e+00
2.407555697963391417e+00
2.365785075402225601e+00
2.304858256622229540e+00
2.221301942807994756e+00
2.142591324430613398e+00
2.070482164735693242e+00
1.980348105157604399e+00
1.919406111719182739e+00
1.854985494570806859e+00
1.785429334393676459e+00
1.716178430756498230e+00
1.645357661751805756e+00
1.573547935667364728e+00
1.506971136934502686e+00
1.459731463735765011e+00
1.382400925830298499e+00
1.307326694039659509e+00
1.227274157954973077e+00
1.159515400673168717e+00
1.092394396831987358e+00
1.033615333429860561e+00
9.630565606914507359e-01
9.006742677438394074e-01
8.336163929049225096e-01
7.798037073021352183e-01
7.111351469730838870e-01
6.538208935813070166e-01
5.942746718096771907e-01
5.388307587241306651e-01
4.820686277134118569e-01
4.298621249440857106e-01
3.866438351403861384e-01
3.438396597090425666e-01
3.092597069281602939e-01
2.736863875398741763e-01
2.327140385575811599e-01
1.934386729226127144e-01
1.588563370953184617e-01
1.302940430752107803e-01
1.122709072791797935e-01
1.022634745040403581e-01
9.071687666604609512e-02
7.669074950590150375e-02
6.632292814844575890e-02
5.581911669919263630e-02
4.656017328155034884e-02
3.772566544745211553e-02
2.518690920835947589e-02
2.122556243974723939e-03
0.000000000000000000e+00
0.000000000000000000e+00
0.000000000000000000e+00
0.000000000000000000e+00
0.000000000000000000e+00
0.000000000000000000e+00
0.000000000000000000e+00
0.000000000000000000e+00
0.000000000000000000e+00
0.000000000000000000e+00
