0.000000000000000000e+00
0.000000000000000000e+00
0.000000000000000000e+00
0.000000000000000000e+00
0.000000000000000000e+00
0.000000000000000000e+00
0.000000000000000000e+00
0.000000000000000000e+00
0.000000000000000000e+00
0.000000000000000000e+00
0.000000000000000000e+00
0.000000000000000000e+00
0.000000000000000000e+00
0.000000000000000000e+00
0.000000000000000000e+00
0.000000000000000000e+00
0.000000000000000000e+00
0.000000000000000000e+00
0.000000000000000000e+00
0.000000000000000000e+00
0.000000000000000000e+00
0.000000000000000000e+00
0.000000000000000000e+00
0.000000000000000000e+00
0.000000000000000000e+00
0.000000000000000000e+00
0.000000000000000000e+00
0.000000000000000000e+00
0.000000000000000000e+00
0.000000000000000000e+00
0.000000000000000000e+00
0.000000000000000000e+00
0.000000000000000000e+00
0.000000000000000000e+00
0.000000000000000000e+00
0.000000000000000000e+00
0.000000000000000000e+00
0.000000000000000000e+00
0.000000000000000000e+00
0.000000000000000000e+00
0.000000000000000000e+00
0.000000000000000000e+00
0.000000000000000000e+00
0.000000000000000000e+00
0.000000000000000000e+00
0.000000000000000000e+00
0.000000000000000000e+00
0.000000000000000000e+00
0.000000000000000000e+00
0.000000000000000000e+00
0.000000000000000000e+00
0.000000000000000000e+00
0.000000000000000000e+00
0.000000000000000000e+00
0.000000000000000000e+00
0.000000000000000000e+00
0.000000000000000000e+00
0.000000000000000000e+00
0.000000000000000000e+00
0.000000000000000000e+00
0.000000000000000000e+00
0.000000000000000000e+00
0.000000000000000000e+00
0.000000000000000000e+00
0.000000000000000000e+00
0.000000000000000000e+00
0.000000000000000000e+00
0.000000000000000000e+00
0.000000000000000000e+00
0.000000000000000000e+00
0.000000000000000000e+00
0.000000000000000000e+00
0.000000000000000000e+00
0.000000000000000000e+00
0.000000000000000000e+00
0.000000000000000000e+00
0.000000000000000000e+00
0.000000000000000000e+00
0.000000000000000000e+00
0.000000000000000000e+00
0.000000000000000000e+00
0.000000000000000000e+00
0.000000000000000000e+00
0.000000000000000000e+00
0.000000000000000000e+00
0.000000000000000000e+00
0.000000000000000000e+00
0.000000000000000000e+00
0.000000000000000000e+00
0.000000000000000000e+00
0.000000000000000000e+00
0.000000000000000000e+00
0.000000000000000000e+00
0.000000000000000000e+00
0.000000000000000000e+00
0.000000000000000000e+00
0.000000000000000000e+00
0.000000000000000000e+00
0.000000000000000000e+00
0.000000000000000000e+00
0.000000000000000000e+00
0.000000000000000000e+00
0.000000000000000000e+00
1.795775231055015200e-02
6.262932683395126821e-02
1.103722757167075325e-01
1.521194645478957663e-01
1.933092770287865025e-01
2.344741069465522965e-01
2.829263742902599077e-01
3.324917971099250469e-01
3.739585951533020425e-01
4.194290236310393438e-01
4.709675705659847611e-01
5.278906601104080831e-01
5.827419782239142698e-01
6.491594864673593257e-01
7.119374151906152637e-01
7.798765640855523928e-01
8.392952622644254124e-01
9.005845029908428057e-01
9.760610258245118187e-01
1.032142766834345915e+00
1.105795790964982928e+00
1.190731405586043401e+00
1.285623407175462640e+00
1.359909628612861576e+00
1.458072278243852216e+00
1.540334710086971537e+00
1.619072987266446662e+00
1.697401793882373777e+00
1.778571538794998297e+00
1.852087821457460315e+00
1.927305073251803336e+00
2.010025175672745856e+00
2.057374211670104369e+00
2.123556706022827534e+00
2.190959572124150156e+00
2.244766938114942434e+00
2.321467936817982469e+00
2.380808027110733693e+00
2.444772646148751338e+00
2.527217926510496149e+00
2.574374942283355949e+00
2.638467284501655019e+00
2.705782783907755729e+00
2.766925974625773499e+00
2.838882737232893305e+00
2.895863711702658438e+00
2.946469817400883429e+00
3.010799201475123255e+00
3.070091881833836744e+00
3.131076265533601077e+00
3.192020022205376950e+00
3.254198912345911854e+00
3.325062360240940595e+00
3.398607568613133179e+00
3.458169660622914865e+00
3.520913701257637918e+00
3.583452106346316501e+00
3.634994352946983032e+00
3.687850386611022824e+00
3.734967162646126937e+00
3.762154588172708092e+00
3.812242137356177452e+00
3.846320976103837275e+00
3.868884559821846647e+00
3.885236517174931681e+00
3.863738455498692659e+00
3.853961073231090939e+00
3.795453402351917305e+00
3.754811957132000444e+00
3.691053201444174370e+00
3.604709889977387949e+00
3.524832293978798603e+00
3.422965878901934822e+00
3.290871974662198607e+00
3.164080494038716829e+00
2.967245430852230026e+00
2.779053379859347306e+00
2.520960921467234606e+00
2.202130702892286962e+00
1.976309874981612369e+00
1.887775676736768382e+00
1.792082217815146539e+00
1.597861548500030038e+00
1.402052424781593531e+00
1.199596182171187797e+00
8.584920613973379133e-01
1.204517293014867985e+00
8.319226505892001189e-01
0.000000000000000000e+00
0.000000000000000000e+00
0.000000000000000000e+00
0.000000000000000000e+00
0.000000000000000000e+00
0.000000000000000000e+00
0.000000000000000000e+00
0.000000000000000000e+00
0.000000000000000000e+00
0.000000000000000000e+00
