0.000000000000000000e+00
0.000000000000000000e+00
0.000000000000000000e+00
0.000000000000000000e+00
0.000000000000000000e+00
0.000000000000000000e+00
0.000000000000000000e+00
0.000000000000000000e+00
0.000000000000000000e+00
0.000000000000000000e+00
0.000000000000000000e+00
0.000000000000000000e+00
0.000000000000000000e+00
0.000000000000000000e+00
0.000000000000000000e+00
0.000000000000000000e+00
0.000000000000000000e+00
0.000000000000000000e+00
0.000000000000000000e+00
0.000000000000000000e+00
0.000000000000000000e+00
0.000000000000000000e+00
0.000000000000000000e+00
0.000000000000000000e+00
0.000000000000000000e+00
0.000000000000000000e+00
0.000000000000000000e+00
0.000000000000000000e+00
0.000000000000000000e+00
0.000000000000000000e+00
0.000000000000000000e+00
0.000000000000000000e+00
0.000000000000000000e+00
0.000000000000000000e+00
0.000000000000000000e+00
0.000000000000000000e+00
0.000000000000000000e+00
0.000000000000000000e+00
0.000000000000000000e+00
0.000000000000000000e+00
0.000000000000000000e+00
0.000000000000000000e+00
0.000000000000000000e+00
0.000000000000000000e+00
0.000000000000000000e+00
0.000000000000000000e+00
0.000000000000000000e+00
0.000000000000000000e+00
0.000000000000000000e+00
0.000000000000000000e+00
0.000000000000000000e+00
0.000000000000000000e+00
2.070302304902591622e-02
1.707522699692056584e-02
4.072473752129179836e-02
3.931452979462630309e-02
3.463394728515285792e-02
7.638683992955851154e-02
5.910145833825527356e-02
7.200283802851674408e-02
1.035024263279011175e-01
8.491722563176808125e-02
7.831732955768749838e-02
1.214971659576617596e-01
1.308004963366581619e-01
1.423376801379024059e-01
1.849850419264273682e-01
2.103088338048087758e-01
2.186001278352651400e-01
2.909103220544467794e-01
3.390376350497696922e-01
3.889673256129935197e-01
4.525987135906452408e-01
5.050061638907105133e-01
5.733086108440266226e-01
6.204987518079048137e-01
6.941153752342353878e-01
7.682126056188467444e-01
8.181273116278336976e-01
9.090096228107752419e-01
9.480233724631570436e-01
1.024334231907616966e+00
1.088385826506907739e+00
1.147456035394475382e+00
1.214475718199044652e+00
1.259275069623660759e+00
1.294730663179949337e+00
1.361496591900700714e+00
1.426062986613890526e+00
1.455971393214438248e+00
1.518693912776270638e+00
1.550611820817720199e+00
1.589685818837498932e+00
1.646794041167254807e+00
1.656614086036136690e+00
1.725995472227540350e+00
1.775835778340697058e+00
1.820410554531435077e+00
1.855023783348357158e+00
1.951203508118724450e+00
1.980819947413179793e+00
2.043083649401861379e+00
2.112971473517307075e+00
2.175574552175649767e+00
2.233437348217179874e+00
2.271512171011289993e+00
2.333447349054727393e+00
2.383061142863289295e+00
2.457704766953289877e+00
2.508401838468157230e+00
2.563868768774649975e+00
2.581040696577423521e+00
2.647610102593272341e+00
2.876912831918276403e+00
3.071839866488773829e+00
3.140093819704037781e+00
3.198456971460912346e+00
3.188629546425984174e+00
3.183970354070049691e+00
3.152676820285016390e+00
3.105126530660150319e+00
3.034539872775237956e+00
3.031791596905765385e+00
2.955792734809214117e+00
2.931472433301610003e+00
2.957151589059217045e+00
3.005143677715695461e+00
3.014537103183987821e+00
2.982777094327055956e+00
3.000236931284321784e+00
2.991503886920558575e+00
2.964546556603628868e+00
2.936067173911802719e+00
2.871339577723235337e+00
2.854657964186007035e+00
2.810197305063176110e+00
2.763226864212437128e+00
2.714597663872033273e+00
2.671995476133069758e+00
2.623222589948817074e+00
2.567607437105893897e+00
2.512741971596064161e+00
2.453003306110933313e+00
2.416341416532641340e+00
2.359462329972486838e+00
2.279774482556849335e+00
2.205322414461374780e+00
2.136011438337066082e+00
2.050115064290022104e+00
1.990607936880000706e+00
1.928292930671404948e+00
1.860178507706260698e+00
1.792394272775350128e+00
1.723012106385264586e+00
1.653984903578834098e+00
1.591482301129298227e+00
1.548536580584075617e+00
1.478661953565349796e+00
1.411816980399684507e+00
1.340911679848588278e+00
1.284650491507660863e+00
1.230722840837444210e+00
1.180046343246404783e+00
1.119072820105953436e+00
1.065326032635517617e+00
1.001901053316562207e+00
9.496682369823187253e-01
8.792212368082946705e-01
8.186904266948713538e-01
7.571614795676477883e-01
7.019613298779154853e-01
6.437015531258373224e-01
5.905204797209969714e-01
5.468037123163079771e-01
5.018478561910963975e-01
4.653227160210920421e-01
4.274313994395542715e-01
3.844150495191930306e-01
3.420478327859244883e-01
3.057518959001602199e-01
2.729453076574199222e-01
2.437317585274462184e-01
2.179199660365196689e-01
1.892822406002620528e-01
1.605572807186174955e-01
1.381227130195770980e-01
1.145491732848793742e-01
9.433824600472624777e-02
7.662533372235383333e-02
5.198238776224799185e-02
3.759748808477820971e-03
0.000000000000000000e+00
0.000000000000000000e+00
0.000000000000000000e+00
0.000000000000000000e+00
0.000000000000000000e+00
0.000000000000000000e+00
0.000000000000000000e+00
0.000000000000000000e+00
0.000000000000000000e+00
0.000000000000000000e+00
