0.000000000000000000e+00
0.000000000000000000e+00
0.000000000000000000e+00
0.000000000000000000e+00
0.000000000000000000e+00
0.000000000000000000e+00
0.000000000000000000e+00
0.000000000000000000e+00
0.000000000000000000e+00
0.000000000000000000e+00
0.000000000000000000e+00
0.000000000000000000e+00
0.000000000000000000e+00
0.000000000000000000e+00
0.000000000000000000e+00
0.000000000000000000e+00
0.000000000000000000e+00
0.000000000000000000e+00
0.000000000000000000e+00
0.000000000000000000e+00
0.000000000000000000e+00
0.000000000000000000e+00
0.000000000000000000e+00
0.000000000000000000e+00
0.000000000000000000e+00
0.000000000000000000e+00
0.000000000000000000e+00
0.000000000000000000e+00
0.000000000000000000e+00
0.000000000000000000e+00
0.000000000000000000e+00
0.000000000000000000e+00
0.000000000000000000e+00
0.000000000000000000e+00
0.000000000000000000e+00
0.000000000000000000e+00
0.000000000000000000e+00
0.000000000000000000e+00
0.000000000000000000e+00
0.000000000000000000e+00
0.000000000000000000e+00
0.000000000000000000e+00
0.000000000000000000e+00
0.000000000000000000e+00
0.000000000000000000e+00
0.000000000000000000e+00
0.000000000000000000e+00
0.000000000000000000e+00
0.000000000000000000e+00
0.000000000000000000e+00
0.000000000000000000e+00
0.000000000000000000e+00
0.000000000000000000e+00
0.000000000000000000e+00
0.000000000000000000e+00
0.000000000000000000e+00
0.000000000000000000e+00
0.000000000000000000e+00
0.000000000000000000e+00
0.000000000000000000e+00
0.000000000000000000e+00
0.000000000000000000e+00
0.000000000000000000e+00
0.000000000000000000e+00
0.000000000000000000e+00
0.000000000000000000e+00
0.000000000000000000e+00
0.000000000000000000e+00
0.000000000000000000e+00
0.000000000000000000e+00
0.000000000000000000e+00
0.000000000000000000e+00
0.000000000000000000e+00
0.000000000000000000e+00
0.000000000000000000e+00
0.000000000000000000e+00
0.000000000000000000e+00
0.000000000000000000e+00
0.000000000000000000e+00
0.000000000000000000e+00
0.000000000000000000e+00
0.000000000000000000e+00
0.000000000000000000e+00
0.000000000000000000e+00
0.000000000000000000e+00
0.000000000000000000e+00
0.000000000000000000e+00
0.000000000000000000e+00
0.000000000000000000e+00
0.000000000000000000e+00
0.000000000000000000e+00
0.000000000000000000e+00
0.000000000000000000e+00
0.000000000000000000e+00
0.000000000000000000e+00
0.000000000000000000e+00
0.000000000000000000e+00
0.000000000000000000e+00
0.000000000000000000e+00
0.000000000000000000e+00
0.000000000000000000e+00
0.000000000000000000e+00
0.000000000000000000e+00
9.498003491170795565e-01
3.293822295824563096e+00
5.764353360791439229e+00
7.874462980397445300e+00
9.907570765287248449e+00
1.192096198965036891e+01
1.424422269135059693e+01
1.661773480932683356e+01
1.855496431804063207e+01
2.066320556252653518e+01
2.307851741371308307e+01
2.569086192775786515e+01
2.820639735244522583e+01
3.121069295852421988e+01
3.400559546673100897e+01
3.701333686968541770e+01
3.953988642778583795e+01
4.209478460352732299e+01
4.527152622351859179e+01
4.748780571362076586e+01
5.045919261919258503e+01
5.390562829027785341e+01
5.769065531777467015e+01
6.053544964941895756e+01
6.434305590843986522e+01
6.737361657344293064e+01
7.015378247113092414e+01
7.280830141812997169e+01
7.558926368750063318e+01
7.791456625162413729e+01
8.023106459577660132e+01
8.289590487106676164e+01
8.390981885199835233e+01
8.560931157681959291e+01
8.730415970047194207e+01
8.819551828839708207e+01
8.996060063702900322e+01
9.084479534985767657e+01
9.174305915661332733e+01
9.322590992329034520e+01
9.305032208944680860e+01
9.341879744597018487e+01
9.363819648246864347e+01
9.344637780606356614e+01
9.402348494074050222e+01
9.395786830104863441e+01
9.348592255570808618e+01
9.309900946043818237e+01
9.226172218124141011e+01
9.121166437309814512e+01
8.996593116240879340e+01
8.874818466432506625e+01
8.776069555306301595e+01
8.653330975231787647e+01
8.426908695344951639e+01
8.165592982551667944e+01
7.854048435074273016e+01
7.528120679559472705e+01
7.319861240861995100e+01
7.255798867149145792e+01
7.156594258863316327e+01
7.006402930360754056e+01
6.818064490462008109e+01
6.574774526999492252e+01
6.313869209534033899e+01
6.066985210227714731e+01
5.943394413964812628e+01
5.736782931435423194e+01
5.483842856506981178e+01
5.184455018890520961e+01
4.797061815705412613e+01
4.391436242046312799e+01
4.079049494127595210e+01
3.922096998086718145e+01
3.773314473430942684e+01
3.455190209704509385e+01
3.158809538856867860e+01
2.749641236639811126e+01
2.225255750961983026e+01
1.863012332222307066e+01
1.805470525346398247e+01
1.744780143945762774e+01
1.524580646481270207e+01
1.322943687924827216e+01
1.111239449552543945e+01
7.469434444344057233e+00
1.095339213082615437e+01
7.634110298712858622e+00
0.000000000000000000e+00
0.000000000000000000e+00
0.000000000000000000e+00
0.000000000000000000e+00
0.000000000000000000e+00
0.000000000000000000e+00
0.000000000000000000e+00
0.000000000000000000e+00
0.000000000000000000e+00
0.000000000000000000e+00
