0.000000000000000000e+00
0.000000000000000000e+00
0.000000000000000000e+00
0.000000000000000000e+00
0.000000000000000000e+00
0.000000000000000000e+00
0.000000000000000000e+00
0.000000000000000000e+00
0.000000000000000000e+00
0.000000000000000000e+00
0.000000000000000000e+00
0.000000000000000000e+00
0.000000000000000000e+00
0.000000000000000000e+00
0.000000000000000000e+00
0.000000000000000000e+00
0.000000000000000000e+00
0.000000000000000000e+00
0.000000000000000000e+00
0.000000000000000000e+00
4.942447057750356976e+00
5.471566097899050796e+00
6.021425473693879482e+00
6.560504910527310329e+00
7.103846868333620002e+00
7.617051272916040006e+00
8.064622040993089769e+00
8.402116898105120413e+00
8.623748133196142973e+00
8.635273541669068464e+00
8.408006924717602359e+00
7.894529424031547116e+00
7.076101633821150649e+00
5.951320379228122626e+00
4.572560093934637138e+00
3.095701313583614223e+00
1.774552945076068644e+00
6.840714668856149316e-01
6.486653023169439147e-02
0.000000000000000000e+00
0.000000000000000000e+00
