0.000000000000000000e+00
0.000000000000000000e+00
0.000000000000000000e+00
0.000000000000000000e+00
0.000000000000000000e+00
0.000000000000000000e+00
0.000000000000000000e+00
0.000000000000000000e+00
0.000000000000000000e+00
0.000000000000000000e+00
4.059862000710047492e-02
1.698401560973252789e-01
6.387544587488923620e-01
1.993633690994614405e+00
3.130782637219230224e+00
4.019555369713432746e+00
4.910680721666436988e+00
5.620655398200891995e+00
6.376217655503422677e+00
7.060384430499157205e+00
7.226988898798926364e+00
7.243896969799899388e+00
8.455562150033507862e+00
1.030818710889292333e+01
1.166886016474268750e+01
1.132432469756257909e+01
1.050843867231005291e+01
1.019258315673728532e+01
1.026576607626751070e+01
1.003814365670579001e+01
9.220279751212935082e+00
8.095137443449450743e+00
6.768132757768722030e+00
5.220954392114834697e+00
3.597369975976302481e+00
2.151691307896775651e+00
9.916568025546117493e-01
3.024841138365889637e-01
0.000000000000000000e+00
0.000000000000000000e+00
0.000000000000000000e+00
