0.000000000000000000e+00
0.000000000000000000e+00
0.000000000000000000e+00
0.000000000000000000e+00
0.000000000000000000e+00
0.000000000000000000e+00
0.000000000000000000e+00
0.000000000000000000e+00
0.000000000000000000e+00
0.000000000000000000e+00
0.000000000000000000e+00
0.000000000000000000e+00
0.000000000000000000e+00
0.000000000000000000e+00
0.000000000000000000e+00
0.000000000000000000e+00
0.000000000000000000e+00
0.000000000000000000e+00
0.000000000000000000e+00
0.000000000000000000e+00
1.214765455783274106e+01
1.312367479724914965e+01
1.405346776283907495e+01
1.489279882041066116e+01
1.570523771396890389e+01
1.638827505990912314e+01
1.693147061334929049e+01
1.728409580789871214e+01
1.734398088212301303e+01
1.708567877746939345e+01
1.646284897836426708e+01
1.542073969164098379e+01
1.388626002472269683e+01
1.171763740777386431e+01
9.110228372163918564e+00
6.094962846266981593e+00
3.377116737971707305e+00
1.127631343706770872e+00
9.328341486197010146e-02
0.000000000000000000e+00
0.000000000000000000e+00
