0.000000000000000000e+00
0.000000000000000000e+00
0.000000000000000000e+00
0.000000000000000000e+00
0.000000000000000000e+00
0.000000000000000000e+00
0.000000000000000000e+00
0.000000000000000000e+00
0.000000000000000000e+00
0.000000000000000000e+00
0.000000000000000000e+00
0.000000000000000000e+00
0.000000000000000000e+00
0.000000000000000000e+00
0.000000000000000000e+00
0.000000000000000000e+00
0.000000000000000000e+00
0.000000000000000000e+00
0.000000000000000000e+00
0.000000000000000000e+00
0.000000000000000000e+00
0.000000000000000000e+00
0.000000000000000000e+00
0.000000000000000000e+00
0.000000000000000000e+00
0.000000000000000000e+00
0.000000000000000000e+00
0.000000000000000000e+00
0.000000000000000000e+00
0.000000000000000000e+00
0.000000000000000000e+00
0.000000000000000000e+00
0.000000000000000000e+00
0.000000000000000000e+00
0.000000000000000000e+00
0.000000000000000000e+00
0.000000000000000000e+00
0.000000000000000000e+00
0.000000000000000000e+00
0.000000000000000000e+00
0.000000000000000000e+00
0.000000000000000000e+00
0.000000000000000000e+00
0.000000000000000000e+00
0.000000000000000000e+00
0.000000000000000000e+00
0.000000000000000000e+00
0.000000000000000000e+00
0.000000000000000000e+00
0.000000000000000000e+00
0.000000000000000000e+00
0.000000000000000000e+00
0.000000000000000000e+00
0.000000000000000000e+00
0.000000000000000000e+00
0.000000000000000000e+00
0.000000000000000000e+00
0.000000000000000000e+00
0.000000000000000000e+00
0.000000000000000000e+00
0.000000000000000000e+00
0.000000000000000000e+00
0.000000000000000000e+00
0.000000000000000000e+00
0.000000000000000000e+00
0.000000000000000000e+00
0.000000000000000000e+00
0.000000000000000000e+00
0.000000000000000000e+00
0.000000000000000000e+00
0.000000000000000000e+00
0.000000000000000000e+00
0.000000000000000000e+00
0.000000000000000000e+00
0.000000000000000000e+00
0.000000000000000000e+00
0.000000000000000000e+00
0.000000000000000000e+00
0.000000000000000000e+00
0.000000000000000000e+00
0.000000000000000000e+00
0.000000000000000000e+00
0.000000000000000000e+00
0.000000000000000000e+00
0.000000000000000000e+00
0.000000000000000000e+00
0.000000000000000000e+00
0.000000000000000000e+00
0.000000000000000000e+00
0.000000000000000000e+00
0.000000000000000000e+00
0.000000000000000000e+00
0.000000000000000000e+00
0.000000000000000000e+00
0.000000000000000000e+00
0.000000000000000000e+00
0.000000000000000000e+00
0.000000000000000000e+00
0.000000000000000000e+00
0.000000000000000000e+00
2.144328908562465497e+00
2.198456605836355493e+00
2.244341134982351438e+00
2.285268173146894011e+00
2.311901366902863408e+00
2.352007720925455292e+00
2.406756948281736364e+00
2.463768123969760193e+00
2.493367689385558084e+00
2.514588554840732293e+00
2.563439448020578659e+00
2.592127241959629291e+00
2.657859773921889435e+00
2.656382070331373413e+00
2.728702094226689745e+00
2.753989779327188359e+00
2.768653630447203362e+00
2.805037479798939248e+00
2.852609729316777809e+00
2.865641837555656490e+00
2.893099976597584444e+00
2.924968272034306871e+00
2.946317719448467543e+00
2.981792863780012404e+00
2.986108597846786061e+00
2.977592293569081505e+00
3.006248552080939884e+00
3.015562765403452250e+00
3.017646569050271843e+00
3.029135901518890339e+00
3.030038581750746474e+00
3.025585583361544373e+00
3.032441123194974164e+00
3.017652119109569320e+00
3.012588588083177754e+00
2.985756696432381840e+00
2.969649361095659579e+00
2.950704903333928542e+00
2.915242628516392376e+00
2.909385876861046327e+00
2.881090602832846681e+00
2.847392470268098830e+00
2.802475839466337604e+00
2.764804466427195351e+00
2.736016515427316165e+00
2.674568906985706374e+00
2.641531916095764654e+00
2.588244658992275848e+00
2.536196161531716786e+00
2.472463249822759224e+00
2.407918856312778466e+00
2.335706463469213734e+00
2.272481336924299544e+00
2.195568409305112212e+00
2.128615682595323300e+00
2.046830329983580832e+00
1.976206451133708963e+00
1.915502121751546438e+00
1.846589410863119785e+00
1.788130115414049426e+00
1.734667978656556642e+00
1.668221290830338877e+00
1.614263127674593568e+00
1.543413925939772779e+00
1.477746231753662931e+00
1.404777265502928252e+00
1.337212486417217017e+00
1.266475332300108114e+00
1.191233996301259479e+00
1.110660325224840816e+00
1.038199908836034302e+00
9.588681462878195783e-01
8.899255118916558072e-01
8.231844928064178113e-01
7.758510985418439754e-01
7.233354046393284387e-01
6.634687767538707259e-01
6.071413269600399731e-01
5.491649630900365953e-01
4.923061729257184882e-01
4.433700750630640286e-01
3.990176941815383738e-01
3.584788355107215718e-01
3.180486322991218917e-01
2.744165356262195932e-01
2.317589052832297325e-01
1.928634123369490638e-01
1.618307183100002322e-01
1.383013879133147828e-01
8.679782847361951215e-02
1.172497147227037108e-02
0.000000000000000000e+00
0.000000000000000000e+00
0.000000000000000000e+00
0.000000000000000000e+00
0.000000000000000000e+00
0.000000000000000000e+00
0.000000000000000000e+00
0.000000000000000000e+00
0.000000000000000000e+00
0.000000000000000000e+00
