0.000000000000000000e+00
0.000000000000000000e+00
0.000000000000000000e+00
0.000000000000000000e+00
0.000000000000000000e+00
0.000000000000000000e+00
0.000000000000000000e+00
0.000000000000000000e+00
0.000000000000000000e+00
0.000000000000000000e+00
0.000000000000000000e+00
0.000000000000000000e+00
0.000000000000000000e+00
0.000000000000000000e+00
0.000000000000000000e+00
0.000000000000000000e+00
0.000000000000000000e+00
0.000000000000000000e+00
0.000000000000000000e+00
0.000000000000000000e+00
1.316953425676428324e+01
1.396852856816238209e+01
1.469413857434229520e+01
1.524367429979094801e+01
1.559831737457484024e+01
1.570369986472300639e+01
1.545371305814764185e+01
1.488953975686549747e+01
1.395448601992889870e+01
1.271923701922765026e+01
1.109175377980543331e+01
9.327923537060179626e+00
7.408128651184977542e+00
5.465083702795579867e+00
3.659981601452415134e+00
2.099260941390270307e+00
9.379288306212745230e-01
2.900246927010316500e-01
1.419629760281926334e-02
0.000000000000000000e+00
0.000000000000000000e+00
