0.000000000000000000e+00
0.000000000000000000e+00
0.000000000000000000e+00
0.000000000000000000e+00
0.000000000000000000e+00
0.000000000000000000e+00
0.000000000000000000e+00
0.000000000000000000e+00
0.000000000000000000e+00
0.000000000000000000e+00
0.000000000000000000e+00
0.000000000000000000e+00
0.000000000000000000e+00
0.000000000000000000e+00
0.000000000000000000e+00
0.000000000000000000e+00
0.000000000000000000e+00
0.000000000000000000e+00
0.000000000000000000e+00
0.000000000000000000e+00
0.000000000000000000e+00
0.000000000000000000e+00
0.000000000000000000e+00
0.000000000000000000e+00
0.000000000000000000e+00
0.000000000000000000e+00
0.000000000000000000e+00
0.000000000000000000e+00
0.000000000000000000e+00
0.000000000000000000e+00
0.000000000000000000e+00
0.000000000000000000e+00
0.000000000000000000e+00
0.000000000000000000e+00
0.000000000000000000e+00
0.000000000000000000e+00
0.000000000000000000e+00
0.000000000000000000e+00
0.000000000000000000e+00
0.000000000000000000e+00
0.000000000000000000e+00
0.000000000000000000e+00
0.000000000000000000e+00
0.000000000000000000e+00
0.000000000000000000e+00
0.000000000000000000e+00
0.000000000000000000e+00
0.000000000000000000e+00
0.000000000000000000e+00
0.000000000000000000e+00
0.000000000000000000e+00
0.000000000000000000e+00
6.231134874669155832e-03
6.115284928020062183e-03
1.316518454468998921e-02
1.247651256361894008e-02
1.247670790151361037e-02
2.478605507149243131e-02
1.829566485881204546e-02
2.366286769679291566e-02
3.342322729308574297e-02
2.766028948540824595e-02
2.694706893390508631e-02
3.909284809028944901e-02
4.316233909010749881e-02
4.596176245253090487e-02
6.048036441303544092e-02
6.942117842297625130e-02
7.190714984337570614e-02
9.668891923679089062e-02
1.118789826359752326e-01
1.294700978063751118e-01
1.501012394757517410e-01
1.673449847679084890e-01
1.891468919713535923e-01
2.042471863539781496e-01
2.300599718734731014e-01
2.542734846157018169e-01
2.711476269235510439e-01
3.028290473656850001e-01
3.163146950008192682e-01
3.407012972150929020e-01
3.637883328584622378e-01
3.830660764042543853e-01
4.069989339959699248e-01
4.218685410525500057e-01
4.353634613605984471e-01
4.576419426206858598e-01
4.804794253576888940e-01
4.907462171161084963e-01
5.133391685908060831e-01
5.258801297611385150e-01
5.406483471108836092e-01
5.596569039929549794e-01
5.647180833216239870e-01
5.903570613809038248e-01
6.080579323396489988e-01
6.263442702489073755e-01
6.400327365581977013e-01
6.743673987447905693e-01
6.866119835282714634e-01
7.098583656743768788e-01
7.362179294066103497e-01
7.605381049166434204e-01
7.829082687782378258e-01
7.987757896398189894e-01
8.235879890748161181e-01
8.431083209605125806e-01
8.722275946053043016e-01
8.927431125554006197e-01
9.148412673946817453e-01
9.240522049494092061e-01
9.528198571366595093e-01
1.038633970825335817e+00
1.111591448378057567e+00
1.139266573425800733e+00
1.163854486283686596e+00
1.164166066411425060e+00
1.164365345492123005e+00
1.156447439233864616e+00
1.143110990592028031e+00
1.120416180500589221e+00
1.124495055674156641e+00
1.103218431789458664e+00
1.099738067225528138e+00
1.115730353842210532e+00
1.138225433693091260e+00
1.145332522985845536e+00
1.139880706554978529e+00
1.150038087955779220e+00
1.152225613659616288e+00
1.147877697552121878e+00
1.140856985864178608e+00
1.124223371155509632e+00
1.123372030313844139e+00
1.111138910278979486e+00
1.099213148725637579e+00
1.086789588468772605e+00
1.076483595042807995e+00
1.063310374513236178e+00
1.047001394107757166e+00
1.031505876432517566e+00
1.013755980517765165e+00
1.004406193607786157e+00
9.861448771189307294e-01
9.587019052048610934e-01
9.330976236785153421e-01
9.088359805797966429e-01
8.777434251746842886e-01
8.557609807641506361e-01
8.328398613371229553e-01
8.062574378577496148e-01
7.793330494681335319e-01
7.515023152392198424e-01
7.237988691445091938e-01
6.991480401660306043e-01
6.827795587660152599e-01
6.552427153494388978e-01
6.287644863224117753e-01
6.002750585496992031e-01
5.779331639753296779e-01
5.566334271326786043e-01
5.359707152318372581e-01
5.101766493709476435e-01
4.867170495761267146e-01
4.576254650305939808e-01
4.320504195113641366e-01
3.963410214963848932e-01
3.657297899817874565e-01
3.345302870299133313e-01
3.067671118848468992e-01
2.782194851846560013e-01
2.530601079803501130e-01
2.335937479405450767e-01
2.157625160275884191e-01
2.023268659253993906e-01
1.878228871945273049e-01
1.708531561400775944e-01
1.540959428298410150e-01
1.397633945651150789e-01
1.262886118016728898e-01
1.133274243231475048e-01
1.011733626857519025e-01
8.774722293433352693e-02
7.457512487381140476e-02
6.418909030140372562e-02
5.323943523676538669e-02
4.384660103889557320e-02
3.561398032594288027e-02
2.416041334016606063e-02
1.747458883256437735e-03
0.000000000000000000e+00
0.000000000000000000e+00
0.000000000000000000e+00
0.000000000000000000e+00
0.000000000000000000e+00
0.000000000000000000e+00
0.000000000000000000e+00
0.000000000000000000e+00
0.000000000000000000e+00
0.000000000000000000e+00
