0.000000000000000000e+00
0.000000000000000000e+00
0.000000000000000000e+00
0.000000000000000000e+00
0.000000000000000000e+00
0.000000000000000000e+00
0.000000000000000000e+00
0.000000000000000000e+00
0.000000000000000000e+00
0.000000000000000000e+00
0.000000000000000000e+00
0.000000000000000000e+00
0.000000000000000000e+00
0.000000000000000000e+00
0.000000000000000000e+00
0.000000000000000000e+00
0.000000000000000000e+00
0.000000000000000000e+00
0.000000000000000000e+00
0.000000000000000000e+00
0.000000000000000000e+00
0.000000000000000000e+00
0.000000000000000000e+00
0.000000000000000000e+00
0.000000000000000000e+00
0.000000000000000000e+00
0.000000000000000000e+00
0.000000000000000000e+00
0.000000000000000000e+00
0.000000000000000000e+00
0.000000000000000000e+00
0.000000000000000000e+00
0.000000000000000000e+00
0.000000000000000000e+00
0.000000000000000000e+00
0.000000000000000000e+00
0.000000000000000000e+00
0.000000000000000000e+00
0.000000000000000000e+00
0.000000000000000000e+00
0.000000000000000000e+00
0.000000000000000000e+00
0.000000000000000000e+00
0.000000000000000000e+00
0.000000000000000000e+00
0.000000000000000000e+00
0.000000000000000000e+00
0.000000000000000000e+00
0.000000000000000000e+00
0.000000000000000000e+00
0.000000000000000000e+00
0.000000000000000000e+00
0.000000000000000000e+00
0.000000000000000000e+00
0.000000000000000000e+00
0.000000000000000000e+00
0.000000000000000000e+00
0.000000000000000000e+00
0.000000000000000000e+00
0.000000000000000000e+00
0.000000000000000000e+00
0.000000000000000000e+00
0.000000000000000000e+00
0.000000000000000000e+00
0.000000000000000000e+00
0.000000000000000000e+00
0.000000000000000000e+00
0.000000000000000000e+00
0.000000000000000000e+00
0.000000000000000000e+00
0.000000000000000000e+00
0.000000000000000000e+00
0.000000000000000000e+00
0.000000000000000000e+00
0.000000000000000000e+00
0.000000000000000000e+00
0.000000000000000000e+00
0.000000000000000000e+00
0.000000000000000000e+00
0.000000000000000000e+00
0.000000000000000000e+00
0.000000000000000000e+00
0.000000000000000000e+00
0.000000000000000000e+00
0.000000000000000000e+00
0.000000000000000000e+00
0.000000000000000000e+00
0.000000000000000000e+00
0.000000000000000000e+00
0.000000000000000000e+00
0.000000000000000000e+00
0.000000000000000000e+00
0.000000000000000000e+00
0.000000000000000000e+00
0.000000000000000000e+00
0.000000000000000000e+00
0.000000000000000000e+00
0.000000000000000000e+00
0.000000000000000000e+00
0.000000000000000000e+00
0.000000000000000000e+00
0.000000000000000000e+00
0.000000000000000000e+00
9.830164569269326247e-01
3.408735305368525648e+00
5.964064399172462672e+00
8.144002250143227428e+00
1.024232205194023493e+01
1.232138837541605092e+01
1.471566657315874949e+01
1.714966479861530146e+01
1.910915348521079693e+01
2.122194233779402950e+01
2.363321500425369237e+01
2.621519544856250761e+01
2.868604670287826863e+01
3.161719606045147657e+01
3.433591317819372790e+01
3.728947007735229846e+01
3.975916188848505328e+01
4.225828764732003862e+01
4.536795863938752404e+01
4.748699615905052696e+01
5.035060578777507345e+01
5.368178366489190978e+01
5.732436091564477465e+01
6.004094045096893240e+01
6.369757621929164060e+01
6.656650112784407725e+01
6.916067364584249333e+01
7.160800183422735188e+01
7.420465265946918976e+01
7.636265808222572105e+01
7.854146291406493674e+01
8.111640620042936689e+01
8.208528432171800659e+01
8.372600781696492334e+01
8.534576955003632293e+01
8.616158463788893584e+01
8.786761660680352293e+01
8.873500913965465031e+01
8.962975585647529897e+01
9.110316147076609639e+01
9.096136770852888276e+01
9.136446987854951374e+01
9.161782251271581856e+01
9.143149953097746163e+01
9.192475703966994161e+01
9.173538650144521966e+01
9.113880392238455386e+01
9.061720146667211395e+01
8.962691213366765908e+01
8.842937167915711427e+01
8.710772693893241581e+01
8.596492421146534468e+01
8.522015166519074114e+01
8.429510814545439246e+01
8.236146962039518371e+01
8.015284370439233896e+01
7.749446466831804514e+01
7.458004197220235199e+01
7.239786309717923984e+01
7.106285074574391558e+01
6.923074177213776181e+01
6.691247345229157872e+01
6.403580434201015237e+01
6.036791622155073611e+01
5.645502032117490643e+01
5.324632127140912274e+01
5.205548045417059200e+01
5.017537173702866227e+01
4.744763447164306314e+01
4.434421302963320954e+01
4.033128626426985619e+01
3.601747774441162164e+01
3.278493757638085526e+01
3.146696364477275409e+01
3.021090465358325616e+01
2.725016098794490205e+01
2.446810026398243920e+01
2.056031846313924660e+01
1.532112644411540892e+01
1.158289099045401649e+01
1.157636096391855673e+01
1.158037179346075618e+01
9.934664815300392249e+00
8.648354302960678197e+00
7.336402706440770416e+00
5.132998141506960543e+00
7.316110299259143801e+00
5.069927083735286111e+00
0.000000000000000000e+00
0.000000000000000000e+00
0.000000000000000000e+00
0.000000000000000000e+00
0.000000000000000000e+00
0.000000000000000000e+00
0.000000000000000000e+00
0.000000000000000000e+00
0.000000000000000000e+00
0.000000000000000000e+00
