0.000000000000000000e+00
0.000000000000000000e+00
0.000000000000000000e+00
0.000000000000000000e+00
0.000000000000000000e+00
0.000000000000000000e+00
0.000000000000000000e+00
0.000000000000000000e+00
0.000000000000000000e+00
0.000000000000000000e+00
0.000000000000000000e+00
0.000000000000000000e+00
0.000000000000000000e+00
0.000000000000000000e+00
0.000000000000000000e+00
0.000000000000000000e+00
0.000000000000000000e+00
0.000000000000000000e+00
0.000000000000000000e+00
0.000000000000000000e+00
0.000000000000000000e+00
0.000000000000000000e+00
0.000000000000000000e+00
0.000000000000000000e+00
0.000000000000000000e+00
0.000000000000000000e+00
0.000000000000000000e+00
0.000000000000000000e+00
0.000000000000000000e+00
0.000000000000000000e+00
0.000000000000000000e+00
0.000000000000000000e+00
0.000000000000000000e+00
0.000000000000000000e+00
0.000000000000000000e+00
0.000000000000000000e+00
0.000000000000000000e+00
0.000000000000000000e+00
0.000000000000000000e+00
0.000000000000000000e+00
0.000000000000000000e+00
0.000000000000000000e+00
0.000000000000000000e+00
0.000000000000000000e+00
0.000000000000000000e+00
0.000000000000000000e+00
0.000000000000000000e+00
0.000000000000000000e+00
0.000000000000000000e+00
0.000000000000000000e+00
0.000000000000000000e+00
0.000000000000000000e+00
0.000000000000000000e+00
0.000000000000000000e+00
1.311458469823292665e-02
0.000000000000000000e+00
3.763038033888780470e-02
nan
4.708203487921539671e-02
4.402709117223543162e-02
5.544690305705482491e-02
9.391646177908591353e-02
1.404807331437154250e-01
2.073874721987917780e-01
2.771164894265826795e-01
3.685140872747661445e-01
4.490201575340136420e-01
5.087804780968970819e-01
5.499258273044459466e-01
6.583863095945566846e-01
7.070113831611676281e-01
7.665917887367108552e-01
8.233988139947450158e-01
8.756333647083560656e-01
1.016524188744093227e+00
1.050656060260193980e+00
1.094742322349010699e+00
1.144222843445272142e+00
1.198259080450263747e+00
1.225083077572450385e+00
1.293097848175043252e+00
1.385455371701344918e+00
1.455669128806584167e+00
1.546490528239343298e+00
1.660435930604814647e+00
1.741214572600481070e+00
1.813570275123896014e+00
1.856974458186973598e+00
1.925723582433681802e+00
2.009528597537784567e+00
2.072470128999217565e+00
2.176261471122587832e+00
2.254012797804906931e+00
2.338083190383076548e+00
2.449883168346505879e+00
2.552943812725097850e+00
2.673746023276347472e+00
2.804349160993775403e+00
2.901994959095488991e+00
3.051714403287205002e+00
3.210651585192288326e+00
3.303188048906422924e+00
3.415307027381248250e+00
3.561732643515787000e+00
3.668344052183337922e+00
3.757449544254265916e+00
3.899926494430904000e+00
3.993183849144417152e+00
4.108613158463828796e+00
4.300641764297473024e+00
4.409775913626717170e+00
4.540935271461346900e+00
4.670559910521146385e+00
5.086877401157956946e+00
5.350440548530678520e+00
5.616509415905217573e+00
5.813481178829293050e+00
5.993753496494375277e+00
6.132975100230639853e+00
6.201051508868967943e+00
6.287803384747605584e+00
6.393953080862887717e+00
6.484399973748614876e+00
6.449203952066577372e+00
6.412453769774415058e+00
6.503820983717326421e+00
6.521490275425064098e+00
6.565622634537319868e+00
6.578741965010189929e+00
6.594965066255697117e+00
6.614507126605982279e+00
6.638180557403273063e+00
6.703071658497316676e+00
6.731313004949342371e+00
6.735445017842685012e+00
6.702004563477636623e+00
6.725652409979177015e+00
6.706393047609696900e+00
6.728628484846745472e+00
6.697553776620199351e+00
6.667747515233270583e+00
6.618859396816897167e+00
6.647563149337469390e+00
6.611741036011185457e+00
6.579303703684977300e+00
6.501648895623118207e+00
6.451264496504808044e+00
6.340171736708692940e+00
6.249790035514457998e+00
6.113437105681525985e+00
6.026544792601413292e+00
5.961548174543746192e+00
5.823687093762820233e+00
5.742447035916961262e+00
5.592293421697364764e+00
5.444048255352925025e+00
5.312466298623673033e+00
5.142528081834079501e+00
4.966355282950170924e+00
4.809721537528354851e+00
4.662301888499611913e+00
4.488198014254060730e+00
4.281791051442364271e+00
4.087699282177979399e+00
3.926201417571015817e+00
3.750594563373231605e+00
3.568638156488977309e+00
3.372369369682261198e+00
3.205090847091612183e+00
3.025399236392732227e+00
2.831864844334231801e+00
2.631631422611998339e+00
2.480527392050199342e+00
2.293779324738525194e+00
2.113406008626984356e+00
1.951200416067575549e+00
1.772113779954865853e+00
1.588441360411358971e+00
1.419951846590034705e+00
1.258142889593152125e+00
1.105453137848016354e+00
9.903473278323876583e-01
8.729076198613139326e-01
7.588979497781433992e-01
6.489026335146437230e-01
5.483283219153703980e-01
4.513228944393899433e-01
3.707680060471103545e-01
3.141485703723057021e-01
2.171130158789012499e-01
nan
0.000000000000000000e+00
0.000000000000000000e+00
0.000000000000000000e+00
0.000000000000000000e+00
0.000000000000000000e+00
0.000000000000000000e+00
0.000000000000000000e+00
0.000000000000000000e+00
0.000000000000000000e+00
0.000000000000000000e+00
