0.000000000000000000e+00
0.000000000000000000e+00
0.000000000000000000e+00
0.000000000000000000e+00
0.000000000000000000e+00
0.000000000000000000e+00
0.000000000000000000e+00
0.000000000000000000e+00
0.000000000000000000e+00
0.000000000000000000e+00
0.000000000000000000e+00
0.000000000000000000e+00
0.000000000000000000e+00
0.000000000000000000e+00
0.000000000000000000e+00
0.000000000000000000e+00
0.000000000000000000e+00
0.000000000000000000e+00
0.000000000000000000e+00
0.000000000000000000e+00
0.000000000000000000e+00
0.000000000000000000e+00
0.000000000000000000e+00
0.000000000000000000e+00
0.000000000000000000e+00
0.000000000000000000e+00
0.000000000000000000e+00
0.000000000000000000e+00
0.000000000000000000e+00
0.000000000000000000e+00
0.000000000000000000e+00
0.000000000000000000e+00
0.000000000000000000e+00
0.000000000000000000e+00
0.000000000000000000e+00
0.000000000000000000e+00
0.000000000000000000e+00
0.000000000000000000e+00
0.000000000000000000e+00
0.000000000000000000e+00
0.000000000000000000e+00
0.000000000000000000e+00
0.000000000000000000e+00
0.000000000000000000e+00
0.000000000000000000e+00
0.000000000000000000e+00
0.000000000000000000e+00
0.000000000000000000e+00
0.000000000000000000e+00
0.000000000000000000e+00
0.000000000000000000e+00
0.000000000000000000e+00
0.000000000000000000e+00
0.000000000000000000e+00
0.000000000000000000e+00
0.000000000000000000e+00
0.000000000000000000e+00
0.000000000000000000e+00
0.000000000000000000e+00
0.000000000000000000e+00
0.000000000000000000e+00
0.000000000000000000e+00
0.000000000000000000e+00
0.000000000000000000e+00
0.000000000000000000e+00
0.000000000000000000e+00
0.000000000000000000e+00
0.000000000000000000e+00
0.000000000000000000e+00
0.000000000000000000e+00
0.000000000000000000e+00
0.000000000000000000e+00
0.000000000000000000e+00
0.000000000000000000e+00
0.000000000000000000e+00
0.000000000000000000e+00
0.000000000000000000e+00
0.000000000000000000e+00
0.000000000000000000e+00
0.000000000000000000e+00
0.000000000000000000e+00
0.000000000000000000e+00
0.000000000000000000e+00
0.000000000000000000e+00
0.000000000000000000e+00
0.000000000000000000e+00
0.000000000000000000e+00
0.000000000000000000e+00
0.000000000000000000e+00
0.000000000000000000e+00
0.000000000000000000e+00
0.000000000000000000e+00
0.000000000000000000e+00
0.000000000000000000e+00
0.000000000000000000e+00
0.000000000000000000e+00
0.000000000000000000e+00
0.000000000000000000e+00
0.000000000000000000e+00
0.000000000000000000e+00
2.231112782461190935e+00
2.286343475164231975e+00
2.332635238364419106e+00
2.374221449754687630e+00
2.400732812131959548e+00
2.440377925501546308e+00
2.496786628220458937e+00
2.554844468005289304e+00
2.584220661572874000e+00
2.603559227397622244e+00
2.652864038862347673e+00
2.681040022683776058e+00
2.746798970930943717e+00
2.743679450859949576e+00
2.817484677461125298e+00
2.841043395518484616e+00
2.853428049316603321e+00
2.888354664048013998e+00
2.934550278213340579e+00
2.945018895709472950e+00
2.969607887486052977e+00
2.998681965489430112e+00
3.016906525417246243e+00
3.049771847511637546e+00
3.050317968489705933e+00
3.038158533867863831e+00
3.063541306853675206e+00
3.070600729880007762e+00
3.069167894535335783e+00
3.077219913216525882e+00
3.075276770144951044e+00
3.067394353048215727e+00
3.071319353385403961e+00
3.052068874300914558e+00
3.042974889453895049e+00
3.010740281741786539e+00
2.988860961899330260e+00
2.964656594807235201e+00
2.922940779979376735e+00
2.911367013791780867e+00
2.877246160205801484e+00
2.836902990973952488e+00
2.785307088899582340e+00
2.741306186200961115e+00
2.706889563042286895e+00
2.640265868679849248e+00
2.602718337006055371e+00
2.546032329891651180e+00
2.491708925306205469e+00
2.427195531420395902e+00
2.362522764514532803e+00
2.293031901150179852e+00
2.232394711635899309e+00
2.157425056214671955e+00
2.091063364883557263e+00
2.006979396045910136e+00
1.930509257241533660e+00
1.859886218226552979e+00
1.776602560814878995e+00
1.700126690215194580e+00
1.623442861998614317e+00
1.535011273675272570e+00
1.459956719711427597e+00
1.371551809448376069e+00
1.289069541069706837e+00
1.205321130342793756e+00
1.131507601775581406e+00
1.058669088679214276e+00
9.840233940178044758e-01
9.022037443920644106e-01
8.261492154553626843e-01
7.445945696408557968e-01
6.711438102849330845e-01
6.018857773651029586e-01
5.505251463107139198e-01
4.959889643132264214e-01
4.339762540846300864e-01
3.740587503690172566e-01
3.128245333865596334e-01
2.547184534546316770e-01
2.110418972276482119e-01
1.839240111054193105e-01
1.684745028580285908e-01
1.516844357108660390e-01
1.309047774773473005e-01
1.117586031354346199e-01
9.457035302456047454e-02
8.009691588104310422e-02
6.751452949962942485e-02
4.189967121175114384e-02
5.902146034782734460e-03
0.000000000000000000e+00
0.000000000000000000e+00
0.000000000000000000e+00
0.000000000000000000e+00
0.000000000000000000e+00
0.000000000000000000e+00
0.000000000000000000e+00
0.000000000000000000e+00
0.000000000000000000e+00
0.000000000000000000e+00
