1.926455400080539704e+01
5.589738394550666811e+01
7.471389833691218030e+01
8.333744598857113317e+01
8.709141160604144716e+01
8.777820202119535509e+01
8.697887639545815830e+01
8.531640004855053405e+01
8.268622793814249405e+01
7.983446124436562741e+01
7.667384960692648121e+01
7.354926105132946645e+01
7.064948260740970909e+01
6.745832460539187991e+01
6.420905806824546858e+01
6.170575547612661182e+01
5.904815366594738180e+01
5.641453431963351051e+01
5.349507829203886899e+01
5.116670372414522205e+01
4.910105550907525895e+01
4.694820575370261651e+01
4.487001882555803434e+01
4.293192358204731818e+01
4.101359522013167691e+01
3.914956572473133889e+01
3.752765237239159291e+01
3.583518798276036676e+01
3.433137180404010991e+01
3.295613067941340546e+01
3.145510443026800118e+01
3.016614740637370318e+01
2.874178120911580692e+01
2.796941051657043431e+01
2.660137000502619031e+01
2.571780177630846609e+01
2.432559470153592329e+01
2.341287061212754494e+01
2.257946608446338033e+01
2.133296325263024329e+01
2.065125576681384700e+01
1.960066645913528660e+01
1.909016811108661216e+01
1.811923997105713724e+01
1.716327246707755805e+01
1.673599463236367058e+01
1.558125342208063202e+01
1.521298808893375565e+01
1.465187192763469071e+01
1.407472555926148594e+01
1.356830231123439034e+01
1.272422044055924673e+01
1.217121122542068612e+01
1.156102645433649911e+01
1.093548229181332943e+01
1.068476832002148491e+01
1.012038059146327029e+01
9.362318428040779850e+00
9.235670147397357255e+00
8.920171701722356516e+00
8.280159141203172979e+00
7.687883126429053249e+00
7.665125511650403567e+00
7.221492473554049774e+00
6.832803824767328393e+00
6.528953486073937995e+00
6.442222347910434799e+00
5.780209324086809097e+00
5.734747466106504987e+00
5.526332471263919466e+00
5.275861138405343098e+00
4.749775167532115816e+00
4.655922143651821443e+00
4.264181804915316398e+00
3.859892178949484443e+00
3.864872485209434050e+00
3.733974378268273941e+00
3.684700695648058133e+00
3.235432580850103434e+00
2.951469760288086164e+00
3.017858027988844061e+00
2.734894875459074282e+00
2.588316070299838234e+00
2.629451933119572704e+00
2.373558213380642989e+00
2.129290312461762369e+00
2.031108315415451226e+00
1.800055276697816398e+00
1.586105876227738243e+00
1.715858133179328338e+00
1.507320281978670407e+00
1.670271933286206156e+00
1.448179098816162247e+00
1.353198758767313548e+00
1.315327370421977671e+00
1.273974095403156648e+00
8.733649979463462554e-01
9.092340187977151489e-01
1.059729136594438126e+00
8.463869475541102583e-01
