6.802940926295281132e-01
1.968390284175572491e+00
2.718527134678995427e+00
3.121358716718231729e+00
3.364035795825583541e+00
3.492829225422499295e+00
3.559532714101654172e+00
3.585658634451998061e+00
3.569621852172651266e+00
3.543413871816727401e+00
3.489803040831156444e+00
3.431078815442017760e+00
3.365258612752546785e+00
3.300676549380216152e+00
3.213835363843590365e+00
3.126562136594821961e+00
3.062680607076067929e+00
2.973401952193539532e+00
2.904564163173436242e+00
2.813805424507421993e+00
2.746649095979117217e+00
2.678540299926940982e+00
2.596291403345724724e+00
2.537134916976309995e+00
2.462530161265627182e+00
2.394501909845103249e+00
2.341216922325579652e+00
2.280454592629700183e+00
2.203759160863859812e+00
2.156038237999346130e+00
2.088189970379628946e+00
2.030314878424320124e+00
1.981646906772944527e+00
1.925582058773706917e+00
1.879101242287782858e+00
1.820689171819583896e+00
1.760280535412200642e+00
1.721833697626306003e+00
1.680349776755198477e+00
1.638757054439406557e+00
1.583888328475455021e+00
1.543354325650168501e+00
1.500217753788075647e+00
1.463178488362028240e+00
1.411589442339166389e+00
1.385829332115394941e+00
1.348292663188694007e+00
1.300045144592582469e+00
1.266058310715984625e+00
1.237224290518637249e+00
1.193629913127903341e+00
1.151642064621511308e+00
1.114788398144596959e+00
1.080693716255053616e+00
1.054363109285670674e+00
1.018614569040086293e+00
9.820252620450198311e-01
9.568108286501576520e-01
9.107399139524636755e-01
9.060664990307197852e-01
8.712414612528442959e-01
8.483081186280945207e-01
8.023587350938746754e-01
7.690600403732019696e-01
7.461128321800494234e-01
7.186700786582455036e-01
6.905074438730268716e-01
6.708748490985408930e-01
6.556595620623001386e-01
6.257744687492402536e-01
5.984313638871160412e-01
5.596971280609849275e-01
5.435803666485091723e-01
5.255890376560623523e-01
5.115066273097660376e-01
4.919260941479031701e-01
4.582605868297134899e-01
4.476060716814347362e-01
4.214492819184684214e-01
3.889410315773750848e-01
3.767336979387240214e-01
3.570860565862765679e-01
3.366547141341136862e-01
3.197365873172084982e-01
3.086704001140311848e-01
2.856666077170795792e-01
2.705209283745497739e-01
2.446169263725220810e-01
2.398518853194872569e-01
2.203414451799251550e-01
2.158182418570534222e-01
2.033294547563434251e-01
1.909717022273822451e-01
1.743910810306787684e-01
1.706985942584966220e-01
1.557542209996982119e-01
1.445107986622555518e-01
1.282043428483852499e-01
1.241835785365555944e-01
1.087538712949962655e-01
