0.000000000000000000e+00
0.000000000000000000e+00
0.000000000000000000e+00
0.000000000000000000e+00
0.000000000000000000e+00
0.000000000000000000e+00
0.000000000000000000e+00
0.000000000000000000e+00
0.000000000000000000e+00
0.000000000000000000e+00
0.000000000000000000e+00
0.000000000000000000e+00
0.000000000000000000e+00
0.000000000000000000e+00
0.000000000000000000e+00
0.000000000000000000e+00
0.000000000000000000e+00
0.000000000000000000e+00
0.000000000000000000e+00
0.000000000000000000e+00
0.000000000000000000e+00
0.000000000000000000e+00
0.000000000000000000e+00
0.000000000000000000e+00
0.000000000000000000e+00
0.000000000000000000e+00
0.000000000000000000e+00
0.000000000000000000e+00
0.000000000000000000e+00
0.000000000000000000e+00
0.000000000000000000e+00
0.000000000000000000e+00
0.000000000000000000e+00
0.000000000000000000e+00
0.000000000000000000e+00
0.000000000000000000e+00
0.000000000000000000e+00
0.000000000000000000e+00
0.000000000000000000e+00
0.000000000000000000e+00
0.000000000000000000e+00
0.000000000000000000e+00
0.000000000000000000e+00
0.000000000000000000e+00
0.000000000000000000e+00
0.000000000000000000e+00
0.000000000000000000e+00
0.000000000000000000e+00
0.000000000000000000e+00
0.000000000000000000e+00
0.000000000000000000e+00
0.000000000000000000e+00
0.000000000000000000e+00
0.000000000000000000e+00
1.712735254610156244e-01
0.000000000000000000e+00
4.871467978355306649e-01
nan
6.077598294140237334e-01
5.803884585475743707e-01
7.159627949238640543e-01
1.215021245352609469e+00
1.812223137666856498e+00
2.677114962919006302e+00
3.572492967455308310e+00
4.749635801454640927e+00
5.790907423280867938e+00
6.565084438707165404e+00
7.094168571693988845e+00
8.494088772832968814e+00
9.116307652072988432e+00
9.887504834472524706e+00
1.061593895888680805e+01
1.128106851220555740e+01
1.309407943377838990e+01
1.353274722436542454e+01
1.410829212984695324e+01
1.473732484788457242e+01
1.543473706523922395e+01
1.577758573486422122e+01
1.664625043428295825e+01
1.783737884811126051e+01
1.873538817478045715e+01
1.990437585884165017e+01
2.136031183528048061e+01
2.240121499848269337e+01
2.332447940520326313e+01
2.388481956745385659e+01
2.475580219653134861e+01
2.582822464357972692e+01
2.664090446925289157e+01
2.796809918787978688e+01
2.895868326280263716e+01
3.003798169129321849e+01
3.146261936636631518e+01
3.278881596301455659e+01
3.433111835851698856e+01
3.600774901078452928e+01
3.723413756021028576e+01
3.914489493434489731e+01
4.117523948445712278e+01
4.235761651899061064e+01
4.378211162816518964e+01
4.564302195653117877e+01
4.699766111652762390e+01
4.812924885665548658e+01
4.994033727717332738e+01
5.111487588248406411e+01
5.255787109527159373e+01
5.501371400866636208e+01
5.638799959656511618e+01
5.804477148388438934e+01
5.963729977371242086e+01
6.493543970644546448e+01
6.828882581441826005e+01
7.166674735397751306e+01
7.415298081278581321e+01
7.640927047035846442e+01
7.816474537154631719e+01
7.899189135839905873e+01
8.005197732311556535e+01
8.137796094959318793e+01
8.249044732527265467e+01
8.199371046449013534e+01
8.147850688812548015e+01
8.260168056213882437e+01
8.277298114537809681e+01
8.328737405665903282e+01
8.340637703184025042e+01
8.355582557131705812e+01
8.374480106287930425e+01
8.398025303389097473e+01
8.474061116656027082e+01
8.503001521382596195e+01
8.502314185078679998e+01
8.453031706234010301e+01
8.475827306554461416e+01
8.443178093769640213e+01
8.463821444758360713e+01
8.417241563979429486e+01
8.371800718363013516e+01
8.301511586099795181e+01
8.330904302867955380e+01
8.277189345423482791e+01
8.229309618625879352e+01
8.123369760416318286e+01
8.053107108788364599e+01
7.905644820422996588e+01
7.784684236682308267e+01
7.607068280552545048e+01
7.491537093882601539e+01
7.402914137791037774e+01
7.223328504939014749e+01
7.115349412501801396e+01
6.920993499738362686e+01
6.729178554391747014e+01
6.557662027513102032e+01
6.338627373823484845e+01
6.113102135631736900e+01
5.911085790084222680e+01
5.721722745958371803e+01
5.498635347576474430e+01
5.235668577622448083e+01
4.988236363196327972e+01
4.781899429808864710e+01
4.558289716164696159e+01
4.327977311051292020e+01
4.081630187609409433e+01
3.870538583142179334e+01
3.645285077763554682e+01
3.402983891509270364e+01
3.153723905100229885e+01
2.965239256959384662e+01
2.735773788277726482e+01
2.516882506924409668e+01
2.321595637919314115e+01
2.105145426432270739e+01
1.883116961900479325e+01
1.679374557265527201e+01
1.484069556994039374e+01
1.301150551652079201e+01
1.164468644056907820e+01
1.026672724142223281e+01
8.927813021511457947e+00
7.631565020698906743e+00
6.447978424732288438e+00
5.307204994105426898e+00
4.359954654975462418e+00
3.694138714719061412e+00
2.553059722476527238e+00
nan
0.000000000000000000e+00
0.000000000000000000e+00
0.000000000000000000e+00
0.000000000000000000e+00
0.000000000000000000e+00
0.000000000000000000e+00
0.000000000000000000e+00
0.000000000000000000e+00
0.000000000000000000e+00
0.000000000000000000e+00
