0.000000000000000000e+00
0.000000000000000000e+00
0.000000000000000000e+00
0.000000000000000000e+00
0.000000000000000000e+00
0.000000000000000000e+00
0.000000000000000000e+00
0.000000000000000000e+00
0.000000000000000000e+00
0.000000000000000000e+00
0.000000000000000000e+00
0.000000000000000000e+00
0.000000000000000000e+00
0.000000000000000000e+00
0.000000000000000000e+00
0.000000000000000000e+00
0.000000000000000000e+00
0.000000000000000000e+00
0.000000000000000000e+00
0.000000000000000000e+00
0.000000000000000000e+00
0.000000000000000000e+00
0.000000000000000000e+00
0.000000000000000000e+00
0.000000000000000000e+00
0.000000000000000000e+00
0.000000000000000000e+00
0.000000000000000000e+00
0.000000000000000000e+00
0.000000000000000000e+00
0.000000000000000000e+00
0.000000000000000000e+00
0.000000000000000000e+00
0.000000000000000000e+00
0.000000000000000000e+00
0.000000000000000000e+00
0.000000000000000000e+00
0.000000000000000000e+00
0.000000000000000000e+00
0.000000000000000000e+00
0.000000000000000000e+00
0.000000000000000000e+00
0.000000000000000000e+00
0.000000000000000000e+00
0.000000000000000000e+00
0.000000000000000000e+00
0.000000000000000000e+00
0.000000000000000000e+00
0.000000000000000000e+00
0.000000000000000000e+00
0.000000000000000000e+00
0.000000000000000000e+00
0.000000000000000000e+00
0.000000000000000000e+00
1.654310696832577907e-02
0.000000000000000000e+00
4.454169379952015867e-02
nan
5.393856985641330704e-02
5.780140674008726193e-02
6.387498676137549902e-02
1.090015589839599536e-01
1.593829301331860793e-01
2.368725622609883508e-01
3.131930749072696640e-01
4.157709281832019377e-01
5.094919863401528026e-01
5.793778508854521281e-01
6.259874632484258017e-01
7.487437846729338986e-01
8.009500932775188708e-01
8.702550774426938140e-01
9.307526252580022863e-01
9.843598421497293804e-01
1.140049376923687463e+00
1.178404767673938869e+00
1.232448987125411177e+00
1.281554501040255145e+00
1.343753128764128224e+00
1.371137075363507707e+00
1.443480098434769321e+00
1.546790674319890702e+00
1.621339529545110292e+00
1.721553314444727034e+00
1.842194040643577280e+00
1.930944918398161736e+00
2.007037762492538402e+00
2.056856706180892669e+00
2.123633369711153129e+00
2.212480749700699079e+00
2.282945500679815609e+00
2.392348147111464041e+00
2.472996125219198760e+00
2.564580715496324270e+00
2.678206264698970163e+00
2.792178674940242633e+00
2.918886196477541883e+00
3.059864850763115651e+00
3.148749870811818230e+00
3.304588852635462981e+00
3.469293362371953737e+00
3.566836757760081245e+00
3.677068751657211365e+00
3.823535732417870037e+00
3.928944946919592507e+00
4.016802983277741212e+00
4.158230554676219271e+00
4.243486181762628817e+00
4.342240854510040826e+00
4.542362360442013802e+00
4.641921955891933571e+00
4.764337147244802395e+00
4.857027671501675137e+00
5.273986958758581700e+00
5.537339605633529338e+00
5.797791819360531562e+00
5.980101976437042666e+00
6.133047231206909977e+00
6.259329877347567184e+00
6.297114141028472112e+00
6.351820782602698223e+00
6.437618475097399262e+00
6.500095303230793320e+00
6.428624305673443118e+00
6.357346307470566060e+00
6.417358755037931850e+00
6.398237907973935101e+00
6.408664763562067712e+00
6.387983205626891703e+00
6.364994660030917295e+00
6.344322265469337196e+00
6.325834571628981884e+00
6.348906525304808035e+00
6.332431052108915104e+00
6.301381111088546483e+00
6.228486656945910305e+00
6.209696359721522008e+00
6.144334133012942623e+00
6.122904709904356757e+00
6.051220545077448776e+00
5.979046734986036782e+00
5.884673282802173055e+00
5.872598909012569202e+00
5.792749672724373688e+00
5.724138474201219573e+00
5.607381716056281995e+00
5.523543446824447756e+00
5.379307972265975124e+00
5.257131915757567775e+00
5.098798793970710896e+00
4.984459891090931905e+00
4.887934760725503480e+00
4.729621926941645960e+00
4.624697128828599624e+00
4.458935826026896976e+00
4.296115106706724696e+00
4.145865924927623958e+00
3.965813504948555224e+00
3.788243604836860179e+00
3.624962091494939198e+00
3.475319726494590089e+00
3.301755976804966686e+00
3.103196580540936722e+00
2.915574753885431747e+00
2.758115043106722286e+00
2.590965448411180372e+00
2.425592068351532404e+00
2.257152112928360044e+00
2.109366091508110941e+00
1.954994538300609319e+00
1.788681734680790392e+00
1.621157210612230504e+00
1.490999386646817859e+00
1.344046289627763846e+00
1.212414536986003766e+00
1.100452759088458299e+00
9.722250902080021850e-01
8.410095836465030228e-01
7.179428444284446931e-01
6.009234047467881812e-01
5.016653598364034794e-01
4.380198388586847846e-01
3.895406094077473735e-01
3.412037707603267078e-01
2.901961226422407614e-01
2.451880028401366707e-01
2.024467776848940248e-01
1.668482421261903714e-01
1.410839269794438855e-01
9.713725623039107249e-02
nan
0.000000000000000000e+00
0.000000000000000000e+00
0.000000000000000000e+00
0.000000000000000000e+00
0.000000000000000000e+00
0.000000000000000000e+00
0.000000000000000000e+00
0.000000000000000000e+00
0.000000000000000000e+00
0.000000000000000000e+00
