0.000000000000000000e+00
0.000000000000000000e+00
0.000000000000000000e+00
0.000000000000000000e+00
0.000000000000000000e+00
0.000000000000000000e+00
0.000000000000000000e+00
0.000000000000000000e+00
0.000000000000000000e+00
0.000000000000000000e+00
0.000000000000000000e+00
0.000000000000000000e+00
0.000000000000000000e+00
0.000000000000000000e+00
0.000000000000000000e+00
0.000000000000000000e+00
0.000000000000000000e+00
0.000000000000000000e+00
0.000000000000000000e+00
0.000000000000000000e+00
0.000000000000000000e+00
0.000000000000000000e+00
0.000000000000000000e+00
0.000000000000000000e+00
0.000000000000000000e+00
0.000000000000000000e+00
0.000000000000000000e+00
0.000000000000000000e+00
0.000000000000000000e+00
0.000000000000000000e+00
0.000000000000000000e+00
0.000000000000000000e+00
0.000000000000000000e+00
0.000000000000000000e+00
0.000000000000000000e+00
0.000000000000000000e+00
0.000000000000000000e+00
0.000000000000000000e+00
0.000000000000000000e+00
0.000000000000000000e+00
0.000000000000000000e+00
0.000000000000000000e+00
0.000000000000000000e+00
0.000000000000000000e+00
0.000000000000000000e+00
0.000000000000000000e+00
0.000000000000000000e+00
0.000000000000000000e+00
0.000000000000000000e+00
0.000000000000000000e+00
0.000000000000000000e+00
0.000000000000000000e+00
0.000000000000000000e+00
0.000000000000000000e+00
0.000000000000000000e+00
0.000000000000000000e+00
0.000000000000000000e+00
0.000000000000000000e+00
0.000000000000000000e+00
0.000000000000000000e+00
0.000000000000000000e+00
0.000000000000000000e+00
0.000000000000000000e+00
0.000000000000000000e+00
0.000000000000000000e+00
0.000000000000000000e+00
0.000000000000000000e+00
0.000000000000000000e+00
0.000000000000000000e+00
0.000000000000000000e+00
0.000000000000000000e+00
0.000000000000000000e+00
0.000000000000000000e+00
0.000000000000000000e+00
0.000000000000000000e+00
0.000000000000000000e+00
0.000000000000000000e+00
0.000000000000000000e+00
0.000000000000000000e+00
0.000000000000000000e+00
0.000000000000000000e+00
0.000000000000000000e+00
0.000000000000000000e+00
0.000000000000000000e+00
0.000000000000000000e+00
0.000000000000000000e+00
0.000000000000000000e+00
0.000000000000000000e+00
0.000000000000000000e+00
0.000000000000000000e+00
0.000000000000000000e+00
0.000000000000000000e+00
0.000000000000000000e+00
0.000000000000000000e+00
0.000000000000000000e+00
0.000000000000000000e+00
0.000000000000000000e+00
0.000000000000000000e+00
0.000000000000000000e+00
0.000000000000000000e+00
0.000000000000000000e+00
0.000000000000000000e+00
2.486073474071189560e-01
7.131788585618004106e-01
1.121555324971591716e+00
2.335465604409286744e+00
3.783099402363756525e+00
5.718653541340511737e+00
7.335075083190116807e+00
8.972926145995458569e+00
1.071367565234033137e+01
1.221485515098451202e+01
1.364013738514784002e+01
1.470917856677506741e+01
1.631729945224056166e+01
1.759508516746585727e+01
1.881276942546565678e+01
2.019879167474664072e+01
2.151404000945704453e+01
2.283919405318640372e+01
2.402899225153320018e+01
2.550912389363030286e+01
2.688680260264337107e+01
2.852171997997971076e+01
3.015134589762615747e+01
3.148169736548942765e+01
3.320520327262334348e+01
3.451093490063514224e+01
3.539140076531128898e+01
3.660572409902864877e+01
3.735825471222512562e+01
3.850183321844742323e+01
3.914841710571943167e+01
3.972599274072268116e+01
4.072285827769095334e+01
4.109696290867734092e+01
4.186180888302475722e+01
4.274941357001946329e+01
4.271725441982894722e+01
4.341449431819975757e+01
4.389621371909749570e+01
4.398715223053110179e+01
4.438303930397298558e+01
4.420325096368699747e+01
4.419278015779865854e+01
4.369208014738244117e+01
4.356243750086580491e+01
4.371021282751835457e+01
4.324466681988671013e+01
4.293807167534933455e+01
4.225654164078000719e+01
4.169394289655596708e+01
4.060797278406200661e+01
3.986054858683196755e+01
3.898344033082614857e+01
3.857385305124711294e+01
3.804464690548260819e+01
3.706384172127576448e+01
3.590346858685515485e+01
3.445857208704737218e+01
3.307521457219828420e+01
3.191759852949020626e+01
3.114215527079573320e+01
3.048421885261950237e+01
2.924828427890578197e+01
2.777529646515293749e+01
2.606436665750277015e+01
2.416410121611271933e+01
2.253048756369323513e+01
2.192621066115272654e+01
2.121162868277106384e+01
1.985192375888101424e+01
1.833866122870617588e+01
1.644325249236933928e+01
1.409700243431432298e+01
1.249133464986069875e+01
1.212285322824615896e+01
1.173725853484204684e+01
1.055104878460562823e+01
9.327334571449126699e+00
7.709995553948298941e+00
5.380738991581385022e+00
3.631570122592422845e+00
3.813093901923847007e+00
3.977944220709954681e+00
3.351213846055698387e+00
2.925964391344280990e+00
2.521276324475358432e+00
1.857087509227997701e+00
2.574675422600815278e+00
1.786723908568329744e+00
0.000000000000000000e+00
0.000000000000000000e+00
0.000000000000000000e+00
0.000000000000000000e+00
0.000000000000000000e+00
0.000000000000000000e+00
0.000000000000000000e+00
0.000000000000000000e+00
0.000000000000000000e+00
0.000000000000000000e+00
