0.000000000000000000e+00
0.000000000000000000e+00
0.000000000000000000e+00
0.000000000000000000e+00
0.000000000000000000e+00
0.000000000000000000e+00
0.000000000000000000e+00
0.000000000000000000e+00
0.000000000000000000e+00
0.000000000000000000e+00
0.000000000000000000e+00
0.000000000000000000e+00
0.000000000000000000e+00
0.000000000000000000e+00
0.000000000000000000e+00
0.000000000000000000e+00
0.000000000000000000e+00
0.000000000000000000e+00
0.000000000000000000e+00
0.000000000000000000e+00
0.000000000000000000e+00
0.000000000000000000e+00
0.000000000000000000e+00
0.000000000000000000e+00
0.000000000000000000e+00
0.000000000000000000e+00
0.000000000000000000e+00
0.000000000000000000e+00
0.000000000000000000e+00
0.000000000000000000e+00
0.000000000000000000e+00
0.000000000000000000e+00
0.000000000000000000e+00
0.000000000000000000e+00
0.000000000000000000e+00
0.000000000000000000e+00
0.000000000000000000e+00
0.000000000000000000e+00
0.000000000000000000e+00
0.000000000000000000e+00
0.000000000000000000e+00
0.000000000000000000e+00
0.000000000000000000e+00
0.000000000000000000e+00
0.000000000000000000e+00
0.000000000000000000e+00
0.000000000000000000e+00
0.000000000000000000e+00
0.000000000000000000e+00
0.000000000000000000e+00
0.000000000000000000e+00
0.000000000000000000e+00
5.185613063558931930e-03
5.462388163637654954e-03
1.140126361364497687e-02
1.087966463999182239e-02
1.146928766632482333e-02
2.152394855779997049e-02
1.563793993707379357e-02
2.103712331671732730e-02
2.916161410281579644e-02
2.406160537198067176e-02
2.428677396220995863e-02
3.389747251238929560e-02
3.775473686117170741e-02
3.986029328996897048e-02
5.267313048534949527e-02
6.078074252848772452e-02
6.282721590263155853e-02
8.472958251815294883e-02
9.772661964678826252e-02
1.134974095487734647e-01
1.315608302424421394e-01
1.464094321588939318e-01
1.650982544965989285e-01
1.782717908566867904e-01
2.012181730591899309e-01
2.223576026655128546e-01
2.369886561657457980e-01
2.654438319673271263e-01
2.771439515718657209e-01
2.982782200919524285e-01
3.196216788944042375e-01
3.358874297988803104e-01
3.578072959453735824e-01
3.706613723314275965e-01
3.832457971865741997e-01
4.024900721466818654e-01
4.229710683668343463e-01
4.322628554857788630e-01
4.525211807261271257e-01
4.644557619246668101e-01
4.782133011280551016e-01
4.948550138680302690e-01
5.000738277272498422e-01
5.234148135966369964e-01
5.393211799559526343e-01
5.565774770430157448e-01
5.696232170712001164e-01
6.004889382418430177e-01
6.121808484989633703e-01
6.335659938963323912e-01
6.578701926408336842e-01
6.805559261925528958e-01
7.012374670943899435e-01
7.161420217316495362e-01
7.396280044885091831e-01
7.577816227303283414e-01
7.846425279063852232e-01
8.042398490235185271e-01
8.249696151561223267e-01
8.345390952116873429e-01
8.625695396506927182e-01
9.419392944223571318e-01
1.009344745845649260e+00
1.036257813254048976e+00
1.060459295681229985e+00
1.062671440492253705e+00
1.063982331861117681e+00
1.058759654336259182e+00
1.048955893322655042e+00
1.029927797920909383e+00
1.035989032265073773e+00
1.018808577569815910e+00
1.017747218063943304e+00
1.035087119427901881e+00
1.057332704311698235e+00
1.065814686472668527e+00
1.063050831248773420e+00
1.073684487042133817e+00
1.077200435382743793e+00
1.074700077561203004e+00
1.068877915313871441e+00
1.055127469101597937e+00
1.055116371338058023e+00
1.044514869231482512e+00
1.034047647898719502e+00
1.023407949744749024e+00
1.014052589890643619e+00
1.001905279031549911e+00
9.868741893890466965e-01
9.722815319072238838e-01
9.553840457371548522e-01
9.461320458206894379e-01
9.282674850350530749e-01
9.020544229875147035e-01
8.775304010007153321e-01
8.550995227656876807e-01
8.256804935625134956e-01
8.056379181045333349e-01
7.853819936319587081e-01
7.611877904988584298e-01
7.369359098490652071e-01
7.115798415544782873e-01
6.855449849601262802e-01
6.616226815254191429e-01
6.454901199741027717e-01
6.162529875165952964e-01
5.869517031900700621e-01
5.545739516943225533e-01
5.272119871031581972e-01
5.002953754565858668e-01
4.763223580988053540e-01
4.474154442390925190e-01
4.215418352826381110e-01
3.924750189736048167e-01
3.687007209731486546e-01
3.371889537628444122e-01
3.103618687247775010e-01
2.827922055788261724e-01
2.572563612756799123e-01
2.308219245197980218e-01
2.063285687903974319e-01
1.858303185185026796e-01
1.650510728532919302e-01
1.480017635478820259e-01
1.305345594473423798e-01
1.105002670174655144e-01
9.115706592556727106e-02
7.397474270533550833e-02
5.970829434820911635e-02
5.080415683871113142e-02
4.612621668745021941e-02
4.065634750942337394e-02
3.383127155567472455e-02
2.894605162190102068e-02
2.398009628391613648e-02
1.974596708022665487e-02
1.603847200124092556e-02
1.088044945687777904e-02
7.869541712531428253e-04
0.000000000000000000e+00
0.000000000000000000e+00
0.000000000000000000e+00
0.000000000000000000e+00
0.000000000000000000e+00
0.000000000000000000e+00
0.000000000000000000e+00
0.000000000000000000e+00
0.000000000000000000e+00
0.000000000000000000e+00
