0.000000000000000000e+00
0.000000000000000000e+00
0.000000000000000000e+00
0.000000000000000000e+00
0.000000000000000000e+00
0.000000000000000000e+00
0.000000000000000000e+00
0.000000000000000000e+00
0.000000000000000000e+00
0.000000000000000000e+00
0.000000000000000000e+00
0.000000000000000000e+00
0.000000000000000000e+00
0.000000000000000000e+00
0.000000000000000000e+00
0.000000000000000000e+00
0.000000000000000000e+00
0.000000000000000000e+00
0.000000000000000000e+00
0.000000000000000000e+00
0.000000000000000000e+00
0.000000000000000000e+00
0.000000000000000000e+00
0.000000000000000000e+00
0.000000000000000000e+00
0.000000000000000000e+00
0.000000000000000000e+00
0.000000000000000000e+00
0.000000000000000000e+00
0.000000000000000000e+00
0.000000000000000000e+00
0.000000000000000000e+00
0.000000000000000000e+00
0.000000000000000000e+00
0.000000000000000000e+00
0.000000000000000000e+00
0.000000000000000000e+00
0.000000000000000000e+00
0.000000000000000000e+00
0.000000000000000000e+00
0.000000000000000000e+00
0.000000000000000000e+00
0.000000000000000000e+00
0.000000000000000000e+00
0.000000000000000000e+00
0.000000000000000000e+00
0.000000000000000000e+00
0.000000000000000000e+00
0.000000000000000000e+00
0.000000000000000000e+00
0.000000000000000000e+00
0.000000000000000000e+00
0.000000000000000000e+00
0.000000000000000000e+00
0.000000000000000000e+00
0.000000000000000000e+00
0.000000000000000000e+00
0.000000000000000000e+00
0.000000000000000000e+00
0.000000000000000000e+00
0.000000000000000000e+00
0.000000000000000000e+00
0.000000000000000000e+00
0.000000000000000000e+00
0.000000000000000000e+00
0.000000000000000000e+00
0.000000000000000000e+00
0.000000000000000000e+00
0.000000000000000000e+00
0.000000000000000000e+00
0.000000000000000000e+00
0.000000000000000000e+00
0.000000000000000000e+00
0.000000000000000000e+00
0.000000000000000000e+00
0.000000000000000000e+00
0.000000000000000000e+00
0.000000000000000000e+00
0.000000000000000000e+00
0.000000000000000000e+00
0.000000000000000000e+00
0.000000000000000000e+00
0.000000000000000000e+00
0.000000000000000000e+00
0.000000000000000000e+00
0.000000000000000000e+00
0.000000000000000000e+00
0.000000000000000000e+00
0.000000000000000000e+00
0.000000000000000000e+00
0.000000000000000000e+00
0.000000000000000000e+00
0.000000000000000000e+00
0.000000000000000000e+00
0.000000000000000000e+00
0.000000000000000000e+00
0.000000000000000000e+00
0.000000000000000000e+00
0.000000000000000000e+00
0.000000000000000000e+00
5.305405898857707747e+00
5.371335520469631142e+00
5.442402289988570452e+00
5.525527276380255870e+00
5.629966016723964017e+00
5.757563179568268019e+00
5.827923366835831231e+00
5.849830733706044228e+00
5.982143905130664407e+00
6.049937487461000352e+00
6.102700439134015831e+00
6.210822933578541871e+00
6.294704273919152548e+00
6.331885055937787499e+00
6.467058806483283462e+00
6.523657803433187574e+00
6.626922207745650439e+00
6.652434230964605177e+00
6.750967108964520236e+00
6.811737434346409437e+00
6.912909173377198790e+00
6.988443462356166869e+00
7.056684978399004216e+00
7.131248070831248675e+00
7.197261811864258618e+00
7.258964282316750172e+00
7.264695123173222413e+00
7.342326775621369706e+00
7.385332644700036475e+00
7.451280908313840712e+00
7.506320040426608386e+00
7.551868338826150939e+00
7.602834815135971702e+00
7.638294096642875175e+00
7.627827406084162654e+00
7.671797254734026517e+00
7.708601398140338290e+00
7.731074287153220759e+00
7.777172450369006285e+00
7.788733664502784926e+00
7.782153844833584522e+00
7.760909739543301988e+00
7.734165445928707250e+00
7.736364440332725856e+00
7.739992928193233368e+00
7.709531534037962430e+00
7.686381995821100155e+00
7.657799778770772114e+00
7.612724085778516780e+00
7.577678620572457113e+00
7.510218720148709615e+00
7.454026259303850210e+00
7.416885783654320718e+00
7.291982713282045836e+00
7.209841709168614443e+00
7.153994171584580286e+00
7.017223344315564049e+00
6.899843893600849931e+00
6.806198073681586358e+00
6.699544654927644949e+00
6.531881173245634109e+00
6.408891807227096393e+00
6.249335244270058709e+00
6.085260259512351055e+00
5.877139459980263325e+00
5.684302711849165135e+00
5.479090954279119074e+00
5.295559095139270589e+00
5.084301892213464846e+00
4.831657531838002839e+00
4.595884926872125575e+00
4.356251037372325108e+00
4.094329669982760045e+00
3.851662082710318735e+00
3.574541124146358495e+00
3.310843476621621040e+00
3.048070662950195686e+00
2.748356742410374753e+00
2.500071129295823980e+00
2.228399727886553716e+00
1.991869841041023159e+00
1.812018905555092374e+00
1.617334930012706451e+00
1.443235129298307884e+00
1.243945549389499305e+00
1.056389935073057673e+00
8.919695015650169756e-01
7.237896882449124103e-01
6.158975075750600103e-01
3.712778984558149920e-01
6.943250000987383208e-02
0.000000000000000000e+00
0.000000000000000000e+00
0.000000000000000000e+00
0.000000000000000000e+00
0.000000000000000000e+00
0.000000000000000000e+00
0.000000000000000000e+00
0.000000000000000000e+00
0.000000000000000000e+00
0.000000000000000000e+00
