0.000000000000000000e+00
0.000000000000000000e+00
0.000000000000000000e+00
0.000000000000000000e+00
0.000000000000000000e+00
0.000000000000000000e+00
0.000000000000000000e+00
0.000000000000000000e+00
0.000000000000000000e+00
0.000000000000000000e+00
0.000000000000000000e+00
0.000000000000000000e+00
0.000000000000000000e+00
0.000000000000000000e+00
0.000000000000000000e+00
0.000000000000000000e+00
0.000000000000000000e+00
0.000000000000000000e+00
0.000000000000000000e+00
0.000000000000000000e+00
0.000000000000000000e+00
0.000000000000000000e+00
0.000000000000000000e+00
0.000000000000000000e+00
0.000000000000000000e+00
0.000000000000000000e+00
0.000000000000000000e+00
0.000000000000000000e+00
0.000000000000000000e+00
0.000000000000000000e+00
0.000000000000000000e+00
0.000000000000000000e+00
0.000000000000000000e+00
0.000000000000000000e+00
0.000000000000000000e+00
0.000000000000000000e+00
0.000000000000000000e+00
0.000000000000000000e+00
0.000000000000000000e+00
0.000000000000000000e+00
0.000000000000000000e+00
0.000000000000000000e+00
0.000000000000000000e+00
0.000000000000000000e+00
0.000000000000000000e+00
0.000000000000000000e+00
0.000000000000000000e+00
0.000000000000000000e+00
0.000000000000000000e+00
0.000000000000000000e+00
0.000000000000000000e+00
0.000000000000000000e+00
2.323731962166240839e-01
2.527048368870494777e-01
4.827139875473992481e-01
5.010390633111135861e-01
5.144086747055706121e-01
9.109986768878218788e-01
6.863792713544090152e-01
9.278915015036826031e-01
1.263825826237458205e+00
1.060276365551158007e+00
1.065056250180558717e+00
1.468471334965868014e+00
1.641213731262277875e+00
1.744654112137268731e+00
2.284056939808659425e+00
2.621400796522130872e+00
2.753929270012176023e+00
3.666566611507938500e+00
4.232439595585268499e+00
4.925868485504839356e+00
5.700011808271587377e+00
6.346295096041464134e+00
7.190034496388237883e+00
7.713920541038120859e+00
8.728371615366654623e+00
9.634655826958292479e+00
1.026205393893242146e+01
1.146847444487637979e+01
1.198442905001053838e+01
1.290389253301257177e+01
1.383815462205055624e+01
1.452130311115415928e+01
1.546405787051994984e+01
1.603073034935308883e+01
1.656641241429947087e+01
1.737785122085362843e+01
1.829498169388711304e+01
1.866189315150896633e+01
1.953584123531461714e+01
2.009543747474993225e+01
2.068165284434993012e+01
2.138802725116044101e+01
2.164656747194655395e+01
2.262449635192049868e+01
2.330686816422913310e+01
2.404492473710233469e+01
2.463791437595717682e+01
2.594602032480909060e+01
2.648946693540330699e+01
2.745893431542694074e+01
2.848496157739881696e+01
2.950881148084226879e+01
3.041997920556764967e+01
3.111358401422285880e+01
3.213981648998454688e+01
3.294590434070082097e+01
3.416671653041362333e+01
3.505274906814553759e+01
3.599039874552870089e+01
3.647550681201700939e+01
3.784770144588112828e+01
4.140274270624106379e+01
4.440222341909796455e+01
4.566371181940915847e+01
4.681095751112913916e+01
4.704286537638658672e+01
4.714363834972828471e+01
4.702959200005847151e+01
4.673975810607729642e+01
4.602527576124889208e+01
4.645057192169256410e+01
4.595522149679467816e+01
4.612589946015309295e+01
4.711783131855859352e+01
4.828609322427784889e+01
4.882322432057471673e+01
4.894918638458654669e+01
4.958719425937955805e+01
4.992267555007181556e+01
5.002284883703975993e+01
4.992802784445976982e+01
4.964555244992227756e+01
4.989052729128555086e+01
4.959715585000898130e+01
4.941740639896921294e+01
4.919215745201763923e+01
4.905296541671358312e+01
4.877667580747820608e+01
4.839764195620455212e+01
4.802119571430939970e+01
4.756391658406579381e+01
4.747731877121673705e+01
4.689068120733765710e+01
4.594796627612868889e+01
4.511833378270800665e+01
4.435225806106288360e+01
4.333661821624120591e+01
4.260463942156219019e+01
4.202425877906496510e+01
4.115492935441643851e+01
4.033587333628614857e+01
3.942812482478263547e+01
3.847945313872577344e+01
3.763323509323227967e+01
3.714939032983928513e+01
3.600108310458583105e+01
3.477243424587727105e+01
3.333365199717398752e+01
3.217936340777647786e+01
3.109595886669050913e+01
3.003574724542158947e+01
2.877870411173530130e+01
2.767411416329118623e+01
2.627909413212189094e+01
2.515897268385677066e+01
2.359565503260244057e+01
2.220461707356880510e+01
2.081219421925358759e+01
1.956566130341851917e+01
1.818249008009697576e+01
1.687529686632934656e+01
1.573579517809730710e+01
1.444920825464634895e+01
1.335050048909259601e+01
1.223605002407646403e+01
1.099135036190997639e+01
9.768958932951958829e+00
8.725244692269800595e+00
7.800460833205754341e+00
7.010580768855314560e+00
6.326081266961018024e+00
5.573270783339112633e+00
4.811520724988759490e+00
4.196650233313167000e+00
3.558943213698571473e+00
2.985000707546764609e+00
2.416172947633977941e+00
1.602215033143520984e+00
1.425268916745454639e-01
0.000000000000000000e+00
0.000000000000000000e+00
0.000000000000000000e+00
0.000000000000000000e+00
0.000000000000000000e+00
0.000000000000000000e+00
0.000000000000000000e+00
0.000000000000000000e+00
0.000000000000000000e+00
0.000000000000000000e+00
