0.000000000000000000e+00
0.000000000000000000e+00
0.000000000000000000e+00
0.000000000000000000e+00
0.000000000000000000e+00
0.000000000000000000e+00
0.000000000000000000e+00
0.000000000000000000e+00
0.000000000000000000e+00
0.000000000000000000e+00
0.000000000000000000e+00
0.000000000000000000e+00
0.000000000000000000e+00
0.000000000000000000e+00
0.000000000000000000e+00
0.000000000000000000e+00
0.000000000000000000e+00
0.000000000000000000e+00
0.000000000000000000e+00
0.000000000000000000e+00
0.000000000000000000e+00
0.000000000000000000e+00
0.000000000000000000e+00
0.000000000000000000e+00
0.000000000000000000e+00
0.000000000000000000e+00
0.000000000000000000e+00
0.000000000000000000e+00
0.000000000000000000e+00
0.000000000000000000e+00
0.000000000000000000e+00
0.000000000000000000e+00
0.000000000000000000e+00
0.000000000000000000e+00
0.000000000000000000e+00
0.000000000000000000e+00
0.000000000000000000e+00
0.000000000000000000e+00
0.000000000000000000e+00
0.000000000000000000e+00
0.000000000000000000e+00
0.000000000000000000e+00
0.000000000000000000e+00
0.000000000000000000e+00
0.000000000000000000e+00
0.000000000000000000e+00
0.000000000000000000e+00
0.000000000000000000e+00
0.000000000000000000e+00
0.000000000000000000e+00
0.000000000000000000e+00
0.000000000000000000e+00
0.000000000000000000e+00
0.000000000000000000e+00
0.000000000000000000e+00
0.000000000000000000e+00
0.000000000000000000e+00
0.000000000000000000e+00
0.000000000000000000e+00
0.000000000000000000e+00
0.000000000000000000e+00
0.000000000000000000e+00
0.000000000000000000e+00
0.000000000000000000e+00
0.000000000000000000e+00
0.000000000000000000e+00
0.000000000000000000e+00
0.000000000000000000e+00
0.000000000000000000e+00
0.000000000000000000e+00
0.000000000000000000e+00
0.000000000000000000e+00
0.000000000000000000e+00
0.000000000000000000e+00
0.000000000000000000e+00
0.000000000000000000e+00
0.000000000000000000e+00
0.000000000000000000e+00
0.000000000000000000e+00
0.000000000000000000e+00
0.000000000000000000e+00
0.000000000000000000e+00
0.000000000000000000e+00
0.000000000000000000e+00
0.000000000000000000e+00
0.000000000000000000e+00
0.000000000000000000e+00
0.000000000000000000e+00
0.000000000000000000e+00
0.000000000000000000e+00
0.000000000000000000e+00
0.000000000000000000e+00
0.000000000000000000e+00
0.000000000000000000e+00
0.000000000000000000e+00
0.000000000000000000e+00
0.000000000000000000e+00
0.000000000000000000e+00
0.000000000000000000e+00
0.000000000000000000e+00
0.000000000000000000e+00
0.000000000000000000e+00
4.310281877770914122e-03
1.236672740677612244e-02
1.957704997124360552e-02
4.100125702322678783e-02
6.700635335465601750e-02
1.018741778347114074e-01
1.314788457012429079e-01
1.618501772434063624e-01
1.945011136014766495e-01
2.231474046833006875e-01
2.509256649514311488e-01
2.723993217809798084e-01
3.043265545898115598e-01
3.306837871713157462e-01
3.563410589083584323e-01
3.855779775718052860e-01
4.143412760028429287e-01
4.441496115678845724e-01
4.724826331365443166e-01
5.069864498813532183e-01
5.405657835979251757e-01
5.800623672825860888e-01
6.204516141498810367e-01
6.552654369971330217e-01
6.974454547584616471e-01
7.318852507275382946e-01
7.577002727008602667e-01
7.922448720035689673e-01
8.184309454722091814e-01
8.529700290700863441e-01
8.772876397663565973e-01
9.006290049921568119e-01
9.325800624981140929e-01
9.524197499869592187e-01
9.819848616050899093e-01
1.016247993244966619e+00
1.031214311991239141e+00
1.061046133891695220e+00
1.086684199966372333e+00
1.102548236737711296e+00
1.126803448355274684e+00
1.140539235152256969e+00
1.160313733251870927e+00
1.170574590185784469e+00
1.190237534189285240e+00
1.209727995983841398e+00
1.210887381329266432e+00
1.218420044502920296e+00
1.220287119875711923e+00
1.228655403980745131e+00
1.224416934828540970e+00
1.227805099079049889e+00
1.218809205619709291e+00
1.213941229392674792e+00
1.205535353674528798e+00
1.188884358062496815e+00
1.168183382984515406e+00
1.140645733190008393e+00
1.115203308225543255e+00
1.091310069540477601e+00
1.071131767900459941e+00
1.054618588359072184e+00
1.024380704124547181e+00
9.871220406131664404e-01
9.449408005548537437e-01
8.974227017862748124e-01
8.515469904137060730e-01
8.283924920130515401e-01
8.002283780183544470e-01
7.545132639362833737e-01
7.021879855260523273e-01
6.367963801436623550e-01
5.563431315810830613e-01
5.005965707817388033e-01
4.837135397917749491e-01
4.655582621245434316e-01
4.195434811508672590e-01
3.705716649382865824e-01
3.053097675016850920e-01
2.107914867444539708e-01
1.386267679490944538e-01
1.463514036788242378e-01
1.533362802804885683e-01
1.274073992401131838e-01
1.096718993655078633e-01
9.218597382761925529e-02
6.255600830874161189e-02
9.177355262307300421e-02
6.454532663368302281e-02
0.000000000000000000e+00
0.000000000000000000e+00
0.000000000000000000e+00
0.000000000000000000e+00
0.000000000000000000e+00
0.000000000000000000e+00
0.000000000000000000e+00
0.000000000000000000e+00
0.000000000000000000e+00
0.000000000000000000e+00
