2.551074707108605288e+00
7.076908269779860206e+00
9.541369497751288620e+00
1.082433196575442835e+01
1.150723931789951315e+01
1.183565066422939260e+01
1.198879893611464276e+01
1.192960218511929504e+01
1.178344159205475883e+01
1.157259133431091058e+01
1.135248781596112089e+01
1.111232209830277107e+01
1.085644084459042524e+01
1.055239529016094124e+01
1.025874185792298299e+01
9.999915011271450993e+00
9.704310570876570452e+00
9.439068934815940892e+00
9.131876783164868172e+00
8.896840466201430431e+00
8.634541613946563388e+00
8.361229522319034047e+00
8.119709300509912353e+00
7.885692955415841254e+00
7.668536745359936901e+00
7.440650564467245154e+00
7.218690614265312888e+00
7.042249131222253489e+00
6.843967753039314594e+00
6.644165112619143443e+00
6.457988073516431449e+00
6.282490017239434010e+00
6.057135189097274441e+00
5.915937351826504376e+00
5.767572625444432610e+00
5.593494417838212662e+00
5.426999821000562108e+00
5.315562309234822536e+00
5.142288384964476933e+00
4.997698619059529612e+00
4.827085187971210445e+00
4.708398574907810108e+00
4.600643482823613795e+00
4.485550555530124051e+00
4.333276887327191851e+00
4.221645068743784535e+00
4.096449886234757365e+00
3.955393786132948009e+00
3.856596110432616964e+00
3.742004152144061901e+00
3.624947475815207376e+00
3.502719610775871129e+00
3.431430811110833368e+00
3.293743259596747297e+00
3.170324377209898792e+00
3.093128610545983648e+00
2.989227944666650316e+00
2.894241933449634985e+00
2.808497530222257677e+00
2.696396020246625724e+00
2.611419686712546095e+00
2.537553992578199136e+00
2.413982356838948018e+00
2.358647828238779720e+00
2.304178649374839072e+00
2.163052331504108583e+00
2.110988405944008051e+00
2.049323316832811770e+00
1.940788758556170945e+00
1.879811356072406348e+00
1.801502649696912428e+00
1.741948106123889284e+00
1.664926066769379265e+00
1.595237688374574248e+00
1.507448193938980774e+00
1.470913281595438438e+00
1.388839841283959542e+00
1.332014416219132080e+00
1.264371851583880879e+00
1.216483710256268003e+00
1.151846076012092768e+00
1.072102670161599436e+00
1.008736336870900585e+00
9.464385687703706918e-01
9.575603250922449794e-01
8.575972572542646111e-01
8.401494302343041065e-01
7.910952316928447914e-01
6.934834215336356245e-01
6.805942073616664256e-01
6.580402471171321599e-01
5.775915527026840302e-01
5.648013259486071025e-01
5.043740577431372607e-01
5.124462596476644372e-01
4.812302951314300081e-01
4.430593257364744963e-01
3.879412068153695881e-01
3.924595965065812431e-01
3.570873773388885675e-01
