5.328499250921781005e-01
1.613463729301636285e+00
2.284990121304200095e+00
2.681612016869606041e+00
2.932005601060153843e+00
3.075320780752805128e+00
3.162532891680965186e+00
3.210425370358579666e+00
3.221934747678914412e+00
3.224847759451280549e+00
3.197867860754684877e+00
3.167520714747910304e+00
3.125706543843099094e+00
3.083663258282412833e+00
3.020851333777957670e+00
2.949878320769489193e+00
2.905383437458811446e+00
2.834936941043434633e+00
2.778229731083325049e+00
2.702896142904700039e+00
2.650644773491254824e+00
2.595031147682644868e+00
2.523882142945528706e+00
2.473054212139249142e+00
2.405793581080640120e+00
2.348425980579387229e+00
2.301615710142320026e+00
2.248186441948034631e+00
2.177188368942169827e+00
2.135511668412517050e+00
2.073001108497159795e+00
2.020179377668998022e+00
1.975839510821557843e+00
1.924815717748288080e+00
1.879926271744683852e+00
1.825514414464107116e+00
1.767218061023269504e+00
1.731756478805674071e+00
1.690949027228386026e+00
1.651043175330562773e+00
1.598187247682409717e+00
1.559323272969760144e+00
1.517667171686500449e+00
1.479928722896828530e+00
1.430597550287348696e+00
1.406401512759702932e+00
1.368263906469546987e+00
1.322188330799287659e+00
1.286024767621761544e+00
1.257513599675085691e+00
1.212064610283747568e+00
1.171384224529613105e+00
1.135351598690113928e+00
1.103611941413962683e+00
1.074627076087889765e+00
1.035855869328484724e+00
1.000230487609919727e+00
9.749876089356284137e-01
9.290258092043962579e-01
9.227805869081809886e-01
8.908781439408023362e-01
8.667611820822519464e-01
8.197438868159032666e-01
7.829275214442379394e-01
7.609828900189756773e-01
7.327653668251168373e-01
7.031304861283287355e-01
6.832600144421790977e-01
6.683061125090707932e-01
6.403294471976410662e-01
6.101937821000973372e-01
5.697153909293839469e-01
5.531286491701589147e-01
5.306684422313516780e-01
5.195287426911530115e-01
4.986438658803024615e-01
4.638495455820194069e-01
4.544064255913247696e-01
4.261661390254387616e-01
3.927181843638217207e-01
3.800930639919686271e-01
3.597761622436605466e-01
3.392630812375876381e-01
3.243598861242122378e-01
3.086963147427661536e-01
2.867655182866160057e-01
2.712017511391575653e-01
2.459037943865667597e-01
2.385260226676940154e-01
2.180021068431812203e-01
2.137260129225082850e-01
2.033735016630985881e-01
1.907121507364745727e-01
1.714666040876385023e-01
1.692080737753433595e-01
1.542367169664377036e-01
1.431229263504678051e-01
1.252923931230978671e-01
1.196559892763181254e-01
1.084228307276914882e-01
