1.885775053969041792e+01
5.820147431416523176e+01
8.255611862113397592e+01
9.640400307937612467e+01
1.052582560967644838e+02
1.103578955816651472e+02
1.134156277654270610e+02
1.150322304983798176e+02
1.152525036666001768e+02
1.151064365037321835e+02
1.139604480421850923e+02
1.126296432157553511e+02
1.109528175135110786e+02
1.092976670444581941e+02
1.068982885718971687e+02
1.042830075766156739e+02
1.025595624629643083e+02
9.991062775116823502e+01
9.785396677008452571e+01
9.509354804113833382e+01
9.311929495020847014e+01
9.105764132053278104e+01
8.847941586907256806e+01
8.663234753600266913e+01
8.422792570778763377e+01
8.211676699326615392e+01
8.041659435371705911e+01
7.848909564568944575e+01
7.597204725380316859e+01
7.446105181690509767e+01
7.223290052860242838e+01
7.032876391927013060e+01
6.873687104070441478e+01
6.694181990142959648e+01
6.533920501321082952e+01
6.343404431331030935e+01
6.138116612538366468e+01
6.011733346239196862e+01
5.868345779732167244e+01
5.729342614000847789e+01
5.542824597382397656e+01
5.405295290070876746e+01
5.260225360508020742e+01
5.129721667143505925e+01
4.955528179689862611e+01
4.868603482429256957e+01
4.737700273591044464e+01
4.574546287977863557e+01
4.451333250181284029e+01
4.351622153012473859e+01
4.196984532003570223e+01
4.054010681408811934e+01
3.928661611890263572e+01
3.814442110833620347e+01
3.716742102703314288e+01
3.585517324252925420e+01
3.460014431017288672e+01
3.371706906016732574e+01
3.212056798938909452e+01
3.192176037054990090e+01
3.075888075642108888e+01
2.993320563853755445e+01
2.831560422085676265e+01
2.706709076830809479e+01
2.630395238884043252e+01
2.530970023843864070e+01
2.430737267056830220e+01
2.361469836853524740e+01
2.307679232903961974e+01
2.208129550172854039e+01
2.107691575346564150e+01
1.967525617651190117e+01
1.910497168927140876e+01
1.837475741857898015e+01
1.794236139132670615e+01
1.723024855903715391e+01
1.604752953083983869e+01
1.569110332172073718e+01
1.474106670126075969e+01
1.358383351250271254e+01
1.315713676463478343e+01
1.245897562976249873e+01
1.174250280676815805e+01
1.119692897467840531e+01
1.070914879676957554e+01
9.932510644573213199e+00
9.399356898386869830e+00
8.511028707330451581e+00
8.278627736986690522e+00
7.581983675208170403e+00
7.433749131486230510e+00
7.041440493356605934e+00
6.614750561994102718e+00
5.978695610502291480e+00
5.878262072756346157e+00
5.352753919467023280e+00
4.962510581838541768e+00
4.367516311218841984e+00
4.209424574594114787e+00
3.754001296246302743e+00
