0.000000000000000000e+00
0.000000000000000000e+00
0.000000000000000000e+00
0.000000000000000000e+00
0.000000000000000000e+00
0.000000000000000000e+00
0.000000000000000000e+00
0.000000000000000000e+00
0.000000000000000000e+00
0.000000000000000000e+00
4.295786849708015109e-02
1.438082628042971489e-01
4.520976366864727924e-01
1.294375221933313336e+00
2.208121400245560029e+00
3.153759602982967980e+00
4.177165044038812169e+00
5.320243800100334930e+00
6.421649348477727060e+00
7.826845320739081124e+00
9.559713789253102334e+00
1.118290903457800134e+01
1.349414126778092538e+01
1.652388519544462753e+01
1.764351415979026072e+01
1.839238817338648602e+01
1.909911049483653400e+01
1.947371043663935453e+01
1.974334122562890670e+01
1.942898865562806776e+01
1.865635904186846261e+01
1.736107307019851831e+01
1.527698740030770175e+01
1.265796318090484185e+01
9.541971562020410857e+00
6.272733427309693965e+00
3.382082181522073405e+00
1.123468463942750128e+00
9.924330602922576405e-02
0.000000000000000000e+00
0.000000000000000000e+00
