6.889432464496754172e-01
2.237352419586584595e+00
3.299450578493486663e+00
3.921405731992509303e+00
4.295767772921254668e+00
4.483482436706211161e+00
4.582848243477613437e+00
4.623181573546201406e+00
4.596595561807976793e+00
4.543906733608195303e+00
4.452400701615281342e+00
4.358020549072714189e+00
4.262768453348164677e+00
4.128506516685328087e+00
3.982419865791757996e+00
3.884351455766731132e+00
3.767878358600784683e+00
3.640532128528122691e+00
3.486792610359404243e+00
3.373180763432905405e+00
3.267912859448258711e+00
3.151904249778061384e+00
3.028486973354116429e+00
2.925575721415682118e+00
2.820056328542996038e+00
2.705073317544539613e+00
2.609301776711266729e+00
2.508721752432146790e+00
2.414502260207039175e+00
2.333202458185998474e+00
2.236917419991844902e+00
2.151554060989075978e+00
2.060491827661666164e+00
2.011715230742392002e+00
1.918203950464311358e+00
1.864785804051886098e+00
1.773961183041401490e+00
1.706459828342830276e+00
1.648338579525286285e+00
1.561068865718078902e+00
1.520778128475848812e+00
1.444509035381588369e+00
1.411823171712334180e+00
1.344311291135648512e+00
1.278527159712045114e+00
1.240800519103555377e+00
1.152976561457075055e+00
1.129672751465656377e+00
1.087821771330788945e+00
1.049088169607005128e+00
1.012167307441220965e+00
9.497485365134606949e-01
9.120908429309315668e-01
8.672233777835652857e-01
8.203492822175931787e-01
8.004556621992634513e-01
7.605206265616190064e-01
7.068377325219690199e-01
6.970175815991755952e-01
6.708997574707785683e-01
6.208500772005518531e-01
5.761537974360576575e-01
5.761684068716965701e-01
5.418051755199151387e-01
5.169007674130767782e-01
4.902853511959044397e-01
4.868233478103456968e-01
4.324197874159274035e-01
4.298003328964128400e-01
4.153739566278331075e-01
3.981789002465810356e-01
3.538713376121992438e-01
3.474955249547532210e-01
3.220394276486753249e-01
2.884874490507552403e-01
2.862204559750654576e-01
2.798090802952366007e-01
2.749204861700902947e-01
2.375686183413406039e-01
2.145742665359416379e-01
2.195628541962039992e-01
2.035853063711094424e-01
1.919636488421119502e-01
1.912340292937808328e-01
1.720483219769169958e-01
1.581397498097421861e-01
1.450759157083492124e-01
1.269423222489030334e-01
1.164233837783671260e-01
1.232667720497381686e-01
1.082022568746623115e-01
1.166073292549844875e-01
1.057257943615010354e-01
9.428694471509045660e-02
9.129256872304218617e-02
8.956155734552168068e-02
5.725205383529305414e-02
6.180487737851454028e-02
7.441635745789962342e-02
5.690524945322680828e-02
