0.000000000000000000e+00
0.000000000000000000e+00
0.000000000000000000e+00
0.000000000000000000e+00
0.000000000000000000e+00
0.000000000000000000e+00
0.000000000000000000e+00
0.000000000000000000e+00
0.000000000000000000e+00
0.000000000000000000e+00
0.000000000000000000e+00
0.000000000000000000e+00
0.000000000000000000e+00
0.000000000000000000e+00
0.000000000000000000e+00
0.000000000000000000e+00
0.000000000000000000e+00
0.000000000000000000e+00
0.000000000000000000e+00
0.000000000000000000e+00
0.000000000000000000e+00
0.000000000000000000e+00
0.000000000000000000e+00
0.000000000000000000e+00
0.000000000000000000e+00
0.000000000000000000e+00
0.000000000000000000e+00
0.000000000000000000e+00
0.000000000000000000e+00
0.000000000000000000e+00
0.000000000000000000e+00
0.000000000000000000e+00
0.000000000000000000e+00
0.000000000000000000e+00
0.000000000000000000e+00
0.000000000000000000e+00
0.000000000000000000e+00
0.000000000000000000e+00
0.000000000000000000e+00
0.000000000000000000e+00
0.000000000000000000e+00
0.000000000000000000e+00
0.000000000000000000e+00
0.000000000000000000e+00
0.000000000000000000e+00
0.000000000000000000e+00
0.000000000000000000e+00
0.000000000000000000e+00
0.000000000000000000e+00
0.000000000000000000e+00
0.000000000000000000e+00
0.000000000000000000e+00
0.000000000000000000e+00
0.000000000000000000e+00
0.000000000000000000e+00
0.000000000000000000e+00
0.000000000000000000e+00
0.000000000000000000e+00
0.000000000000000000e+00
0.000000000000000000e+00
0.000000000000000000e+00
0.000000000000000000e+00
0.000000000000000000e+00
0.000000000000000000e+00
0.000000000000000000e+00
0.000000000000000000e+00
0.000000000000000000e+00
0.000000000000000000e+00
0.000000000000000000e+00
0.000000000000000000e+00
0.000000000000000000e+00
0.000000000000000000e+00
0.000000000000000000e+00
0.000000000000000000e+00
0.000000000000000000e+00
0.000000000000000000e+00
0.000000000000000000e+00
0.000000000000000000e+00
0.000000000000000000e+00
0.000000000000000000e+00
0.000000000000000000e+00
0.000000000000000000e+00
0.000000000000000000e+00
0.000000000000000000e+00
0.000000000000000000e+00
0.000000000000000000e+00
0.000000000000000000e+00
0.000000000000000000e+00
0.000000000000000000e+00
0.000000000000000000e+00
0.000000000000000000e+00
0.000000000000000000e+00
0.000000000000000000e+00
0.000000000000000000e+00
0.000000000000000000e+00
0.000000000000000000e+00
0.000000000000000000e+00
0.000000000000000000e+00
0.000000000000000000e+00
0.000000000000000000e+00
2.742120194136386147e+01
2.815403293143778640e+01
2.882815324975414839e+01
2.938091749398912711e+01
2.976675241688765539e+01
3.046647396373037608e+01
3.117356960526425524e+01
3.194041053143324049e+01
3.248110525474347554e+01
3.296327243827855824e+01
3.365559789830714976e+01
3.416659986819478689e+01
3.522236520074282851e+01
3.536550546467537259e+01
3.640726923832968964e+01
3.697498589467437569e+01
3.742747831668584269e+01
3.807170124794848931e+01
3.898728981290835804e+01
3.939359136043693610e+01
4.004759471965893880e+01
4.080857910726067672e+01
4.138050644687781698e+01
4.221224091045902327e+01
4.257931937966918667e+01
4.282263449312620907e+01
4.371030860210186830e+01
4.410496692705962829e+01
4.467451572014380901e+01
4.530366142756625436e+01
4.578395799958164503e+01
4.625745077705646224e+01
4.678623933441422622e+01
4.721180821790321147e+01
4.764834239167507945e+01
4.785793375539456918e+01
4.826733165991602448e+01
4.858531309636916262e+01
4.868850226445957929e+01
4.926774274321589786e+01
4.945745660464948656e+01
4.958755641196069064e+01
4.959190220578908281e+01
4.967118080447379924e+01
4.985893834446162032e+01
4.964802737937382204e+01
4.975644851969692439e+01
4.959094009560548244e+01
4.956683152339299880e+01
4.925577055953840500e+01
4.891993946608837263e+01
4.843326671045532805e+01
4.812501268361899776e+01
4.755348651568723994e+01
4.707591239005329697e+01
4.627721549143244317e+01
4.556743871313265259e+01
4.499353671390800002e+01
4.402488255179064680e+01
4.309175282669721696e+01
4.219186710812469698e+01
4.096401166292360330e+01
4.004379468961706579e+01
3.870780801217883038e+01
3.750898108051501367e+01
3.611159612776634731e+01
3.481306904887470210e+01
3.344238522999467023e+01
3.190754770218127589e+01
3.025101346364170141e+01
2.875919928626373334e+01
2.699773496084400293e+01
2.541016813932925089e+01
2.369351705539940056e+01
2.231227499042977414e+01
2.071140401702040634e+01
1.893325558060254465e+01
1.728726848458371634e+01
1.559567757095476637e+01
1.395713151947004960e+01
1.259626892993426672e+01
1.141518641265207279e+01
1.038113252657998764e+01
9.340897373143922877e+00
8.203157433863388803e+00
7.086185148426253022e+00
6.045402076128359781e+00
5.141017679623442582e+00
4.308626164937826353e+00
2.661040078061904790e+00
3.813921944643521300e-01
0.000000000000000000e+00
0.000000000000000000e+00
0.000000000000000000e+00
0.000000000000000000e+00
0.000000000000000000e+00
0.000000000000000000e+00
0.000000000000000000e+00
0.000000000000000000e+00
0.000000000000000000e+00
0.000000000000000000e+00
