0.000000000000000000e+00
0.000000000000000000e+00
0.000000000000000000e+00
0.000000000000000000e+00
0.000000000000000000e+00
0.000000000000000000e+00
0.000000000000000000e+00
0.000000000000000000e+00
0.000000000000000000e+00
0.000000000000000000e+00
0.000000000000000000e+00
0.000000000000000000e+00
0.000000000000000000e+00
0.000000000000000000e+00
0.000000000000000000e+00
0.000000000000000000e+00
0.000000000000000000e+00
0.000000000000000000e+00
0.000000000000000000e+00
0.000000000000000000e+00
0.000000000000000000e+00
0.000000000000000000e+00
0.000000000000000000e+00
0.000000000000000000e+00
0.000000000000000000e+00
0.000000000000000000e+00
0.000000000000000000e+00
0.000000000000000000e+00
0.000000000000000000e+00
0.000000000000000000e+00
0.000000000000000000e+00
0.000000000000000000e+00
0.000000000000000000e+00
0.000000000000000000e+00
0.000000000000000000e+00
0.000000000000000000e+00
0.000000000000000000e+00
0.000000000000000000e+00
0.000000000000000000e+00
0.000000000000000000e+00
0.000000000000000000e+00
0.000000000000000000e+00
0.000000000000000000e+00
0.000000000000000000e+00
0.000000000000000000e+00
0.000000000000000000e+00
0.000000000000000000e+00
0.000000000000000000e+00
0.000000000000000000e+00
0.000000000000000000e+00
0.000000000000000000e+00
0.000000000000000000e+00
0.000000000000000000e+00
0.000000000000000000e+00
0.000000000000000000e+00
0.000000000000000000e+00
0.000000000000000000e+00
0.000000000000000000e+00
0.000000000000000000e+00
0.000000000000000000e+00
0.000000000000000000e+00
0.000000000000000000e+00
0.000000000000000000e+00
0.000000000000000000e+00
0.000000000000000000e+00
0.000000000000000000e+00
0.000000000000000000e+00
0.000000000000000000e+00
0.000000000000000000e+00
0.000000000000000000e+00
0.000000000000000000e+00
0.000000000000000000e+00
0.000000000000000000e+00
0.000000000000000000e+00
0.000000000000000000e+00
0.000000000000000000e+00
0.000000000000000000e+00
0.000000000000000000e+00
0.000000000000000000e+00
0.000000000000000000e+00
0.000000000000000000e+00
0.000000000000000000e+00
0.000000000000000000e+00
0.000000000000000000e+00
0.000000000000000000e+00
0.000000000000000000e+00
0.000000000000000000e+00
0.000000000000000000e+00
0.000000000000000000e+00
0.000000000000000000e+00
0.000000000000000000e+00
0.000000000000000000e+00
0.000000000000000000e+00
0.000000000000000000e+00
0.000000000000000000e+00
0.000000000000000000e+00
0.000000000000000000e+00
0.000000000000000000e+00
0.000000000000000000e+00
0.000000000000000000e+00
7.762188436059045404e-01
7.973425583843758435e-01
8.157234213835856673e-01
8.319146330182854987e-01
8.430723691696767608e-01
8.600527287149402067e-01
8.807033291575663281e-01
9.032590850941532024e-01
9.161618812813747681e-01
9.269832706444980364e-01
9.468972773569932500e-01
9.593499094838190411e-01
9.867545025824636662e-01
9.885191358911893378e-01
1.017233427867867857e+00
1.029593092881037508e+00
1.037900222883259671e+00
1.053802256472187837e+00
1.074844410943618822e+00
1.082303610737938460e+00
1.095551806702249387e+00
1.110750380614159427e+00
1.121087531402254145e+00
1.137383810624601477e+00
1.141579185408339470e+00
1.141340005711825922e+00
1.155990756073896897e+00
1.161924294670607649e+00
1.166769594645084229e+00
1.174944194406494002e+00
1.178685513090125703e+00
1.180585464459730227e+00
1.186574128173421450e+00
1.184952638847748263e+00
1.186348685113551404e+00
1.179599899318045875e+00
1.177345255946120384e+00
1.173083991550163852e+00
1.162876166619423834e+00
1.164106341273198675e+00
1.156293491680389307e+00
1.146139021723735052e+00
1.131780228802703903e+00
1.119987335819895513e+00
1.111585950205209228e+00
1.090812203299154959e+00
1.080447243056325890e+00
1.062785534499773421e+00
1.046111647896276864e+00
1.024433087586552382e+00
1.002168012917088680e+00
9.771457736510755776e-01
9.555477452081675427e-01
9.276841665068361609e-01
9.030916778985954574e-01
8.710772219441168529e-01
8.419388473671014506e-01
8.152113776711827908e-01
7.823648532987345083e-01
7.518351472522614154e-01
7.211946084207920826e-01
6.853382706859511009e-01
6.554047505285411912e-01
6.194547967929829868e-01
5.861489352435936828e-01
5.519061702286500726e-01
5.215788130870574468e-01
4.914638899003617167e-01
4.600929038428581141e-01
4.257500356808356923e-01
3.939599297007255196e-01
3.590614871280255471e-01
3.273041011270936274e-01
2.960682958238963769e-01
2.716150356605457894e-01
2.448870347985326323e-01
2.148775809828970540e-01
1.860738032935532471e-01
1.565209667301277474e-01
1.283650824713780392e-01
1.069366839941874869e-01
9.306379358421253134e-02
8.449471465121094482e-02
7.535382694106074197e-02
6.429747621715996286e-02
5.405346056509443414e-02
4.495169608333343669e-02
3.771316399772013661e-02
3.222986944602126980e-02
2.022743749799765442e-02
2.732397017204600716e-03
0.000000000000000000e+00
0.000000000000000000e+00
0.000000000000000000e+00
0.000000000000000000e+00
0.000000000000000000e+00
0.000000000000000000e+00
0.000000000000000000e+00
0.000000000000000000e+00
0.000000000000000000e+00
0.000000000000000000e+00
