1.175656442760149023e+00
3.874714029333099496e+00
5.654806460465342965e+00
6.738472713554709337e+00
7.462022321672336034e+00
7.905430677812973705e+00
8.200448401704687029e+00
8.381214521259662931e+00
8.461168497271996713e+00
8.513390667253394994e+00
8.478984988218325469e+00
8.430877953115944123e+00
8.346249943730285281e+00
8.262204085934280684e+00
8.122628160114896190e+00
7.948031736213232890e+00
7.851434483976567513e+00
7.680533622330155907e+00
7.545091257709411359e+00
7.358798307762399737e+00
7.232364584994759760e+00
7.096653893815500602e+00
6.915114093300685383e+00
6.786085924579252193e+00
6.610963032271182094e+00
6.465167631342333188e+00
6.344074622700144772e+00
6.206573790238874899e+00
6.019312683835329025e+00
5.913055965693554406e+00
5.747833574244587851e+00
5.606440934097462581e+00
5.488882525264811463e+00
5.359531175286810445e+00
5.232924890351038805e+00
5.091365538732799401e+00
4.934634030248192360e+00
4.839809289339005005e+00
4.725186253340630138e+00
4.620355667019569346e+00
4.475102793504018628e+00
4.368062161951921318e+00
4.256631602151887073e+00
4.151202469670489670e+00
4.016669550047297754e+00
3.950427486941089583e+00
3.844530532214090357e+00
3.718979762772876008e+00
3.615145287366529292e+00
3.536107411550549084e+00
3.410398614981774212e+00
3.297290567870136080e+00
3.200972234181637344e+00
3.112802096846256195e+00
3.028105192035477788e+00
2.915562310017709713e+00
2.818769791511826828e+00
2.743878915497413473e+00
2.618578930661445092e+00
2.597438303276965677e+00
2.510766890110158744e+00
2.442619326574080318e+00
2.312174271653302693e+00
2.201769273132628157e+00
2.143674689783968024e+00
2.060870502463721721e+00
1.977493262512416639e+00
1.921550782419578995e+00
1.876878403028315212e+00
1.801358026312283256e+00
1.715672062274381515e+00
1.598623072396928357e+00
1.550470731349566478e+00
1.481410343555825238e+00
1.452071585121998076e+00
1.393151891217348837e+00
1.295759221025665653e+00
1.268726818493495445e+00
1.188766410885761626e+00
1.094152559596927921e+00
1.057600699900928420e+00
1.003009891736949877e+00
9.427318831432078827e-01
9.037277946472340728e-01
8.538775712527431061e-01
7.952199501780122803e-01
7.511849154857719313e-01
6.825009593545807718e-01
6.555857154718728319e-01
5.985258080643274248e-01
5.856515997746766233e-01
5.600926778825413566e-01
5.255442569226711491e-01
4.693708579823574478e-01
4.632956708018214353e-01
4.193894024179920521e-01
3.907097049643041831e-01
3.396391042989887477e-01
3.246420562541245669e-01
2.974613303388615737e-01
