0.000000000000000000e+00
0.000000000000000000e+00
0.000000000000000000e+00
0.000000000000000000e+00
0.000000000000000000e+00
0.000000000000000000e+00
0.000000000000000000e+00
0.000000000000000000e+00
0.000000000000000000e+00
0.000000000000000000e+00
0.000000000000000000e+00
0.000000000000000000e+00
0.000000000000000000e+00
0.000000000000000000e+00
0.000000000000000000e+00
0.000000000000000000e+00
0.000000000000000000e+00
0.000000000000000000e+00
0.000000000000000000e+00
0.000000000000000000e+00
0.000000000000000000e+00
0.000000000000000000e+00
0.000000000000000000e+00
0.000000000000000000e+00
0.000000000000000000e+00
0.000000000000000000e+00
0.000000000000000000e+00
0.000000000000000000e+00
0.000000000000000000e+00
0.000000000000000000e+00
0.000000000000000000e+00
0.000000000000000000e+00
0.000000000000000000e+00
0.000000000000000000e+00
0.000000000000000000e+00
0.000000000000000000e+00
0.000000000000000000e+00
0.000000000000000000e+00
0.000000000000000000e+00
0.000000000000000000e+00
0.000000000000000000e+00
0.000000000000000000e+00
0.000000000000000000e+00
0.000000000000000000e+00
0.000000000000000000e+00
0.000000000000000000e+00
0.000000000000000000e+00
0.000000000000000000e+00
0.000000000000000000e+00
0.000000000000000000e+00
0.000000000000000000e+00
0.000000000000000000e+00
0.000000000000000000e+00
0.000000000000000000e+00
1.589679492601726862e-02
0.000000000000000000e+00
4.378887828761828666e-02
nan
5.348197350701071329e-02
5.609732643246032741e-02
6.379787578806271620e-02
1.074054812035791784e-01
1.580702694268026620e-01
2.344630377657549170e-01
3.112052851800877207e-01
4.128401642735536337e-01
5.055809018233585750e-01
5.740020821160888298e-01
6.202705560248840122e-01
7.425990425698268949e-01
7.949272982416204503e-01
8.633999241123775370e-01
9.252052026565830145e-01
9.787373475658968092e-01
1.135352729869068655e+00
1.173290341252795077e+00
1.227080311813777191e+00
1.277270559950856699e+00
1.339779882601742633e+00
1.367152441342412539e+00
1.439761474055113677e+00
1.543593470899672360e+00
1.619578318740728884e+00
1.719677486467954486e+00
1.841689379073581989e+00
1.931355721207493659e+00
2.008399419676445419e+00
2.059089980794448049e+00
2.127462014307769156e+00
2.218443730662928548e+00
2.289482257515376595e+00
2.400723491256788300e+00
2.483635406676649726e+00
2.575615766865023915e+00
2.693478867018719747e+00
2.808770320896842421e+00
2.936872149679809585e+00
3.080841995633359254e+00
3.175092837438462379e+00
3.333575973966533379e+00
3.502039600178718626e+00
3.602150162514541787e+00
3.716810086227646970e+00
3.866951483402255363e+00
3.977033479768384616e+00
4.067590300706299900e+00
4.213941045245253925e+00
4.303643892760782741e+00
4.407476317765695484e+00
4.612791770102290911e+00
4.717065337612812215e+00
4.845066863518082023e+00
4.945875783746447318e+00
5.373798846977741128e+00
5.644258733482041102e+00
5.912636612122117441e+00
6.101985650356223978e+00
6.263081833115036190e+00
6.394972594120539533e+00
6.438271800083573915e+00
6.498749456986224970e+00
6.589585176368387032e+00
6.657595075648833571e+00
6.589224367455710052e+00
6.520378697707470472e+00
6.585753100491327672e+00
6.570624814045871176e+00
6.585158155072557307e+00
6.568146102559722088e+00
6.548855066422336613e+00
6.532786051020324614e+00
6.519431675792954017e+00
6.548528951313866031e+00
6.537423057366376078e+00
6.511068743904639078e+00
6.441693086764836096e+00
6.428687328503826848e+00
6.369330554116296561e+00
6.354868675965749780e+00
6.288236758725610720e+00
6.222223497082194577e+00
6.134426175252566615e+00
6.130580950517811267e+00
6.059534477078589276e+00
5.997288110784960935e+00
5.887462379275901547e+00
5.810816164532717210e+00
5.670502905588522324e+00
5.554331508457975630e+00
5.397515290988195602e+00
5.286245173202194891e+00
5.195543826751803707e+00
5.040526328172856729e+00
4.939857269906596571e+00
4.779412036438973388e+00
4.623062810890968599e+00
4.484256116991144125e+00
4.319049727426041763e+00
4.156084554199451553e+00
4.016317738908219859e+00
3.889295405979101172e+00
3.738997915747147793e+00
3.557172407853183671e+00
3.383832493405406261e+00
3.238675541983043527e+00
3.077609618659344459e+00
2.908568592535901498e+00
2.725266302524591122e+00
2.564227517336737705e+00
2.395854924150555565e+00
2.214829441327805348e+00
2.029284194624518811e+00
1.886167661961205333e+00
1.717804777478210809e+00
1.560689330925094875e+00
1.423039506802088017e+00
1.268132804249241463e+00
1.110327455400828001e+00
9.631748139170750456e-01
8.231028206405138770e-01
7.006510020022388430e-01
6.175368623075125907e-01
5.459510308180052229e-01
4.755591098408954442e-01
4.039748641495718440e-01
3.398173962850697394e-01
2.787649704019343755e-01
2.283375170323735659e-01
1.938116296938095784e-01
1.343868322637739587e-01
nan
0.000000000000000000e+00
0.000000000000000000e+00
0.000000000000000000e+00
0.000000000000000000e+00
0.000000000000000000e+00
0.000000000000000000e+00
0.000000000000000000e+00
0.000000000000000000e+00
0.000000000000000000e+00
0.000000000000000000e+00
