0.000000000000000000e+00
0.000000000000000000e+00
0.000000000000000000e+00
0.000000000000000000e+00
0.000000000000000000e+00
0.000000000000000000e+00
0.000000000000000000e+00
0.000000000000000000e+00
0.000000000000000000e+00
0.000000000000000000e+00
0.000000000000000000e+00
0.000000000000000000e+00
0.000000000000000000e+00
0.000000000000000000e+00
0.000000000000000000e+00
0.000000000000000000e+00
0.000000000000000000e+00
0.000000000000000000e+00
0.000000000000000000e+00
0.000000000000000000e+00
0.000000000000000000e+00
0.000000000000000000e+00
0.000000000000000000e+00
0.000000000000000000e+00
0.000000000000000000e+00
0.000000000000000000e+00
0.000000000000000000e+00
0.000000000000000000e+00
0.000000000000000000e+00
0.000000000000000000e+00
0.000000000000000000e+00
0.000000000000000000e+00
0.000000000000000000e+00
0.000000000000000000e+00
0.000000000000000000e+00
0.000000000000000000e+00
0.000000000000000000e+00
0.000000000000000000e+00
0.000000000000000000e+00
0.000000000000000000e+00
0.000000000000000000e+00
0.000000000000000000e+00
0.000000000000000000e+00
0.000000000000000000e+00
0.000000000000000000e+00
0.000000000000000000e+00
0.000000000000000000e+00
0.000000000000000000e+00
0.000000000000000000e+00
0.000000000000000000e+00
0.000000000000000000e+00
0.000000000000000000e+00
2.716129048433575943e-01
2.207559312780804361e-01
5.318366404302464767e-01
5.142954945404379918e-01
4.488122545957728970e-01
9.971455831616200527e-01
7.742077594918838068e-01
9.400873280771983032e-01
1.351922077639254649e+00
1.107917049332079573e+00
1.019145021429029851e+00
1.586213763609018113e+00
1.705016776942470891e+00
1.858611516340024306e+00
2.413018459648883507e+00
2.741929751719271557e+00
2.850802689670305590e+00
3.791722829526689598e+00
4.420643954841853684e+00
5.068306964960609839e+00
5.899497155022564776e+00
6.582252169154562793e+00
7.474082785435302689e+00
8.092074065133298078e+00
9.047112735419986507e+00
1.001340532474107903e+01
1.066263259785480066e+01
1.184408788689106373e+01
1.235016080201379296e+01
1.334717366417971718e+01
1.417813210709642391e+01
1.494804060553718017e+01
1.581767107119447147e+01
1.640009780341915402e+01
1.685799387138521865e+01
1.772710353315458320e+01
1.856476852366930785e+01
1.895415518452595549e+01
1.976622392178389021e+01
2.017673243976337005e+01
2.068167122205581521e+01
2.142601607884613912e+01
2.154871173772199100e+01
2.244664220831574752e+01
2.309277517632221688e+01
2.366480023547091704e+01
2.411090852182955047e+01
2.535877677825274645e+01
2.573932414126952040e+01
2.654364743745233213e+01
2.744691563207123153e+01
2.825501613477409535e+01
2.900074778396532338e+01
2.948944591962504447e+01
3.028743772818499025e+01
3.092560831690361312e+01
3.188875591961002698e+01
3.254063494521144406e+01
3.325516541831568418e+01
3.347092491370739964e+01
3.432223110249572073e+01
3.728808090276736920e+01
3.980894561053034408e+01
4.068721474092830448e+01
4.143643894577414244e+01
4.129926721441444926e+01
4.123413016056305480e+01
4.082116846452969838e+01
4.019693331998926311e+01
3.927584883406205307e+01
3.922730648559222288e+01
3.822362349778433810e+01
3.789449533809357007e+01
3.820897829958644820e+01
3.881581119598249074e+01
3.892959928405212366e+01
3.849982859496424226e+01
3.871533444258458445e+01
3.858448295261315053e+01
3.821700464500361960e+01
3.783495920748139696e+01
3.697101050035283265e+01
3.673518503304128302e+01
3.614269084067259996e+01
3.551298562538708836e+01
3.486117483212510848e+01
3.428637668434888042e+01
3.363507336051767282e+01
3.289649059990198765e+01
3.216599008336780230e+01
3.137437074804092774e+01
3.088225429209184725e+01
3.013290425295515007e+01
2.909225200071586315e+01
2.812118738187660583e+01
2.722234824998116309e+01
2.611167176702847570e+01
2.534608361906104079e+01
2.455106589429569297e+01
2.368384753969939638e+01
2.282687702978728339e+01
2.194929453933822572e+01
2.107164987790037713e+01
2.027375878485914384e+01
1.972378075842136624e+01
1.881979126664269586e+01
1.794926949581048348e+01
1.702312975933437400e+01
1.627737677973030728e+01
1.556079598739447611e+01
1.489617862920317570e+01
1.409903743993417180e+01
1.340022590299326666e+01
1.258919887663823012e+01
1.192746836193378890e+01
1.104639972501287382e+01
1.029328084434530588e+01
9.525873724175346169e+00
8.837396122815045274e+00
8.111465746363929696e+00
7.449654705320452486e+00
6.906487286035284612e+00
6.348021981616161824e+00
5.894708134427808055e+00
5.423561359583993102e+00
4.888273020173708794e+00
4.359819135345299301e+00
3.907082957381755151e+00
3.495403262847372350e+00
3.124060973417630560e+00
2.792453352789462606e+00
2.424834202099451996e+00
2.057567945499794160e+00
1.770236734284750924e+00
1.468136486066126123e+00
1.209103495510286175e+00
9.820826946867198259e-01
6.662418415661062188e-01
4.818751269070045001e-02
0.000000000000000000e+00
0.000000000000000000e+00
0.000000000000000000e+00
0.000000000000000000e+00
0.000000000000000000e+00
0.000000000000000000e+00
0.000000000000000000e+00
0.000000000000000000e+00
0.000000000000000000e+00
0.000000000000000000e+00
