4.889209480499202010e-01
1.964252940669788616e+00
3.071878535594659621e+00
3.731959550888846344e+00
4.130731837608429657e+00
4.349945298593517862e+00
4.487360479989024320e+00
4.555123284894190938e+00
4.556673043126115985e+00
4.507950350667943695e+00
4.458653595962922545e+00
4.372646152727103441e+00
4.262056461919289774e+00
4.148928072629219699e+00
4.035664814217679641e+00
3.912196122232817874e+00
3.802922504854556962e+00
3.675264967608075306e+00
3.554578465897600292e+00
3.445713511284921537e+00
3.314306794376575382e+00
3.195810227939111403e+00
3.086338399415330169e+00
2.981690083292782845e+00
2.886974450226593714e+00
2.764616307536988948e+00
2.671996291043394312e+00
2.551667692620640082e+00
2.471003730920108943e+00
2.401810405131409532e+00
2.294046721811026757e+00
2.202969739947648442e+00
2.129106518068254239e+00
2.048285837815235766e+00
1.972457855276175787e+00
1.905510141753040898e+00
1.823170833076061426e+00
1.764947418412464497e+00
1.679497195602654980e+00
1.628159997770261880e+00
1.549128691630689447e+00
1.494988537613883617e+00
1.452438584367099050e+00
1.379867786023951215e+00
1.314153525651140964e+00
1.278882093132418296e+00
1.208018110948107848e+00
1.158653554957567389e+00
1.102003160305071505e+00
1.065271274277657110e+00
1.011710882884659490e+00
9.818732383858947976e-01
9.408291284542120714e-01
8.950689807799098174e-01
8.639993762702613544e-01
8.192821869935685841e-01
7.921005730804288048e-01
7.548286711927159054e-01
7.180005012593552172e-01
6.712328113893930581e-01
6.504415461766485107e-01
6.182825071686398610e-01
5.931904184955050230e-01
5.506249005836687527e-01
5.425400067375407698e-01
5.124151992522228971e-01
4.771372425906558745e-01
4.595974864930461590e-01
4.355778264607398920e-01
4.181081735551655520e-01
3.877071386484860493e-01
3.770498824256457993e-01
3.397500474576256591e-01
3.308686035391836811e-01
3.071068519949988196e-01
2.964213094665489323e-01
2.729020945322566671e-01
2.589243056759314987e-01
2.586205862831215674e-01
2.374020245602685708e-01
2.155533276298160217e-01
2.115692478681249211e-01
1.946459835841206354e-01
1.861188062138544319e-01
1.651470033965669881e-01
1.624122028559551179e-01
1.582922435735031330e-01
1.499373141886287952e-01
1.382843708645708769e-01
1.212905258966044536e-01
1.161994107615510197e-01
9.187918390297754312e-02
1.031320059999463606e-01
9.015713970901906293e-02
8.903300024745651464e-02
8.451611135830400245e-02
7.496843464133286228e-02
6.470911091374598190e-02
6.522579644432564827e-02
6.187908989822167583e-02
