1.577543379077815722e+00
4.778822889466480817e+00
6.724242184226509877e+00
7.816340252965988000e+00
8.504736902568339474e+00
8.893368629338763043e+00
9.118889497403969813e+00
9.231739519685422835e+00
9.233959302050532614e+00
9.208028034837953513e+00
9.104269865423503916e+00
8.986478325515090404e+00
8.843247726033400369e+00
8.702367913090883533e+00
8.502357538623797950e+00
8.288994428930211100e+00
8.144351821454842266e+00
7.927943165492683519e+00
7.760074734124920326e+00
7.535974264829645719e+00
7.374282687862377728e+00
7.206630707701429550e+00
6.998708861415363636e+00
6.849756687968784341e+00
6.657075676943614795e+00
6.486499158606060966e+00
6.349956201583927928e+00
6.195010286110944620e+00
5.994260526149854940e+00
5.872826905614167536e+00
5.695154234229450552e+00
5.543219949984094619e+00
5.416198212853381655e+00
5.272324965471620217e+00
5.145767037712636771e+00
4.993710769204513511e+00
4.831245079682689791e+00
4.730550909417334360e+00
4.617345123180620625e+00
4.506868874274094772e+00
4.359388092354205213e+00
4.250431636318781514e+00
4.135388705908868978e+00
4.032831594709588963e+00
3.894820023911110152e+00
3.825868550882250307e+00
3.722781446384060278e+00
3.593526340805830444e+00
3.497292015499016582e+00
3.418754416787548767e+00
3.297400601282268529e+00
3.184370563558408751e+00
3.085164202676586420e+00
2.994549401886897666e+00
2.918576554688566915e+00
2.816372098665024915e+00
2.717170782347943181e+00
2.647722060653879161e+00
2.521934213241304956e+00
2.506847577596766019e+00
2.414493431352110253e+00
2.349855331461162322e+00
2.222779415647557766e+00
2.125981497939749776e+00
2.065311042907462369e+00
1.987771215826468874e+00
1.909086558310832737e+00
1.854750195024495119e+00
1.812474132873302946e+00
1.733449532037133478e+00
1.655111234633707351e+00
1.545711491497694157e+00
1.500918778638404394e+00
1.445212079028382224e+00
1.410137855551371056e+00
1.354586010673064722e+00
1.261747519738497081e+00
1.233407187718202680e+00
1.159162528884202459e+00
1.068537832801579768e+00
1.034980517178001769e+00
9.802245135366793871e-01
9.238529910000022882e-01
8.803080195535587515e-01
8.435685393817943245e-01
7.820319838029888837e-01
7.401935671238657477e-01
6.700992327541032134e-01
6.528887900257299703e-01
5.983096232166565942e-01
5.864803237178761730e-01
5.549398578239324031e-01
5.213595808071694870e-01
4.720963849167847393e-01
4.637811547119139455e-01
4.225519513994864806e-01
3.918572197349807773e-01
3.453941146870410650e-01
3.332057447157189545e-01
2.960464322538408077e-01
