0.000000000000000000e+00
0.000000000000000000e+00
0.000000000000000000e+00
0.000000000000000000e+00
0.000000000000000000e+00
0.000000000000000000e+00
0.000000000000000000e+00
0.000000000000000000e+00
0.000000000000000000e+00
0.000000000000000000e+00
0.000000000000000000e+00
0.000000000000000000e+00
0.000000000000000000e+00
0.000000000000000000e+00
0.000000000000000000e+00
0.000000000000000000e+00
0.000000000000000000e+00
0.000000000000000000e+00
0.000000000000000000e+00
0.000000000000000000e+00
0.000000000000000000e+00
0.000000000000000000e+00
0.000000000000000000e+00
0.000000000000000000e+00
0.000000000000000000e+00
0.000000000000000000e+00
0.000000000000000000e+00
0.000000000000000000e+00
0.000000000000000000e+00
0.000000000000000000e+00
0.000000000000000000e+00
0.000000000000000000e+00
0.000000000000000000e+00
0.000000000000000000e+00
0.000000000000000000e+00
0.000000000000000000e+00
0.000000000000000000e+00
0.000000000000000000e+00
0.000000000000000000e+00
0.000000000000000000e+00
0.000000000000000000e+00
0.000000000000000000e+00
0.000000000000000000e+00
0.000000000000000000e+00
0.000000000000000000e+00
0.000000000000000000e+00
0.000000000000000000e+00
0.000000000000000000e+00
0.000000000000000000e+00
0.000000000000000000e+00
0.000000000000000000e+00
0.000000000000000000e+00
0.000000000000000000e+00
0.000000000000000000e+00
0.000000000000000000e+00
0.000000000000000000e+00
0.000000000000000000e+00
0.000000000000000000e+00
0.000000000000000000e+00
0.000000000000000000e+00
0.000000000000000000e+00
0.000000000000000000e+00
0.000000000000000000e+00
0.000000000000000000e+00
0.000000000000000000e+00
0.000000000000000000e+00
0.000000000000000000e+00
0.000000000000000000e+00
0.000000000000000000e+00
0.000000000000000000e+00
0.000000000000000000e+00
0.000000000000000000e+00
0.000000000000000000e+00
0.000000000000000000e+00
0.000000000000000000e+00
0.000000000000000000e+00
0.000000000000000000e+00
0.000000000000000000e+00
0.000000000000000000e+00
0.000000000000000000e+00
0.000000000000000000e+00
0.000000000000000000e+00
0.000000000000000000e+00
0.000000000000000000e+00
0.000000000000000000e+00
0.000000000000000000e+00
0.000000000000000000e+00
0.000000000000000000e+00
0.000000000000000000e+00
0.000000000000000000e+00
0.000000000000000000e+00
0.000000000000000000e+00
0.000000000000000000e+00
0.000000000000000000e+00
0.000000000000000000e+00
0.000000000000000000e+00
0.000000000000000000e+00
0.000000000000000000e+00
0.000000000000000000e+00
0.000000000000000000e+00
0.000000000000000000e+00
0.000000000000000000e+00
1.418825950784131755e-02
4.070859489708867490e-02
6.414542427053847307e-02
1.339135928168165013e-01
2.178562077551615406e-01
3.304436662680036996e-01
4.252685307962959516e-01
5.218595165785384626e-01
6.249782528373633017e-01
7.144637496139990551e-01
8.000667981260226602e-01
8.649456061251860062e-01
9.620454495009417295e-01
1.040440269194166323e+00
1.115819166467886703e+00
1.201588290601760312e+00
1.283738923724244030e+00
1.366988455069264363e+00
1.443166276812392512e+00
1.537276434145216975e+00
1.626529395846358916e+00
1.732198408635540421e+00
1.839071235250377079e+00
1.929943556761728241e+00
2.047147929451784698e+00
2.142933356348461604e+00
2.214121830903575283e+00
2.308381762960416417e+00
2.375468605151246138e+00
2.467713590209116958e+00
2.530056537083334778e+00
2.589111596827823103e+00
2.673565394312721111e+00
2.721707989813018091e+00
2.797436215553812833e+00
2.885234306990217767e+00
2.915524972786986968e+00
2.987566327986535875e+00
3.044343640900363468e+00
3.072007218054695787e+00
3.121442960524792642e+00
3.137276392472555742e+00
3.167437325702815443e+00
3.168365374256744804e+00
3.195994949524796347e+00
3.231265157400973642e+00
3.219012804060527699e+00
3.221755286595101353e+00
3.204567055263491504e+00
3.201635560180257301e+00
3.163190524446390928e+00
3.146510998843159435e+00
3.104717321704746791e+00
3.081294472119747940e+00
3.047840599040791520e+00
2.987860679721154877e+00
2.915312445037524292e+00
2.822466258185170496e+00
2.734437170697226804e+00
2.656104357496623880e+00
2.595905920252679522e+00
2.544281076501537342e+00
2.451795587460084747e+00
2.340019257767532057e+00
2.210909078429144525e+00
2.067093366387737330e+00
1.938913724803239980e+00
1.885155110481909313e+00
1.820921252242118316e+00
1.706538752617513977e+00
1.577660282385976220e+00
1.415819736615604452e+00
1.215622361964502351e+00
1.078787884556490884e+00
1.047233744964755076e+00
1.014211535576741596e+00
9.130295988135559426e-01
8.087090109049106523e-01
6.713410092796076034e-01
4.748433390991059766e-01
3.289008553890089837e-01
3.406985117050159717e-01
3.511603672534861498e-01
2.950284594168381402e-01
2.543601666262691463e-01
2.139406754018035595e-01
1.451771886270187550e-01
2.129839598200461703e-01
1.497939096983797180e-01
0.000000000000000000e+00
0.000000000000000000e+00
0.000000000000000000e+00
0.000000000000000000e+00
0.000000000000000000e+00
0.000000000000000000e+00
0.000000000000000000e+00
0.000000000000000000e+00
0.000000000000000000e+00
0.000000000000000000e+00
