0.000000000000000000e+00
0.000000000000000000e+00
0.000000000000000000e+00
0.000000000000000000e+00
0.000000000000000000e+00
0.000000000000000000e+00
0.000000000000000000e+00
0.000000000000000000e+00
0.000000000000000000e+00
0.000000000000000000e+00
0.000000000000000000e+00
0.000000000000000000e+00
0.000000000000000000e+00
0.000000000000000000e+00
0.000000000000000000e+00
0.000000000000000000e+00
0.000000000000000000e+00
0.000000000000000000e+00
0.000000000000000000e+00
0.000000000000000000e+00
0.000000000000000000e+00
0.000000000000000000e+00
0.000000000000000000e+00
0.000000000000000000e+00
0.000000000000000000e+00
0.000000000000000000e+00
0.000000000000000000e+00
0.000000000000000000e+00
0.000000000000000000e+00
0.000000000000000000e+00
0.000000000000000000e+00
0.000000000000000000e+00
0.000000000000000000e+00
0.000000000000000000e+00
0.000000000000000000e+00
0.000000000000000000e+00
0.000000000000000000e+00
0.000000000000000000e+00
0.000000000000000000e+00
0.000000000000000000e+00
0.000000000000000000e+00
0.000000000000000000e+00
0.000000000000000000e+00
0.000000000000000000e+00
0.000000000000000000e+00
0.000000000000000000e+00
0.000000000000000000e+00
0.000000000000000000e+00
0.000000000000000000e+00
0.000000000000000000e+00
0.000000000000000000e+00
0.000000000000000000e+00
0.000000000000000000e+00
0.000000000000000000e+00
0.000000000000000000e+00
0.000000000000000000e+00
0.000000000000000000e+00
0.000000000000000000e+00
0.000000000000000000e+00
0.000000000000000000e+00
0.000000000000000000e+00
0.000000000000000000e+00
0.000000000000000000e+00
0.000000000000000000e+00
0.000000000000000000e+00
0.000000000000000000e+00
0.000000000000000000e+00
0.000000000000000000e+00
0.000000000000000000e+00
0.000000000000000000e+00
0.000000000000000000e+00
0.000000000000000000e+00
0.000000000000000000e+00
0.000000000000000000e+00
0.000000000000000000e+00
0.000000000000000000e+00
0.000000000000000000e+00
0.000000000000000000e+00
0.000000000000000000e+00
0.000000000000000000e+00
0.000000000000000000e+00
0.000000000000000000e+00
0.000000000000000000e+00
0.000000000000000000e+00
0.000000000000000000e+00
0.000000000000000000e+00
0.000000000000000000e+00
0.000000000000000000e+00
0.000000000000000000e+00
0.000000000000000000e+00
0.000000000000000000e+00
0.000000000000000000e+00
0.000000000000000000e+00
0.000000000000000000e+00
0.000000000000000000e+00
0.000000000000000000e+00
0.000000000000000000e+00
0.000000000000000000e+00
0.000000000000000000e+00
0.000000000000000000e+00
1.734811686684953225e+00
1.758957829478018153e+00
1.783654333248978707e+00
1.812339092584313693e+00
1.847496333652483225e+00
1.891029860922029293e+00
1.915531654003580053e+00
1.923750327892532752e+00
1.967712295694862279e+00
1.991744454313966850e+00
2.008348341716556629e+00
2.045479368445988655e+00
2.074873127133161077e+00
2.087214185612148221e+00
2.131103758893782896e+00
2.151120121665642149e+00
2.184047673895478159e+00
2.194568947638123380e+00
2.223999747946661554e+00
2.243431965136807982e+00
2.276769411526211151e+00
2.299703360484115500e+00
2.321410962385541232e+00
2.343782912939490704e+00
2.363044430513633998e+00
2.381073003448962222e+00
2.382034522283784206e+00
2.403839347208301280e+00
2.413891825353812859e+00
2.431941964333536266e+00
2.446563817205435143e+00
2.457497559083490213e+00
2.471289371130033441e+00
2.479307664438217707e+00
2.470670223991111136e+00
2.479431988981693813e+00
2.485156394895900345e+00
2.487886542320959737e+00
2.495025894030249880e+00
2.490397977875002500e+00
2.478603491283892790e+00
2.462500366304078092e+00
2.441289861777895975e+00
2.432814285635138685e+00
2.419768450493985146e+00
2.397292329738661909e+00
2.375153342120890354e+00
2.349961518132964944e+00
2.320731082434659864e+00
2.291593526316446638e+00
2.252881695459463707e+00
2.218810657531614883e+00
2.187579238721660158e+00
2.130119425251955523e+00
2.086212223515833575e+00
2.049874326678276404e+00
1.991585198541007129e+00
1.938940782673282737e+00
1.895754288976937874e+00
1.849638742684402981e+00
1.788633120002682375e+00
1.740908741808999460e+00
1.683352377573756664e+00
1.625779604014167434e+00
1.560490895762502994e+00
1.501425456984795570e+00
1.443039895534382833e+00
1.392660746190574006e+00
1.335806790000857003e+00
1.267588392949857035e+00
1.204131448605593846e+00
1.140259489481649569e+00
1.070997217008985203e+00
1.007505998431301508e+00
9.356133107276004557e-01
8.674475067066721445e-01
7.992928789016574553e-01
7.212755114390850819e-01
6.566682051261601982e-01
5.856062245473381278e-01
5.232121900088611000e-01
4.750727996171669743e-01
4.227940911800327495e-01
3.759770360074807249e-01
3.226582893915276307e-01
2.724445917321928756e-01
2.287793821614355350e-01
1.846860274517080069e-01
1.580847269869767868e-01
9.554832697510964867e-02
1.786848148564332620e-02
0.000000000000000000e+00
0.000000000000000000e+00
0.000000000000000000e+00
0.000000000000000000e+00
0.000000000000000000e+00
0.000000000000000000e+00
0.000000000000000000e+00
0.000000000000000000e+00
0.000000000000000000e+00
0.000000000000000000e+00
