1.420195345556776623e+01
4.676105257781429003e+01
6.885617297881478294e+01
8.250033202991933479e+01
9.173408498180558013e+01
9.750917469204104293e+01
1.014587166179059921e+02
1.039404351323189672e+02
1.051663026753666799e+02
1.060421683955892433e+02
1.057997755660759083e+02
1.053860506141292177e+02
1.044751562156517082e+02
1.035708461848682447e+02
1.019709024306309857e+02
9.986528582998575132e+01
9.877355883626871957e+01
9.673159960555335601e+01
9.509955107216083547e+01
9.283978054469010033e+01
9.133161042932286477e+01
8.969115538189770120e+01
8.745990037481250567e+01
8.587765059908524279e+01
8.370134283989418122e+01
8.191769898253814119e+01
8.042182301667219235e+01
7.872229018460147643e+01
7.638062446228701674e+01
7.506994349983109771e+01
7.300577337048139270e+01
7.123829220351234426e+01
6.976987115137596618e+01
6.816625661216390597e+01
6.655702102968633938e+01
6.479144646831693422e+01
6.281168459883532051e+01
6.162539851624370613e+01
6.017071142134196293e+01
5.885203628284494926e+01
5.701377346630633980e+01
5.566287513679302634e+01
5.425688223880530359e+01
5.291197777131034741e+01
5.121371490727644726e+01
5.037778013345862860e+01
4.903029233699349021e+01
4.744649423293064672e+01
4.611162963884310528e+01
4.510749192249663508e+01
4.350217607413058829e+01
4.207086369378851742e+01
4.085129058579789785e+01
3.974194190805407345e+01
3.864677759316966643e+01
3.719763114632689849e+01
3.597195572508142192e+01
3.501716763296404622e+01
3.342546452985696703e+01
3.314627580339746515e+01
3.205637198062694182e+01
3.118364004763591169e+01
2.952263461253311405e+01
2.809116711663293842e+01
2.736121926696445072e+01
2.629663741432682045e+01
2.523052383025138212e+01
2.451572750957794256e+01
2.394672792551822127e+01
2.299750708369929697e+01
2.189368248230384140e+01
2.039017402138187762e+01
1.977462110930852646e+01
1.886877510719011752e+01
1.851126648722799928e+01
1.775324841826217082e+01
1.651064083745090372e+01
1.617017722406145452e+01
1.514230974996368850e+01
1.393195627605980924e+01
1.346640693245379161e+01
1.276929015490699193e+01
1.199995702420434363e+01
1.151683252947497671e+01
1.085307907852260279e+01
1.011528503895392106e+01
9.549556962743015021e+00
8.681934093652026618e+00
8.320551799198462106e+00
7.590422053733438368e+00
7.427345610538292675e+00
7.114628473657376162e+00
6.675474531832240821e+00
5.945130069356292957e+00
5.877237214643650454e+00
5.314702108246700085e+00
4.951868921275600854e+00
4.293652262503326433e+00
4.097557280036257410e+00
3.776374797395633198e+00
