0.000000000000000000e+00
0.000000000000000000e+00
0.000000000000000000e+00
0.000000000000000000e+00
0.000000000000000000e+00
0.000000000000000000e+00
0.000000000000000000e+00
0.000000000000000000e+00
0.000000000000000000e+00
0.000000000000000000e+00
0.000000000000000000e+00
0.000000000000000000e+00
0.000000000000000000e+00
0.000000000000000000e+00
0.000000000000000000e+00
0.000000000000000000e+00
0.000000000000000000e+00
0.000000000000000000e+00
0.000000000000000000e+00
0.000000000000000000e+00
0.000000000000000000e+00
0.000000000000000000e+00
0.000000000000000000e+00
0.000000000000000000e+00
0.000000000000000000e+00
0.000000000000000000e+00
0.000000000000000000e+00
0.000000000000000000e+00
0.000000000000000000e+00
0.000000000000000000e+00
0.000000000000000000e+00
0.000000000000000000e+00
0.000000000000000000e+00
0.000000000000000000e+00
0.000000000000000000e+00
0.000000000000000000e+00
0.000000000000000000e+00
0.000000000000000000e+00
0.000000000000000000e+00
0.000000000000000000e+00
0.000000000000000000e+00
0.000000000000000000e+00
0.000000000000000000e+00
0.000000000000000000e+00
0.000000000000000000e+00
0.000000000000000000e+00
0.000000000000000000e+00
0.000000000000000000e+00
0.000000000000000000e+00
0.000000000000000000e+00
0.000000000000000000e+00
0.000000000000000000e+00
1.670667450339539256e-02
1.523301331033317073e-02
3.419354196907633398e-02
3.288048669256907197e-02
3.142977358595611115e-02
6.431583616715187690e-02
4.845357144170323038e-02
6.180876813055913993e-02
8.729330588358216736e-02
7.157657883300662383e-02
6.896625711703706363e-02
1.018118850086708466e-01
1.112268445078843371e-01
1.195427875679897500e-01
1.563134971381244243e-01
1.790774310843410155e-01
1.854770439647689673e-01
2.482923295814338516e-01
2.881181067300683241e-01
3.321885298808549547e-01
3.858813670400187967e-01
4.301017427815525540e-01
4.866688073934604675e-01
5.266249956478685768e-01
5.909819235299087481e-01
6.539586991775954150e-01
6.964420611720812948e-01
7.766389916755888079e-01
8.101383126909740273e-01
8.737338178712640291e-01
9.322300858219684239e-01
9.812084274059574840e-01
1.041748907406068181e+00
1.079284779017708695e+00
1.112646750899991988e+00
1.169092985511724025e+00
1.226280956461948124e+00
1.252593111841286744e+00
1.308464129386778918e+00
1.339071451485245756e+00
1.375536204215922043e+00
1.424194007292306718e+00
1.435549216719849586e+00
1.498802716593215401e+00
1.543097461244550939e+00
1.586919516864377711e+00
1.620379987601761052e+00
1.706204720235024341e+00
1.735513978518371747e+00
1.792805081790903809e+00
1.857948906060360672e+00
1.917380411880884594e+00
1.972016091472626576e+00
2.009435682054040662e+00
2.070072113766221023e+00
2.117403693887225380e+00
2.187822546870601848e+00
2.237972756337911040e+00
2.291586698790175625e+00
2.312604633703020163e+00
2.381353047134881162e+00
2.594453021447072238e+00
2.775641654001726355e+00
2.843898576660779831e+00
2.904259007869810283e+00
2.903082763766301699e+00
2.903187575708396029e+00
2.882526406659789764e+00
2.848204362880185858e+00
2.790403451817788483e+00
2.798096749892629020e+00
2.739803583083277427e+00
2.727557659258033507e+00
2.763453667187576901e+00
2.815840429796645950e+00
2.832265334740086349e+00
2.813951693595509784e+00
2.836404649984993753e+00
2.837332050559160823e+00
2.821227151178322679e+00
2.799450651790903688e+00
2.749506880211992854e+00
2.740405108125460565e+00
2.704475706890603348e+00
2.666441137849969945e+00
2.628020332115422075e+00
2.593499612207783134e+00
2.552310140944973771e+00
2.503829842980386466e+00
2.456345633250861749e+00
2.403204695092873600e+00
2.370660998679428033e+00
2.317868299690549083e+00
2.243095257005497167e+00
2.172580005055436470e+00
2.108090735143816730e+00
2.025209982897568040e+00
1.969106821553156417e+00
1.910282221014802051e+00
1.843834419769312838e+00
1.777040122863631888e+00
1.708117411845946565e+00
1.637852850186423348e+00
1.572894699340434466e+00
1.527457498110004863e+00
1.450328479378994118e+00
1.374491194306659780e+00
1.292543287751963144e+00
1.222771859952573870e+00
1.153740825288117611e+00
1.093196811778242905e+00
1.020251870283195084e+00
9.554443970327811675e-01
8.850305306684738138e-01
8.279438829818449586e-01
7.543319879767128588e-01
6.926841088211493913e-01
6.287080652977212747e-01
5.692440907750208057e-01
5.084267333503518227e-01
4.526217281643634127e-01
4.066928195836779225e-01
3.616867869702820038e-01
3.255879569560259923e-01
2.883325394210160542e-01
2.453413139832832934e-01
2.040779732394131241e-01
1.677191354443662297e-01
1.375036378823545069e-01
1.179930632141231867e-01
1.068328050059306894e-01
9.392171192952648850e-02
7.841976175988563114e-02
6.716176481823342426e-02
5.565034911945553747e-02
4.582555800684581099e-02
3.722136910529084269e-02
2.525086088216973654e-02
1.826328073827428655e-03
0.000000000000000000e+00
0.000000000000000000e+00
0.000000000000000000e+00
0.000000000000000000e+00
0.000000000000000000e+00
0.000000000000000000e+00
0.000000000000000000e+00
0.000000000000000000e+00
0.000000000000000000e+00
0.000000000000000000e+00
