9.314592138186742476e-01
3.373768695956409935e+00
5.095771611960382863e+00
6.159600347373484830e+00
6.891795559526817883e+00
7.361352200699187165e+00
7.689011257806499522e+00
7.898311037533353840e+00
8.006507489049951687e+00
8.084594889494473691e+00
8.076435341361580811e+00
8.052295513808616079e+00
7.989231115669650940e+00
7.925310732855292528e+00
7.807835813636139655e+00
7.649475453894955201e+00
7.569714540457118446e+00
7.413990802495233901e+00
7.291538563517629079e+00
7.119422056039055313e+00
7.004805958241327346e+00
6.879632396441891729e+00
6.709719651966450371e+00
6.588719713395874145e+00
6.422726401540105101e+00
6.285747458643313301e+00
6.171357575680920249e+00
6.041689306565933393e+00
5.862638816362748528e+00
5.762092531655031102e+00
5.603747642891319103e+00
5.467850392573681440e+00
5.355205289327733098e+00
5.233152382304944616e+00
5.109076493205154001e+00
4.974525594149642238e+00
4.822289624528083962e+00
4.730861711204346065e+00
4.619630205243081100e+00
4.518845233398740113e+00
4.377480178994981763e+00
4.273822447121378154e+00
4.166204213977601434e+00
4.062871270729115913e+00
3.932424409848835900e+00
3.867747733895652296e+00
3.765198072616527725e+00
3.643038701985964689e+00
3.540706534956852725e+00
3.463268650096393841e+00
3.340571132620161698e+00
3.230504641184400061e+00
3.137129559415967162e+00
3.051435738024049105e+00
2.967628971579664654e+00
2.856946723556736956e+00
2.762129903046791846e+00
2.689088749702493786e+00
2.566852381078950973e+00
2.545721113403514924e+00
2.460637895501640582e+00
2.393884106082680763e+00
2.266668038616075798e+00
2.156560471303364590e+00
2.100944407840403372e+00
2.017911840303669102e+00
1.936991983256577177e+00
1.881885006035133090e+00
1.837797331766839681e+00
1.764546817630477715e+00
1.680447130542964684e+00
1.564418239996234528e+00
1.517398535809472815e+00
1.447862082031474706e+00
1.420279626227223257e+00
1.362034851231269883e+00
1.266841720949847705e+00
1.240207479661051826e+00
1.161995801310633736e+00
1.069035671032902091e+00
1.033505435358027524e+00
9.798369199424660225e-01
9.211245280207025488e-01
8.832533895381105005e-01
8.325371135024292046e-01
7.760360247805841993e-01
7.324598423531717417e-01
6.657858026215978109e-01
6.381335939683568936e-01
5.820193694198907419e-01
5.698331854839092658e-01
5.450792447046254319e-01
5.116539943634966781e-01
4.563117356676189007e-01
4.509052976199429685e-01
4.074811961396408999e-01
3.790373193909541971e-01
3.291219487989692216e-01
3.149380123353688887e-01
2.894646419849332131e-01
