0.000000000000000000e+00
0.000000000000000000e+00
0.000000000000000000e+00
0.000000000000000000e+00
0.000000000000000000e+00
0.000000000000000000e+00
0.000000000000000000e+00
0.000000000000000000e+00
0.000000000000000000e+00
0.000000000000000000e+00
0.000000000000000000e+00
0.000000000000000000e+00
0.000000000000000000e+00
0.000000000000000000e+00
0.000000000000000000e+00
0.000000000000000000e+00
0.000000000000000000e+00
0.000000000000000000e+00
0.000000000000000000e+00
0.000000000000000000e+00
0.000000000000000000e+00
0.000000000000000000e+00
0.000000000000000000e+00
0.000000000000000000e+00
0.000000000000000000e+00
0.000000000000000000e+00
0.000000000000000000e+00
0.000000000000000000e+00
0.000000000000000000e+00
0.000000000000000000e+00
0.000000000000000000e+00
0.000000000000000000e+00
0.000000000000000000e+00
0.000000000000000000e+00
0.000000000000000000e+00
0.000000000000000000e+00
0.000000000000000000e+00
0.000000000000000000e+00
0.000000000000000000e+00
0.000000000000000000e+00
0.000000000000000000e+00
0.000000000000000000e+00
0.000000000000000000e+00
0.000000000000000000e+00
0.000000000000000000e+00
0.000000000000000000e+00
0.000000000000000000e+00
0.000000000000000000e+00
0.000000000000000000e+00
0.000000000000000000e+00
0.000000000000000000e+00
0.000000000000000000e+00
0.000000000000000000e+00
0.000000000000000000e+00
0.000000000000000000e+00
0.000000000000000000e+00
0.000000000000000000e+00
0.000000000000000000e+00
0.000000000000000000e+00
0.000000000000000000e+00
0.000000000000000000e+00
0.000000000000000000e+00
0.000000000000000000e+00
0.000000000000000000e+00
0.000000000000000000e+00
0.000000000000000000e+00
0.000000000000000000e+00
0.000000000000000000e+00
0.000000000000000000e+00
0.000000000000000000e+00
0.000000000000000000e+00
0.000000000000000000e+00
0.000000000000000000e+00
0.000000000000000000e+00
0.000000000000000000e+00
0.000000000000000000e+00
0.000000000000000000e+00
0.000000000000000000e+00
0.000000000000000000e+00
0.000000000000000000e+00
0.000000000000000000e+00
0.000000000000000000e+00
0.000000000000000000e+00
0.000000000000000000e+00
0.000000000000000000e+00
0.000000000000000000e+00
0.000000000000000000e+00
0.000000000000000000e+00
0.000000000000000000e+00
0.000000000000000000e+00
0.000000000000000000e+00
0.000000000000000000e+00
0.000000000000000000e+00
0.000000000000000000e+00
0.000000000000000000e+00
0.000000000000000000e+00
0.000000000000000000e+00
0.000000000000000000e+00
0.000000000000000000e+00
0.000000000000000000e+00
2.394041940230683352e+01
2.457223791874837104e+01
2.512082355811786272e+01
2.560096784829294236e+01
2.592766919630943434e+01
2.643912918894555020e+01
2.705989757907387983e+01
2.773099690256007577e+01
2.811025599893692117e+01
2.843290036805827015e+01
2.902249535420279614e+01
2.938978462968104211e+01
3.021908232825787266e+01
3.025756798175869378e+01
3.112381119536143359e+01
3.149027301932488143e+01
3.174008249290529449e+01
3.222266522410888001e+01
3.286614403249414096e+01
3.309919797478876546e+01
3.351336552540635694e+01
3.399771942818571802e+01
3.432867847105589476e+01
3.484707546512593979e+01
3.499846307438818371e+01
3.501443201607455080e+01
3.549086648825827695e+01
3.569250709145391198e+01
3.586837591909458212e+01
3.614924249826114533e+01
3.628717867214935211e+01
3.636768698825876100e+01
3.657872485447310140e+01
3.655051838441413992e+01
3.661494127979914026e+01
3.642636832537587566e+01
3.637921156051723415e+01
3.625772051148961594e+01
3.595766715896743904e+01
3.600422721113732649e+01
3.576932357561384634e+01
3.545673290336227979e+01
3.500833851074926173e+01
3.463513882465040439e+01
3.436356227015014042e+01
3.370029626624772590e+01
3.335986613197194828e+01
3.279347238543208221e+01
3.224842487126299062e+01
3.155088958424809320e+01
3.082970642069987122e+01
3.002287267760899070e+01
2.931718141789458087e+01
2.841368548212712497e+01
2.761444627457593270e+01
2.658174383783609329e+01
2.563998902181472417e+01
2.476779197970918744e+01
2.371171606708407609e+01
2.272925795531428861e+01
2.173947841155704452e+01
2.058308125908730801e+01
1.960249011691345444e+01
1.843947353089511765e+01
1.734610063861940787e+01
1.622190160757586241e+01
1.521826758133705049e+01
1.421435659674153484e+01
1.318220646812680208e+01
1.205310701161802989e+01
1.100349399993190502e+01
9.882117688881644213e+00
8.873538804732637786e+00
7.933190541004229601e+00
7.246275062505249664e+00
6.522834318687727340e+00
5.696568873672033462e+00
4.894269182083415437e+00
4.072857735421556491e+00
3.290069302619947678e+00
2.696958079770272576e+00
2.328492828223912348e+00
2.119529954257948212e+00
1.892571082358787571e+00
1.610564129758732532e+00
1.352437734107436063e+00
1.124522023866876719e+00
9.434067062826381189e-01
8.062403615837820947e-01
5.059957363343339232e-01
6.835177420842572515e-02
0.000000000000000000e+00
0.000000000000000000e+00
0.000000000000000000e+00
0.000000000000000000e+00
0.000000000000000000e+00
0.000000000000000000e+00
0.000000000000000000e+00
0.000000000000000000e+00
0.000000000000000000e+00
0.000000000000000000e+00
