3.109756918563811823e+01
8.795638415358534701e+01
1.181920239597377957e+02
1.340107538454914788e+02
1.431142628269331283e+02
1.474610290353549260e+02
1.490824856977891386e+02
1.490357416037859650e+02
1.473904605623130806e+02
1.454961460642769566e+02
1.425472819553305612e+02
1.395292055645994651e+02
1.363027486261898105e+02
1.332603393685737672e+02
1.293167977680759293e+02
1.255164576364354616e+02
1.225416711438478643e+02
1.187515846234799994e+02
1.158014007575694961e+02
1.120140856787261612e+02
1.090816839216149390e+02
1.062229008424518497e+02
1.027926223533840471e+02
1.003572285158896165e+02
9.730687272898441620e+01
9.446164492869051799e+01
9.228203769767513620e+01
8.976479527987231677e+01
8.669209671596199485e+01
8.476895932826141689e+01
8.205026054404544311e+01
7.966062097125970354e+01
7.770401902385005144e+01
7.548120827396499521e+01
7.359335472085098218e+01
7.128132119635836261e+01
6.893307160374837395e+01
6.739806382378355920e+01
6.571543113610745479e+01
6.405756354867536118e+01
6.191758392270145350e+01
6.029086308943892902e+01
5.859056344644054803e+01
5.714602304739104000e+01
5.511081738672574915e+01
5.407626994445799795e+01
5.257941515527768672e+01
5.067772909025497086e+01
4.934503493955315889e+01
4.824931300808954404e+01
4.655951448635604351e+01
4.490635948555224388e+01
4.345134171537758050e+01
4.210823244645671082e+01
4.107388949678104950e+01
3.969902308339028707e+01
3.824674269622238398e+01
3.722248798557308191e+01
3.545900655903653131e+01
3.524408537900481520e+01
3.388103434616919429e+01
3.297266795350629565e+01
3.122023061001072364e+01
2.992289832830713436e+01
2.901609073410948270e+01
2.799744453417882539e+01
2.684131283184394690e+01
2.610830325998405144e+01
2.548103382960970364e+01
2.432130111656300642e+01
2.323278215648167944e+01
2.175541422190215712e+01
2.109861541201955504e+01
2.045959474358516417e+01
1.984600298522931183e+01
1.910889573423012067e+01
1.781711107069819278e+01
1.737258151561623265e+01
1.635623384072916053e+01
1.511892232252486501e+01
1.462480413286231951e+01
1.387819040241789104e+01
1.303860475766027349e+01
1.238479267570307307e+01
1.198621546912795033e+01
1.111222895948720435e+01
1.051727969182427103e+01
9.540096535938863198e+00
9.352234187477799665e+00
8.593014968792950015e+00
8.378331936278659242e+00
7.907981572321949315e+00
7.461164803553541169e+00
6.780073218416407421e+00
6.643762456716000742e+00
6.045036350386547852e+00
5.657322041620644448e+00
4.993905139789274195e+00
4.854338506314428869e+00
4.239410265812528777e+00
