0.000000000000000000e+00
0.000000000000000000e+00
0.000000000000000000e+00
0.000000000000000000e+00
0.000000000000000000e+00
0.000000000000000000e+00
0.000000000000000000e+00
0.000000000000000000e+00
0.000000000000000000e+00
0.000000000000000000e+00
0.000000000000000000e+00
0.000000000000000000e+00
0.000000000000000000e+00
0.000000000000000000e+00
0.000000000000000000e+00
0.000000000000000000e+00
0.000000000000000000e+00
0.000000000000000000e+00
0.000000000000000000e+00
0.000000000000000000e+00
0.000000000000000000e+00
0.000000000000000000e+00
0.000000000000000000e+00
0.000000000000000000e+00
0.000000000000000000e+00
0.000000000000000000e+00
0.000000000000000000e+00
0.000000000000000000e+00
0.000000000000000000e+00
0.000000000000000000e+00
0.000000000000000000e+00
0.000000000000000000e+00
0.000000000000000000e+00
0.000000000000000000e+00
0.000000000000000000e+00
0.000000000000000000e+00
0.000000000000000000e+00
0.000000000000000000e+00
0.000000000000000000e+00
0.000000000000000000e+00
0.000000000000000000e+00
0.000000000000000000e+00
0.000000000000000000e+00
0.000000000000000000e+00
0.000000000000000000e+00
0.000000000000000000e+00
0.000000000000000000e+00
0.000000000000000000e+00
0.000000000000000000e+00
0.000000000000000000e+00
0.000000000000000000e+00
0.000000000000000000e+00
0.000000000000000000e+00
0.000000000000000000e+00
0.000000000000000000e+00
0.000000000000000000e+00
0.000000000000000000e+00
0.000000000000000000e+00
0.000000000000000000e+00
0.000000000000000000e+00
0.000000000000000000e+00
0.000000000000000000e+00
0.000000000000000000e+00
0.000000000000000000e+00
0.000000000000000000e+00
0.000000000000000000e+00
0.000000000000000000e+00
0.000000000000000000e+00
0.000000000000000000e+00
0.000000000000000000e+00
0.000000000000000000e+00
0.000000000000000000e+00
0.000000000000000000e+00
0.000000000000000000e+00
0.000000000000000000e+00
0.000000000000000000e+00
0.000000000000000000e+00
0.000000000000000000e+00
0.000000000000000000e+00
0.000000000000000000e+00
0.000000000000000000e+00
0.000000000000000000e+00
0.000000000000000000e+00
0.000000000000000000e+00
0.000000000000000000e+00
0.000000000000000000e+00
0.000000000000000000e+00
0.000000000000000000e+00
0.000000000000000000e+00
0.000000000000000000e+00
0.000000000000000000e+00
0.000000000000000000e+00
0.000000000000000000e+00
0.000000000000000000e+00
0.000000000000000000e+00
0.000000000000000000e+00
0.000000000000000000e+00
0.000000000000000000e+00
0.000000000000000000e+00
0.000000000000000000e+00
6.781325563255033728e+01
6.841165263664912288e+01
6.897429809092287201e+01
6.994212011470334289e+01
7.094410475238706226e+01
7.246271204975435865e+01
7.293318788196214086e+01
7.285470562554300500e+01
7.415419738904354574e+01
7.476423191071445729e+01
7.497187436015612150e+01
7.601335477797218232e+01
7.669035848321432525e+01
7.668937113080684753e+01
7.784133230720212282e+01
7.829633504652873910e+01
7.881723121555550904e+01
7.889653358186416199e+01
7.930725299713974152e+01
7.941747218820810872e+01
8.006011747936928202e+01
8.042352636686483436e+01
8.060404175899657275e+01
8.086385859307887358e+01
8.086073581424112433e+01
8.084349398854814694e+01
8.030008391988366157e+01
8.036297397403615150e+01
7.991910391489555820e+01
7.992344825565852773e+01
7.968218022027507175e+01
7.930799500927251700e+01
7.900628607693045069e+01
7.845976454121210963e+01
7.737491429452389013e+01
7.679692738897506388e+01
7.621151195903097175e+01
7.554301955783267886e+01
7.492410825272062880e+01
7.385456689535529051e+01
7.265747911777376089e+01
7.142126063880928655e+01
6.990949938170786027e+01
6.895627813983074361e+01
6.771428460769540436e+01
6.632569611987406688e+01
6.491780838693621547e+01
6.340061397055079340e+01
6.185210242636965461e+01
6.026140634014783615e+01
5.849938401658664588e+01
5.694753778743943684e+01
5.539301083523018576e+01
5.319412486192349121e+01
5.136486383711800130e+01
4.970784055086603814e+01
4.754030687897407148e+01
4.551407236660830335e+01
4.380674338210539531e+01
4.207881964976849076e+01
4.002022650193295306e+01
3.827233482043912005e+01
3.626058181022635551e+01
3.420407971450431717e+01
3.210496281753616898e+01
3.014518275528679325e+01
2.831712170500138370e+01
2.672644959098174411e+01
2.501297977043807208e+01
2.300049095504778762e+01
2.116666850890566920e+01
1.938862317955843650e+01
1.757474498649464323e+01
1.606263849974825320e+01
1.452845251987985087e+01
1.311403657386106936e+01
1.167353752052773253e+01
1.006977252095746422e+01
8.698487068297344749e+00
7.310578076400251923e+00
6.175423645374997328e+00
5.532833825065118560e+00
4.962727550554197897e+00
4.436498558197893516e+00
3.788301155119140340e+00
3.199586336558105426e+00
2.693408483327337066e+00
2.179953502285452149e+00
1.860255529093815641e+00
1.122830930242537217e+00
2.099802679407556105e-01
0.000000000000000000e+00
0.000000000000000000e+00
0.000000000000000000e+00
0.000000000000000000e+00
0.000000000000000000e+00
0.000000000000000000e+00
0.000000000000000000e+00
0.000000000000000000e+00
0.000000000000000000e+00
0.000000000000000000e+00
