1.552076090811535636e+00
4.455531779550189420e+00
5.916891911911887014e+00
6.578383716998270181e+00
6.858174896568112189e+00
6.899010017340500234e+00
6.824380991518297357e+00
6.683747754956156584e+00
6.468956537062281242e+00
6.237875164237129511e+00
5.985006224173872624e+00
5.734746579661925914e+00
5.503594522665156141e+00
5.251164114641867720e+00
4.994893699069039350e+00
4.796779130663237467e+00
4.587062515989846823e+00
4.380448082002060595e+00
4.151678622642036132e+00
3.969034509766744545e+00
3.807089504130254376e+00
3.638760398369053295e+00
3.476729916235020479e+00
3.325417962154120666e+00
3.175507492712633884e+00
3.030563710718290782e+00
2.904362109911945655e+00
2.772496230349699609e+00
2.655692429609485483e+00
2.548534124032164616e+00
2.431889125497592286e+00
2.332079891803419347e+00
2.221487683316088813e+00
2.161544642476191935e+00
2.055540278655073383e+00
1.986867145294165304e+00
1.878967559016152977e+00
1.808470756667284185e+00
1.743965141248914330e+00
1.647464754467982573e+00
1.594594973183038222e+00
1.513266773291926270e+00
1.473660399955226685e+00
1.398438152613251884e+00
1.324539577665063250e+00
1.291669450325162893e+00
1.202708610438244063e+00
1.174143297179531809e+00
1.130895564390895558e+00
1.086064166791919083e+00
1.047101911219416870e+00
9.819901082838117246e-01
9.390862148606822224e-01
8.920198712560529763e-01
8.437022281329503715e-01
8.244488325827732389e-01
7.806930153660418537e-01
7.221555833431546612e-01
7.123298109566260639e-01
6.881538076636413148e-01
6.389322084791859702e-01
5.931125928279545878e-01
5.914802659164596355e-01
5.572977771795197821e-01
5.269949580228150410e-01
5.038002714011300398e-01
4.969669211236585338e-01
4.461082406785549237e-01
4.424642615913140786e-01
4.262531270345535916e-01
4.070120409155033592e-01
3.666744263640153711e-01
3.594781560323796477e-01
3.289336935423301522e-01
2.979136348988789540e-01
2.983469846189750196e-01
2.881878574110778857e-01
2.844221749498931917e-01
2.498223196287952808e-01
2.280412259367293748e-01
2.332658239760683483e-01
2.109791963349376687e-01
1.996877311983287773e-01
2.031283959536232808e-01
1.833166673769577593e-01
1.643999430512472770e-01
1.569428964819243322e-01
1.391706315164442098e-01
1.225958236200863916e-01
1.326307809202362242e-01
1.165783939131814911e-01
1.291980205388499614e-01
1.119024189815530090e-01
1.047441698477790117e-01
1.017659123645511948e-01
9.849599352165180899e-02
6.774170430665601983e-02
7.044006903453879642e-02
8.196752375286336934e-02
6.552614237310844247e-02
