0.000000000000000000e+00
0.000000000000000000e+00
0.000000000000000000e+00
0.000000000000000000e+00
0.000000000000000000e+00
0.000000000000000000e+00
0.000000000000000000e+00
0.000000000000000000e+00
0.000000000000000000e+00
0.000000000000000000e+00
0.000000000000000000e+00
0.000000000000000000e+00
0.000000000000000000e+00
0.000000000000000000e+00
0.000000000000000000e+00
0.000000000000000000e+00
0.000000000000000000e+00
0.000000000000000000e+00
0.000000000000000000e+00
0.000000000000000000e+00
0.000000000000000000e+00
0.000000000000000000e+00
0.000000000000000000e+00
0.000000000000000000e+00
0.000000000000000000e+00
0.000000000000000000e+00
0.000000000000000000e+00
0.000000000000000000e+00
0.000000000000000000e+00
0.000000000000000000e+00
0.000000000000000000e+00
0.000000000000000000e+00
0.000000000000000000e+00
0.000000000000000000e+00
0.000000000000000000e+00
0.000000000000000000e+00
0.000000000000000000e+00
0.000000000000000000e+00
0.000000000000000000e+00
0.000000000000000000e+00
0.000000000000000000e+00
0.000000000000000000e+00
0.000000000000000000e+00
0.000000000000000000e+00
0.000000000000000000e+00
0.000000000000000000e+00
0.000000000000000000e+00
0.000000000000000000e+00
0.000000000000000000e+00
0.000000000000000000e+00
0.000000000000000000e+00
0.000000000000000000e+00
0.000000000000000000e+00
0.000000000000000000e+00
0.000000000000000000e+00
0.000000000000000000e+00
0.000000000000000000e+00
0.000000000000000000e+00
0.000000000000000000e+00
0.000000000000000000e+00
0.000000000000000000e+00
0.000000000000000000e+00
0.000000000000000000e+00
0.000000000000000000e+00
0.000000000000000000e+00
0.000000000000000000e+00
0.000000000000000000e+00
0.000000000000000000e+00
0.000000000000000000e+00
0.000000000000000000e+00
0.000000000000000000e+00
0.000000000000000000e+00
0.000000000000000000e+00
0.000000000000000000e+00
0.000000000000000000e+00
0.000000000000000000e+00
0.000000000000000000e+00
0.000000000000000000e+00
0.000000000000000000e+00
0.000000000000000000e+00
0.000000000000000000e+00
0.000000000000000000e+00
0.000000000000000000e+00
0.000000000000000000e+00
0.000000000000000000e+00
0.000000000000000000e+00
0.000000000000000000e+00
0.000000000000000000e+00
0.000000000000000000e+00
0.000000000000000000e+00
0.000000000000000000e+00
0.000000000000000000e+00
0.000000000000000000e+00
0.000000000000000000e+00
0.000000000000000000e+00
0.000000000000000000e+00
0.000000000000000000e+00
0.000000000000000000e+00
0.000000000000000000e+00
0.000000000000000000e+00
0.000000000000000000e+00
0.000000000000000000e+00
2.337820548489781824e-01
6.707386557152398288e-01
1.054480729289586138e+00
2.197239920092203036e+00
3.564314310250125573e+00
5.396472460795259884e+00
6.931253867404008950e+00
8.488430674356308714e+00
1.014770144381212624e+01
1.158388810919300660e+01
1.295304304184991295e+01
1.398605650019025681e+01
1.553648131396504795e+01
1.678092181718379905e+01
1.797252465819233436e+01
1.932077175987192419e+01
2.058339344733963117e+01
2.183287970344850493e+01
2.294101607012569843e+01
2.432383549184085680e+01
2.561268399892127690e+01
2.714249674929239831e+01
2.867143332886676532e+01
2.994902692841063896e+01
3.167105775986912874e+01
3.306267496929717709e+01
3.407817461821578320e+01
3.542012020849983145e+01
3.630590807467356029e+01
3.756337299505595695e+01
3.832826723786660494e+01
3.899534786564942124e+01
4.001641679639509164e+01
4.041390394182542423e+01
4.118980967403997795e+01
4.210994103736612715e+01
4.215318938008544336e+01
4.289136122723657252e+01
4.341705057278549162e+01
4.355546453406752505e+01
4.399867014344989258e+01
4.388560139864674881e+01
4.394370476419241811e+01
4.353096925645201765e+01
4.350916881727307839e+01
4.377389269796513105e+01
4.344999472056383638e+01
4.330400224465974190e+01
4.281242104551789396e+01
4.247787974331051686e+01
4.162949891691246052e+01
4.106407903389753500e+01
4.020801434665402496e+01
3.963590264537833718e+01
3.889033598076552067e+01
3.770927651742055531e+01
3.629075428940757320e+01
3.453720059101882356e+01
3.289501227510185544e+01
3.172997581833645953e+01
3.129075306054364702e+01
3.105781863704161339e+01
3.022354894089740185e+01
2.925426556355910179e+01
2.820247442764118517e+01
2.700459226627954124e+01
2.578687968307246692e+01
2.512579380767406434e+01
2.431333940665045645e+01
2.304106678206756342e+01
2.157732568962174469e+01
1.975788535704094784e+01
1.754019499173161023e+01
1.609713743693527377e+01
1.578960634927997830e+01
1.547541631483805880e+01
1.444986908875766574e+01
1.342314862332587921e+01
1.219606586763191913e+01
1.060659176566879225e+01
9.504012760347938737e+00
9.116436692248937490e+00
8.670435586116781224e+00
7.704266408504265584e+00
6.691566815910681143e+00
5.644756411895567538e+00
3.830487917049732349e+00
5.619563874542883752e+00
3.952299714395325125e+00
0.000000000000000000e+00
0.000000000000000000e+00
0.000000000000000000e+00
0.000000000000000000e+00
0.000000000000000000e+00
0.000000000000000000e+00
0.000000000000000000e+00
0.000000000000000000e+00
0.000000000000000000e+00
0.000000000000000000e+00
