0.000000000000000000e+00
0.000000000000000000e+00
0.000000000000000000e+00
0.000000000000000000e+00
0.000000000000000000e+00
0.000000000000000000e+00
0.000000000000000000e+00
0.000000000000000000e+00
0.000000000000000000e+00
0.000000000000000000e+00
0.000000000000000000e+00
0.000000000000000000e+00
0.000000000000000000e+00
0.000000000000000000e+00
0.000000000000000000e+00
0.000000000000000000e+00
0.000000000000000000e+00
0.000000000000000000e+00
0.000000000000000000e+00
0.000000000000000000e+00
0.000000000000000000e+00
0.000000000000000000e+00
0.000000000000000000e+00
0.000000000000000000e+00
0.000000000000000000e+00
0.000000000000000000e+00
0.000000000000000000e+00
0.000000000000000000e+00
0.000000000000000000e+00
0.000000000000000000e+00
0.000000000000000000e+00
0.000000000000000000e+00
0.000000000000000000e+00
0.000000000000000000e+00
0.000000000000000000e+00
0.000000000000000000e+00
0.000000000000000000e+00
0.000000000000000000e+00
0.000000000000000000e+00
0.000000000000000000e+00
0.000000000000000000e+00
0.000000000000000000e+00
0.000000000000000000e+00
0.000000000000000000e+00
0.000000000000000000e+00
0.000000000000000000e+00
0.000000000000000000e+00
0.000000000000000000e+00
0.000000000000000000e+00
0.000000000000000000e+00
0.000000000000000000e+00
0.000000000000000000e+00
0.000000000000000000e+00
0.000000000000000000e+00
0.000000000000000000e+00
0.000000000000000000e+00
0.000000000000000000e+00
0.000000000000000000e+00
0.000000000000000000e+00
0.000000000000000000e+00
0.000000000000000000e+00
0.000000000000000000e+00
0.000000000000000000e+00
0.000000000000000000e+00
0.000000000000000000e+00
0.000000000000000000e+00
0.000000000000000000e+00
0.000000000000000000e+00
0.000000000000000000e+00
0.000000000000000000e+00
0.000000000000000000e+00
0.000000000000000000e+00
0.000000000000000000e+00
0.000000000000000000e+00
0.000000000000000000e+00
0.000000000000000000e+00
0.000000000000000000e+00
0.000000000000000000e+00
0.000000000000000000e+00
0.000000000000000000e+00
0.000000000000000000e+00
0.000000000000000000e+00
0.000000000000000000e+00
0.000000000000000000e+00
0.000000000000000000e+00
0.000000000000000000e+00
0.000000000000000000e+00
0.000000000000000000e+00
0.000000000000000000e+00
0.000000000000000000e+00
0.000000000000000000e+00
0.000000000000000000e+00
0.000000000000000000e+00
0.000000000000000000e+00
0.000000000000000000e+00
0.000000000000000000e+00
0.000000000000000000e+00
0.000000000000000000e+00
0.000000000000000000e+00
0.000000000000000000e+00
0.000000000000000000e+00
0.000000000000000000e+00
1.867446209618409125e-01
5.357742204261346508e-01
8.438693607348215497e-01
1.760535971275636546e+00
2.860806801554847123e+00
4.334979301678713703e+00
5.573772666463381320e+00
6.834254911442244840e+00
8.180321464218687666e+00
9.349433678353607391e+00
1.046900369366755967e+01
1.131929159054035416e+01
1.259240120357502590e+01
1.362169094234951494e+01
1.461181138041664873e+01
1.573566667219649773e+01
1.680733492900467141e+01
1.788748794091569394e+01
1.887100022763575069e+01
2.008783254820147235e+01
2.124048908553313098e+01
2.260543614494568843e+01
2.398467721734419200e+01
2.515840995028026228e+01
2.668538474115903725e+01
2.793973611256879863e+01
2.887678726811205721e+01
3.011245925757564024e+01
3.098813456718396964e+01
3.218722744071216368e+01
3.298824915807522018e+01
3.373401588311035226e+01
3.479799747497800411e+01
3.537428195610227988e+01
3.630260597889332530e+01
3.738573767160987416e+01
3.772492756806258285e+01
3.862380300052083726e+01
3.933572988983683416e+01
3.968217865737069872e+01
4.031368722252363312e+01
4.050690456532432648e+01
4.088752164780554921e+01
4.088642223688399469e+01
4.122474168469464217e+01
4.166257248630916621e+01
4.148404880626132751e+01
4.149633734370289773e+01
4.124814195720482246e+01
4.117947494747411241e+01
4.064997501692317883e+01
4.040182156676199554e+01
3.983847209453490024e+01
3.951971797148974730e+01
3.907004982010391103e+01
3.827209659284056187e+01
3.730865054125956704e+01
3.607979816305469001e+01
3.491285161438845108e+01
3.388340747156216537e+01
3.310590779547381146e+01
3.243914976721286791e+01
3.123925460193471793e+01
2.979188333294855084e+01
2.811816996468044394e+01
2.625433923374237111e+01
2.460037379715509687e+01
2.391424342241653278e+01
2.309568635055619268e+01
2.162883426269847575e+01
1.997734954105664329e+01
1.790151233880328618e+01
1.533079712665395533e+01
1.357144177385180939e+01
1.317226996144588114e+01
1.275503918314955953e+01
1.146036254073682414e+01
1.012599591680234212e+01
8.361542052844143313e+00
5.815710616832094892e+00
3.889030053516446372e+00
4.080183924325738509e+00
4.252494942358169716e+00
3.545945649845973158e+00
3.053891997857961282e+00
2.567508929278901508e+00
1.742273835405457882e+00
2.556024014963280244e+00
1.797679181135513060e+00
0.000000000000000000e+00
0.000000000000000000e+00
0.000000000000000000e+00
0.000000000000000000e+00
0.000000000000000000e+00
0.000000000000000000e+00
0.000000000000000000e+00
0.000000000000000000e+00
0.000000000000000000e+00
0.000000000000000000e+00
