0.000000000000000000e+00
0.000000000000000000e+00
0.000000000000000000e+00
0.000000000000000000e+00
0.000000000000000000e+00
0.000000000000000000e+00
0.000000000000000000e+00
0.000000000000000000e+00
0.000000000000000000e+00
0.000000000000000000e+00
0.000000000000000000e+00
0.000000000000000000e+00
0.000000000000000000e+00
0.000000000000000000e+00
0.000000000000000000e+00
0.000000000000000000e+00
0.000000000000000000e+00
0.000000000000000000e+00
0.000000000000000000e+00
0.000000000000000000e+00
0.000000000000000000e+00
0.000000000000000000e+00
0.000000000000000000e+00
0.000000000000000000e+00
0.000000000000000000e+00
0.000000000000000000e+00
0.000000000000000000e+00
0.000000000000000000e+00
0.000000000000000000e+00
0.000000000000000000e+00
0.000000000000000000e+00
0.000000000000000000e+00
0.000000000000000000e+00
0.000000000000000000e+00
0.000000000000000000e+00
0.000000000000000000e+00
0.000000000000000000e+00
0.000000000000000000e+00
0.000000000000000000e+00
0.000000000000000000e+00
0.000000000000000000e+00
0.000000000000000000e+00
0.000000000000000000e+00
0.000000000000000000e+00
0.000000000000000000e+00
0.000000000000000000e+00
0.000000000000000000e+00
0.000000000000000000e+00
0.000000000000000000e+00
0.000000000000000000e+00
0.000000000000000000e+00
0.000000000000000000e+00
1.762301741377695144e-02
1.947955939075916160e-02
3.699139078906409084e-02
3.844046627423232387e-02
3.979345136069648015e-02
6.975165271838444647e-02
5.245464735380862137e-02
7.122011715416581845e-02
9.687921223648530977e-02
8.137688474016682716e-02
8.212786845616538989e-02
1.124942689015027558e-01
1.260897051802298829e-01
1.336873102944429181e-01
1.753575588378643302e-01
2.012263710865403177e-01
2.115595808507031717e-01
2.819001618867043590e-01
3.250844509237213464e-01
3.786634446674786436e-01
4.380937824325883412e-01
4.876606141558270102e-01
5.524704729619795973e-01
5.923414298703224556e-01
6.708996646869492819e-01
7.401747577760638963e-01
7.886189509958584365e-01
8.817155610698590440e-01
9.215317599649494040e-01
9.920895293469451648e-01
1.064365234055984821e+00
1.116678159568792017e+00
1.189537031139383805e+00
1.233343245476004491e+00
1.274864439358641022e+00
1.337308682385866199e+00
1.408287325371749166e+00
1.436687211472217784e+00
1.504393598485519234e+00
1.547999021318984925e+00
1.593654259698084941e+00
1.648102392212816625e+00
1.668569580214229298e+00
1.744356615918448927e+00
1.797122635773410249e+00
1.854659178395634322e+00
1.901013405398356948e+00
2.002175115094583457e+00
2.044821700776478846e+00
2.120166629177011153e+00
2.199546029654349866e+00
2.279356175135747620e+00
2.350059341811034042e+00
2.404413042112108823e+00
2.484133409887648192e+00
2.546782916833064903e+00
2.641990291213928810e+00
2.710900058516893640e+00
2.783989019795661601e+00
2.822296313023843872e+00
2.929886648499450352e+00
3.205853343374996278e+00
3.438573208252277968e+00
3.536917571411576144e+00
3.626478041153110343e+00
3.645456466976650933e+00
3.653586033878382100e+00
3.645616270932573677e+00
3.624247655010681246e+00
3.569886024096348365e+00
3.603913286397533167e+00
3.567516881944306828e+00
3.582344151523095377e+00
3.660638266204583768e+00
3.752468404543157998e+00
3.795226970301276204e+00
3.806626045326846786e+00
3.857264730420281840e+00
3.884448097420448054e+00
3.893576928672311865e+00
3.887421719112988505e+00
3.867772877222475536e+00
3.888475119124549018e+00
3.866872641608686934e+00
3.855009210162874123e+00
3.839155560355132391e+00
3.830371432568401957e+00
3.810935219535178220e+00
3.783821602384267457e+00
3.756745115397571944e+00
3.723689593589462721e+00
3.719717053668091022e+00
3.676030800963133061e+00
3.604896013247424591e+00
3.542828646081706889e+00
3.485301649416836955e+00
3.409025304806138301e+00
3.353548728953229308e+00
3.311010401740953846e+00
3.245279934589554660e+00
3.183787879225644879e+00
3.115097925246862243e+00
3.043213228320092778e+00
2.979326306853744111e+00
2.943665794716391115e+00
2.856019776376308439e+00
2.761609884795466652e+00
2.650331588625887136e+00
2.561716795648946388e+00
2.478871327611289921e+00
2.396834164547472223e+00
2.299683235721169172e+00
2.214282109606503735e+00
2.105054648890620772e+00
2.017418263745833329e+00
1.894315744201392482e+00
1.784249909266204304e+00
1.674273355164708432e+00
1.575875326052573078e+00
1.466092015973400775e+00
1.361988281804384471e+00
1.270816536107843175e+00
1.167111261426299951e+00
1.078237479555450351e+00
9.882008626944132068e-01
8.877672448734693633e-01
7.890615821066792046e-01
7.047698984146902879e-01
6.300858858006755936e-01
5.663008838370043874e-01
5.110251127099842972e-01
4.502353372068983450e-01
3.887230857530963868e-01
3.390641112076291930e-01
2.875627388839077647e-01
2.412023204621857597e-01
1.952361824914173871e-01
1.294556263449263278e-01
1.152236469549953492e-02
0.000000000000000000e+00
0.000000000000000000e+00
0.000000000000000000e+00
0.000000000000000000e+00
0.000000000000000000e+00
0.000000000000000000e+00
0.000000000000000000e+00
0.000000000000000000e+00
0.000000000000000000e+00
0.000000000000000000e+00
