0.000000000000000000e+00
0.000000000000000000e+00
0.000000000000000000e+00
0.000000000000000000e+00
0.000000000000000000e+00
0.000000000000000000e+00
0.000000000000000000e+00
0.000000000000000000e+00
0.000000000000000000e+00
0.000000000000000000e+00
0.000000000000000000e+00
0.000000000000000000e+00
0.000000000000000000e+00
0.000000000000000000e+00
0.000000000000000000e+00
0.000000000000000000e+00
0.000000000000000000e+00
0.000000000000000000e+00
0.000000000000000000e+00
0.000000000000000000e+00
0.000000000000000000e+00
0.000000000000000000e+00
0.000000000000000000e+00
0.000000000000000000e+00
0.000000000000000000e+00
0.000000000000000000e+00
0.000000000000000000e+00
0.000000000000000000e+00
0.000000000000000000e+00
0.000000000000000000e+00
0.000000000000000000e+00
0.000000000000000000e+00
0.000000000000000000e+00
0.000000000000000000e+00
0.000000000000000000e+00
0.000000000000000000e+00
0.000000000000000000e+00
0.000000000000000000e+00
0.000000000000000000e+00
0.000000000000000000e+00
0.000000000000000000e+00
0.000000000000000000e+00
0.000000000000000000e+00
0.000000000000000000e+00
0.000000000000000000e+00
0.000000000000000000e+00
0.000000000000000000e+00
0.000000000000000000e+00
0.000000000000000000e+00
0.000000000000000000e+00
0.000000000000000000e+00
0.000000000000000000e+00
0.000000000000000000e+00
0.000000000000000000e+00
0.000000000000000000e+00
0.000000000000000000e+00
0.000000000000000000e+00
0.000000000000000000e+00
0.000000000000000000e+00
0.000000000000000000e+00
0.000000000000000000e+00
0.000000000000000000e+00
0.000000000000000000e+00
0.000000000000000000e+00
0.000000000000000000e+00
0.000000000000000000e+00
0.000000000000000000e+00
0.000000000000000000e+00
0.000000000000000000e+00
0.000000000000000000e+00
0.000000000000000000e+00
0.000000000000000000e+00
0.000000000000000000e+00
0.000000000000000000e+00
0.000000000000000000e+00
0.000000000000000000e+00
0.000000000000000000e+00
0.000000000000000000e+00
0.000000000000000000e+00
0.000000000000000000e+00
0.000000000000000000e+00
0.000000000000000000e+00
0.000000000000000000e+00
0.000000000000000000e+00
0.000000000000000000e+00
0.000000000000000000e+00
0.000000000000000000e+00
0.000000000000000000e+00
0.000000000000000000e+00
0.000000000000000000e+00
0.000000000000000000e+00
0.000000000000000000e+00
0.000000000000000000e+00
0.000000000000000000e+00
0.000000000000000000e+00
0.000000000000000000e+00
0.000000000000000000e+00
0.000000000000000000e+00
0.000000000000000000e+00
0.000000000000000000e+00
1.859563160445181440e+00
1.886512084419839974e+00
1.915255086710562216e+00
1.945701608757564482e+00
1.986659159681026576e+00
2.032831814938031112e+00
2.062956177709506012e+00
2.074909952385683098e+00
2.126253422888832567e+00
2.153029995391654960e+00
2.178213492718808375e+00
2.219646499935752804e+00
2.252668429199450539e+00
2.271571483054569907e+00
2.326224837298137338e+00
2.348462393623831801e+00
2.393761142317905044e+00
2.403946039331574802e+00
2.448719477266691591e+00
2.476753165216163843e+00
2.518078052536716793e+00
2.550948969932594679e+00
2.581684104422024006e+00
2.615093248881867005e+00
2.646804897790226097e+00
2.676024168069834896e+00
2.682835370647155493e+00
2.719842980796005616e+00
2.745140355128578236e+00
2.776942177159321457e+00
2.805263704339387321e+00
2.830797202083880748e+00
2.857089522273969617e+00
2.879268906982995979e+00
2.885461244092369260e+00
2.913021941059986908e+00
2.937529140787348503e+00
2.955200605848975481e+00
2.985330710053397674e+00
3.003542245101118446e+00
3.015066276121255218e+00
3.020386077224272547e+00
3.027007974325332196e+00
3.040312202162618327e+00
3.059813626290444510e+00
3.063499536471948836e+00
3.072365889860213528e+00
3.079449972432341198e+00
3.078799765166997382e+00
3.084590190000144005e+00
3.076540320833772046e+00
3.070925747732667688e+00
3.076201273929105362e+00
3.045096910683347424e+00
3.030667736231916987e+00
3.028011841245318081e+00
2.990290133715469256e+00
2.961084231271892353e+00
2.939743700030446050e+00
2.911847422088447601e+00
2.857384128228950271e+00
2.821581338656605542e+00
2.770230829672964301e+00
2.717343441958060879e+00
2.641594552168350152e+00
2.572209570140107981e+00
2.494672700496020301e+00
2.425195392164267272e+00
2.342691468510869068e+00
2.242393541133503199e+00
2.147299577151617012e+00
2.048606235249155194e+00
1.937848411887358901e+00
1.831926630765833952e+00
1.707447669186952899e+00
1.588121877915704250e+00
1.469461380241618764e+00
1.333030495908190005e+00
1.220385644393449764e+00
1.094857434753001124e+00
9.841583505629483142e-01
8.967655389570416968e-01
8.003792321378052632e-01
7.144370727065544324e-01
6.166536828890135657e-01
5.243229986883288785e-01
4.431471478741061953e-01
3.599097201050915906e-01
3.059540733742094343e-01
1.843535550825567415e-01
3.447585744367163280e-02
0.000000000000000000e+00
0.000000000000000000e+00
0.000000000000000000e+00
0.000000000000000000e+00
0.000000000000000000e+00
0.000000000000000000e+00
0.000000000000000000e+00
0.000000000000000000e+00
0.000000000000000000e+00
0.000000000000000000e+00
