1.510696267137233484e+00
4.412680120150343832e+00
5.868166005428898657e+00
6.549957407428713907e+00
6.825267395794066161e+00
6.877714684778117871e+00
6.792573833331974065e+00
6.657621528566803448e+00
6.455377550531882669e+00
6.223734844765165697e+00
5.971750372360862258e+00
5.704885811481388735e+00
5.475341338361524812e+00
5.241370947537388858e+00
5.018655418163585402e+00
4.769811040549407188e+00
4.560149418427709378e+00
4.349520418954588408e+00
4.151788495349997277e+00
3.965597849513014417e+00
3.778025327918172582e+00
3.622548621185971207e+00
3.465403268581496832e+00
3.312521530739099163e+00
3.159471345654236707e+00
3.031205760475166322e+00
2.887553209659643905e+00
2.770111587908838491e+00
2.653526579810387531e+00
2.521182437519505104e+00
2.426167544616970151e+00
2.326304402862313214e+00
2.226715622891839885e+00
2.137236035539539891e+00
2.058375602321321995e+00
1.970788997408505994e+00
1.883049705286601982e+00
1.796583282647018054e+00
1.722085402997719061e+00
1.647605318889560966e+00
1.582529823096219923e+00
1.521381331265380554e+00
1.449713019396457581e+00
1.385712597782024158e+00
1.336346005371044310e+00
1.272984742381512158e+00
1.212612354209825938e+00
1.159086914940493651e+00
1.114443967161078186e+00
1.071626380805104972e+00
1.017735339356863333e+00
9.723651892769229477e-01
9.340246781657515207e-01
8.988090298265748457e-01
8.663341141548800417e-01
8.260339851816155265e-01
7.697710431687500021e-01
7.449217235771290468e-01
7.030960884038098824e-01
6.705117092445471716e-01
6.373398147420399340e-01
6.009629389538959643e-01
5.995484670197420707e-01
5.633337670689647636e-01
5.265830250396777990e-01
5.122432514663665115e-01
4.829539277761334404e-01
4.616448470199575049e-01
4.334007337610501498e-01
4.303015417948723997e-01
3.907194270065929009e-01
3.617428693299414855e-01
3.398358209491302295e-01
3.245179404781558530e-01
3.106780248424683144e-01
3.112299608500627146e-01
2.700462451836751487e-01
2.780450869529191293e-01
2.631518832304095556e-01
2.338522523639662565e-01
2.219269759271058351e-01
2.147894704102952801e-01
2.099007406752295968e-01
2.025053301881552803e-01
1.725161785920138191e-01
1.810661324007753203e-01
1.586061563993659551e-01
1.539888800662990442e-01
1.443964094995542347e-01
1.421176907531801759e-01
1.239035902514512288e-01
1.232084601240038824e-01
1.167212346277294310e-01
9.713839428941010989e-02
7.617725522665175220e-02
9.184023258100386389e-02
8.022756912705390764e-02
7.742480090855557995e-02
7.617675189453639029e-02
6.337163907757015213e-02
