0.000000000000000000e+00
0.000000000000000000e+00
0.000000000000000000e+00
0.000000000000000000e+00
0.000000000000000000e+00
0.000000000000000000e+00
0.000000000000000000e+00
0.000000000000000000e+00
0.000000000000000000e+00
0.000000000000000000e+00
0.000000000000000000e+00
0.000000000000000000e+00
0.000000000000000000e+00
0.000000000000000000e+00
0.000000000000000000e+00
0.000000000000000000e+00
0.000000000000000000e+00
0.000000000000000000e+00
0.000000000000000000e+00
0.000000000000000000e+00
0.000000000000000000e+00
0.000000000000000000e+00
0.000000000000000000e+00
0.000000000000000000e+00
0.000000000000000000e+00
0.000000000000000000e+00
0.000000000000000000e+00
0.000000000000000000e+00
0.000000000000000000e+00
0.000000000000000000e+00
0.000000000000000000e+00
0.000000000000000000e+00
0.000000000000000000e+00
0.000000000000000000e+00
0.000000000000000000e+00
0.000000000000000000e+00
0.000000000000000000e+00
0.000000000000000000e+00
0.000000000000000000e+00
0.000000000000000000e+00
0.000000000000000000e+00
0.000000000000000000e+00
0.000000000000000000e+00
0.000000000000000000e+00
0.000000000000000000e+00
0.000000000000000000e+00
0.000000000000000000e+00
0.000000000000000000e+00
0.000000000000000000e+00
0.000000000000000000e+00
0.000000000000000000e+00
0.000000000000000000e+00
0.000000000000000000e+00
0.000000000000000000e+00
0.000000000000000000e+00
0.000000000000000000e+00
0.000000000000000000e+00
0.000000000000000000e+00
0.000000000000000000e+00
0.000000000000000000e+00
0.000000000000000000e+00
0.000000000000000000e+00
0.000000000000000000e+00
0.000000000000000000e+00
0.000000000000000000e+00
0.000000000000000000e+00
0.000000000000000000e+00
0.000000000000000000e+00
0.000000000000000000e+00
0.000000000000000000e+00
0.000000000000000000e+00
0.000000000000000000e+00
0.000000000000000000e+00
0.000000000000000000e+00
0.000000000000000000e+00
0.000000000000000000e+00
0.000000000000000000e+00
0.000000000000000000e+00
0.000000000000000000e+00
0.000000000000000000e+00
0.000000000000000000e+00
0.000000000000000000e+00
0.000000000000000000e+00
0.000000000000000000e+00
0.000000000000000000e+00
0.000000000000000000e+00
0.000000000000000000e+00
0.000000000000000000e+00
0.000000000000000000e+00
0.000000000000000000e+00
0.000000000000000000e+00
0.000000000000000000e+00
0.000000000000000000e+00
0.000000000000000000e+00
0.000000000000000000e+00
0.000000000000000000e+00
0.000000000000000000e+00
0.000000000000000000e+00
0.000000000000000000e+00
0.000000000000000000e+00
7.202359658063139936e-01
7.401210530564292789e-01
7.579215822710053674e-01
7.730059569412612852e-01
7.834108803907925411e-01
7.999052402785281624e-01
8.191684603522502162e-01
8.403347001557288642e-01
8.530914373980675869e-01
8.637308240040009188e-01
8.826231780597966203e-01
8.950328318527417393e-01
9.213080299967137954e-01
9.238168036573257691e-01
9.509363532158869869e-01
9.635582294275880644e-01
9.723145037183565931e-01
9.881334615342045602e-01
1.008496785726741507e+00
1.016151705780756309e+00
1.029471022566574412e+00
1.044448385035641413e+00
1.055321488403723640e+00
1.071261354704487800e+00
1.076095465153920516e+00
1.076596722978545362e+00
1.092149862584871789e+00
1.098319296161611947e+00
1.104742243983561689e+00
1.114387652178247423e+00
1.119886781200854386e+00
1.123941603914367038e+00
1.131774951968518961e+00
1.133540215857073541e+00
1.137740439855194463e+00
1.135476036961380997e+00
1.137785019859247182e+00
1.137816863877581186e+00
1.132893933903805994e+00
1.138868715523301711e+00
1.136181554892270240e+00
1.131963534357403711e+00
1.123771979058501014e+00
1.118066191348808358e+00
1.114929490216584274e+00
1.099501572218056777e+00
1.093477856991030173e+00
1.079601730515711955e+00
1.065372041931861302e+00
1.045144262010211156e+00
1.023243840460844600e+00
9.965894095195433344e-01
9.730163390273357527e-01
9.434864256886699163e-01
9.183575027570839433e-01
8.874737654381061880e-01
8.620314070819234953e-01
8.413601966190302761e-01
8.174902482447138352e-01
7.980713904827239080e-01
7.818455514665839656e-01
7.580373639924490314e-01
7.386050888674845494e-01
7.102822985969056147e-01
6.823173309054708646e-01
6.480326167792737069e-01
6.137327860308483540e-01
5.752785996931887302e-01
5.342324073014004249e-01
4.909067692279380779e-01
4.521333447630145330e-01
4.114541264567125323e-01
3.773197570450588789e-01
3.475314698080637088e-01
3.300080589235221962e-01
3.116884992616133498e-01
2.896962860324182043e-01
2.686958936900540884e-01
2.469444340828628737e-01
2.250667254649077187e-01
2.051218519324181366e-01
1.854360851353153983e-01
1.663669146056093451e-01
1.475020315193448506e-01
1.274539224414786565e-01
1.077057088374063776e-01
8.963749175216297049e-02
7.521580315602841016e-02
6.427982325065538516e-02
4.034196009892550283e-02
5.449541072783090773e-03
0.000000000000000000e+00
0.000000000000000000e+00
0.000000000000000000e+00
0.000000000000000000e+00
0.000000000000000000e+00
0.000000000000000000e+00
0.000000000000000000e+00
0.000000000000000000e+00
0.000000000000000000e+00
0.000000000000000000e+00
