0.000000000000000000e+00
0.000000000000000000e+00
0.000000000000000000e+00
0.000000000000000000e+00
0.000000000000000000e+00
0.000000000000000000e+00
0.000000000000000000e+00
0.000000000000000000e+00
0.000000000000000000e+00
0.000000000000000000e+00
0.000000000000000000e+00
0.000000000000000000e+00
0.000000000000000000e+00
0.000000000000000000e+00
0.000000000000000000e+00
0.000000000000000000e+00
0.000000000000000000e+00
0.000000000000000000e+00
0.000000000000000000e+00
0.000000000000000000e+00
0.000000000000000000e+00
0.000000000000000000e+00
0.000000000000000000e+00
0.000000000000000000e+00
0.000000000000000000e+00
0.000000000000000000e+00
0.000000000000000000e+00
0.000000000000000000e+00
0.000000000000000000e+00
0.000000000000000000e+00
0.000000000000000000e+00
0.000000000000000000e+00
0.000000000000000000e+00
0.000000000000000000e+00
0.000000000000000000e+00
0.000000000000000000e+00
0.000000000000000000e+00
0.000000000000000000e+00
0.000000000000000000e+00
0.000000000000000000e+00
0.000000000000000000e+00
0.000000000000000000e+00
0.000000000000000000e+00
0.000000000000000000e+00
0.000000000000000000e+00
0.000000000000000000e+00
0.000000000000000000e+00
0.000000000000000000e+00
0.000000000000000000e+00
0.000000000000000000e+00
0.000000000000000000e+00
0.000000000000000000e+00
0.000000000000000000e+00
0.000000000000000000e+00
0.000000000000000000e+00
0.000000000000000000e+00
0.000000000000000000e+00
0.000000000000000000e+00
0.000000000000000000e+00
0.000000000000000000e+00
0.000000000000000000e+00
0.000000000000000000e+00
0.000000000000000000e+00
0.000000000000000000e+00
0.000000000000000000e+00
0.000000000000000000e+00
0.000000000000000000e+00
0.000000000000000000e+00
0.000000000000000000e+00
0.000000000000000000e+00
0.000000000000000000e+00
0.000000000000000000e+00
0.000000000000000000e+00
0.000000000000000000e+00
0.000000000000000000e+00
0.000000000000000000e+00
0.000000000000000000e+00
0.000000000000000000e+00
0.000000000000000000e+00
0.000000000000000000e+00
0.000000000000000000e+00
0.000000000000000000e+00
0.000000000000000000e+00
0.000000000000000000e+00
0.000000000000000000e+00
0.000000000000000000e+00
0.000000000000000000e+00
0.000000000000000000e+00
0.000000000000000000e+00
0.000000000000000000e+00
0.000000000000000000e+00
0.000000000000000000e+00
0.000000000000000000e+00
0.000000000000000000e+00
0.000000000000000000e+00
0.000000000000000000e+00
0.000000000000000000e+00
0.000000000000000000e+00
0.000000000000000000e+00
0.000000000000000000e+00
5.334946117833942125e+00
5.389590528372917078e+00
5.440129959015346905e+00
5.519695423797544187e+00
5.604667142696947657e+00
5.728377668516968946e+00
5.773550633333619508e+00
5.773780327350574559e+00
5.883471870317871222e+00
5.937097713799557752e+00
5.960309151586399068e+00
6.049038075596257613e+00
6.109071222710015014e+00
6.116231519259734739e+00
6.215563229824783598e+00
6.256196971357572245e+00
6.307167969216055603e+00
6.317988403246530105e+00
6.359902796814669301e+00
6.376634277399239714e+00
6.435789692102235726e+00
6.470936876740442933e+00
6.493050025989200336e+00
6.521024026634459680e+00
6.529157416995145624e+00
6.535513018865856338e+00
6.498829373188837799e+00
6.512648241986505049e+00
6.486968970572155158e+00
6.494708448501705256e+00
6.484265670061104991e+00
6.463195321865939924e+00
6.448228722100955324e+00
6.414243123196291307e+00
6.336509891412035245e+00
6.301993949561097708e+00
6.264851083813361754e+00
6.221573168616661320e+00
6.183717424710101440e+00
6.111132920615276909e+00
6.026428876828704873e+00
5.938272274199477785e+00
5.830514790123737967e+00
5.764623799137277516e+00
5.679171813818447490e+00
5.580200600708552727e+00
5.479558312842709000e+00
5.370631530817610688e+00
5.256774663878760911e+00
5.140571773568550995e+00
5.008931970836111525e+00
4.892786468440299075e+00
4.779639974130668101e+00
4.613069807887774765e+00
4.479260296438030586e+00
4.364792997606908642e+00
4.206595160016770585e+00
4.065736859032598183e+00
3.952032621247826949e+00
3.839430157901325913e+00
3.695318139024600157e+00
3.578705953389004435e+00
3.439200914079925564e+00
3.294616163569609846e+00
3.134154000447425759e+00
2.982661060539971931e+00
2.831107952648737491e+00
2.695277189613450641e+00
2.544908166882366096e+00
2.368696897280144320e+00
2.207244679131968201e+00
2.047794249926593757e+00
1.881244618811678482e+00
1.736327214726057999e+00
1.581535590722275453e+00
1.436210342686124353e+00
1.289996032475742238e+00
1.126896804399739827e+00
9.884566634019380515e-01
8.460200851687154078e-01
7.275506782580117848e-01
6.537235079728443976e-01
5.832926538869878108e-01
5.189242743808835101e-01
4.420915096753324502e-01
3.713796976214742696e-01
3.107656968274806752e-01
2.500762845771409837e-01
2.148158078437154839e-01
1.300398650539550671e-01
2.431876821145026110e-02
0.000000000000000000e+00
0.000000000000000000e+00
0.000000000000000000e+00
0.000000000000000000e+00
0.000000000000000000e+00
0.000000000000000000e+00
0.000000000000000000e+00
0.000000000000000000e+00
0.000000000000000000e+00
0.000000000000000000e+00
