2.488643112872253038e+00
2.283714820888876673e+01
4.521543295213130165e+01
6.109517495013640342e+01
7.233054978190772033e+01
7.909200557730682135e+01
8.315414566586441936e+01
8.522501455932165015e+01
8.526600439192554859e+01
8.478778029036170949e+01
8.288772978245849288e+01
8.075679269495250878e+01
7.820303034399491082e+01
7.573120729479377644e+01
7.229008371459292448e+01
6.870742864283607787e+01
6.633046659163480285e+01
6.285228283528214632e+01
6.021875987920395090e+01
5.679090812017471990e+01
5.438004516050676784e+01
5.193552615718520116e+01
4.898192572685393031e+01
4.691916668437308857e+01
4.431665656855428637e+01
4.207467133459713438e+01
4.032194376203418074e+01
3.837815244502040457e+01
3.593115925535833810e+01
3.449009586330568311e+01
3.243478175166163879e+01
3.072728741390166363e+01
2.933520308091616613e+01
2.779741054153532076e+01
2.647891840640988548e+01
2.493714724646913794e+01
2.334092901995819958e+01
2.237811190658916516e+01
2.131987598655986460e+01
2.031186704990064840e+01
1.900426453975963526e+01
1.806616909501955348e+01
1.710143974895863295e+01
1.626373067128788819e+01
1.516962301865894069e+01
1.463727016862984875e+01
1.385910169754139609e+01
1.291343156206534282e+01
1.223105144167317349e+01
1.168788176230437159e+01
1.087285072533666686e+01
1.014021588605729818e+01
9.518238157477057371e+00
8.967326120341176932e+00
8.518089105577786313e+00
7.931951798138835663e+00
7.383017060445332902e+00
7.010432110473225009e+00
6.360152175917039408e+00
6.284284777302772795e+00
5.829778530042488249e+00
5.521820078796449316e+00
4.940748330626498763e+00
4.519797329582142531e+00
4.265509703955510545e+00
3.951234406468238092e+00
3.644611487123100346e+00
3.440098285943402612e+00
3.285062482334831557e+00
3.004847280119756991e+00
2.739393199010714763e+00
2.389224014948025943e+00
2.252757180069399290e+00
2.088637953369539169e+00
1.988488771659019383e+00
1.834903260311168127e+00
1.592006803566249351e+00
1.521293290714925694e+00
1.343657768369219463e+00
1.141773100128296692e+00
1.071184670938044148e+00
9.608400969382198120e-01
8.535043489796502181e-01
7.749422092903087700e-01
7.116078806347337915e-01
6.115740236908383531e-01
5.478865168115527595e-01
4.490329817376377819e-01
4.262637721412617098e-01
3.579744052336575888e-01
3.439591701082247988e-01
3.079582458016463242e-01
2.718158124994275449e-01
2.228749966514969871e-01
2.150929594659162503e-01
1.785501516315139980e-01
1.535520806584290132e-01
1.192970944604448830e-01
1.110260683115568831e-01
8.764349005022796513e-02
