2.839290426707397619e-01
2.603265205771943869e+00
5.221179854457783875e+00
7.191043009019477239e+00
8.596656844648114415e+00
9.457597904530043564e+00
1.000161429096396759e+01
1.030683105864202354e+01
1.038086351830078868e+01
1.039964307163794288e+01
1.022635885484774576e+01
1.003318747835711378e+01
9.770041398223572315e+00
9.508979090480906393e+00
9.125542780788064690e+00
8.701782107345820805e+00
8.441252918659978732e+00
8.036867459692706106e+00
7.718560438675324598e+00
7.305647559329103480e+00
7.025917715236506211e+00
6.734186657443105517e+00
6.369981071479314139e+00
6.115997136179681881e+00
5.787842754768810494e+00
5.515104586260257236e+00
5.297434877173935242e+00
5.054342277758964386e+00
4.740149193857066123e+00
4.560410085926012158e+00
4.297333595830452602e+00
4.081124717959100145e+00
3.903941772523572773e+00
3.704915547290857702e+00
3.534122787195866700e+00
3.332502877416231968e+00
3.123059675206844243e+00
2.998980501885427419e+00
2.859308612684625217e+00
2.725943566805627771e+00
2.554202478654675978e+00
2.431489069625124788e+00
2.303313644014901573e+00
2.190189024855037747e+00
2.046609350888163092e+00
1.977965215092780671e+00
1.872146117747305327e+00
1.748181982101806309e+00
1.653859702936605780e+00
1.581340453367791721e+00
1.469100619502292870e+00
1.372141001476842925e+00
1.289023252648197504e+00
1.217959317231495753e+00
1.154823352661207281e+00
1.072997382022270685e+00
1.000461028344377779e+00
9.506008375780139463e-01
8.630889541678832266e-01
8.515240115746068872e-01
7.936638673514089248e-01
7.512749467646228085e-01
6.719800399720444739e-01
6.129755038348176921e-01
5.790949589016324284e-01
5.369450828183480739e-01
4.943924805230598962e-01
4.668442473355267630e-01
4.466330600169867715e-01
4.100218009484366544e-01
3.723364517136211194e-01
3.245756266618207708e-01
3.059513025328047253e-01
2.816089955802494882e-01
2.699101144822502185e-01
2.486457049800530894e-01
2.151564009366458974e-01
2.064851996186841676e-01
1.816175780518496097e-01
1.542275723300166601e-01
1.444707372948027535e-01
1.294388869187767521e-01
1.150994382908219760e-01
1.052093357265119211e-01
9.529341473576494193e-02
8.223446247819150845e-02
7.355038982094555533e-02
6.046867609371089913e-02
5.689466348966928239e-02
4.752491858806579678e-02
4.567880859975217284e-02
4.136078117871036519e-02
3.637112443853179888e-02
2.940079631734696455e-02
2.863137223076204357e-02
2.378896486058500875e-02
2.048417204712143017e-02
1.569818377451290270e-02
1.431755576969435777e-02
1.175551022300564026e-02
