8.252707513989300248e-01
1.109911713554022938e+01
2.549477948146786943e+01
3.767531814963726333e+01
4.730391981328655504e+01
5.355208667054874638e+01
5.885038938583956281e+01
6.220361011686863151e+01
6.413021106075130717e+01
6.457811487144256546e+01
6.507433850944923392e+01
6.427573775259196509e+01
6.362679118570158465e+01
6.196947596253534840e+01
6.035012961308519408e+01
5.853518233587906394e+01
5.658079318002736358e+01
5.455732422840598161e+01
5.294697405300376403e+01
5.094289545276113529e+01
4.898623758431402564e+01
4.692386782027714531e+01
4.476790600483205651e+01
4.294611662297129584e+01
4.116105203577215832e+01
3.960687278838776848e+01
3.752979052449937569e+01
3.606641232493893767e+01
3.472476584188254378e+01
3.293145698817554035e+01
3.190923703696417846e+01
2.981674136689368382e+01
2.870739479772559477e+01
2.718973622588275418e+01
2.591074044025204515e+01
2.470455315118291040e+01
2.356823143713444324e+01
2.215173554566843350e+01
2.118568347497345528e+01
2.016566000167999206e+01
1.922692113014324988e+01
1.796507488571280220e+01
1.727583102179526264e+01
1.638623613375926880e+01
1.567816280860040656e+01
1.475665781152283351e+01
1.392857049034956418e+01
1.310115242593214369e+01
1.240550495221273053e+01
1.169460497785832764e+01
1.126060302777346145e+01
1.046126870171738688e+01
9.988836813774545575e+00
9.305038721005320923e+00
8.825963622332642089e+00
8.265514572964553608e+00
7.719896689352727215e+00
7.328966004345623730e+00
6.815120866178407510e+00
6.359826210703731775e+00
5.899931591495174210e+00
5.517087899689873787e+00
5.193829834823961100e+00
4.793499715749676149e+00
4.361994660580440275e+00
4.124309031642910739e+00
3.837861192433030588e+00
3.462925391523292262e+00
3.244458273600549170e+00
2.959439399020811212e+00
2.810385123846068200e+00
2.438797721427783394e+00
2.284714780051339655e+00
2.086332628778122089e+00
1.898927081032158792e+00
1.740579726549986050e+00
1.544677797818768239e+00
1.401160704365808751e+00
1.334903125327686402e+00
1.138031337834335410e+00
1.084471385035091551e+00
1.004434465876724358e+00
8.936366358154979039e-01
7.863045286780170340e-01
7.114866375938432297e-01
5.906492603486961368e-01
5.457586047300758691e-01
4.437071530068145697e-01
4.278963954665687131e-01
3.371401476056656299e-01
3.400446265138444280e-01
3.017394216788874539e-01
2.455671671340734219e-01
2.248076903310935182e-01
1.835978304296650709e-01
1.653187869288193779e-01
1.504357442632342223e-01
1.016029045595782110e-01
1.018722630457452177e-01
9.669180799977013241e-02
