0.000000000000000000e+00
0.000000000000000000e+00
0.000000000000000000e+00
0.000000000000000000e+00
0.000000000000000000e+00
0.000000000000000000e+00
0.000000000000000000e+00
0.000000000000000000e+00
0.000000000000000000e+00
0.000000000000000000e+00
0.000000000000000000e+00
0.000000000000000000e+00
0.000000000000000000e+00
0.000000000000000000e+00
0.000000000000000000e+00
0.000000000000000000e+00
0.000000000000000000e+00
0.000000000000000000e+00
0.000000000000000000e+00
0.000000000000000000e+00
1.475655112564345757e+02
1.722308401839525231e+02
1.974999561611571153e+02
2.217954567052251775e+02
2.466544916522712185e+02
2.685755594392393846e+02
2.866746971307105696e+02
2.987399678966218062e+02
3.008136728394485431e+02
2.919204192868680821e+02
2.710253964844294501e+02
2.377992126373516442e+02
1.928282174742115842e+02
1.373030264200613999e+02
8.299626099298043869e+01
3.714857209737490251e+01
1.140491746188866529e+01
1.271552447309937772e+00
8.701795488310425097e-03
0.000000000000000000e+00
0.000000000000000000e+00
