0.000000000000000000e+00
0.000000000000000000e+00
0.000000000000000000e+00
0.000000000000000000e+00
0.000000000000000000e+00
0.000000000000000000e+00
0.000000000000000000e+00
0.000000000000000000e+00
0.000000000000000000e+00
0.000000000000000000e+00
0.000000000000000000e+00
0.000000000000000000e+00
0.000000000000000000e+00
0.000000000000000000e+00
0.000000000000000000e+00
0.000000000000000000e+00
0.000000000000000000e+00
0.000000000000000000e+00
0.000000000000000000e+00
0.000000000000000000e+00
0.000000000000000000e+00
0.000000000000000000e+00
0.000000000000000000e+00
0.000000000000000000e+00
0.000000000000000000e+00
0.000000000000000000e+00
0.000000000000000000e+00
0.000000000000000000e+00
0.000000000000000000e+00
0.000000000000000000e+00
0.000000000000000000e+00
0.000000000000000000e+00
0.000000000000000000e+00
0.000000000000000000e+00
0.000000000000000000e+00
0.000000000000000000e+00
0.000000000000000000e+00
0.000000000000000000e+00
0.000000000000000000e+00
0.000000000000000000e+00
0.000000000000000000e+00
0.000000000000000000e+00
0.000000000000000000e+00
0.000000000000000000e+00
0.000000000000000000e+00
0.000000000000000000e+00
0.000000000000000000e+00
0.000000000000000000e+00
0.000000000000000000e+00
0.000000000000000000e+00
0.000000000000000000e+00
0.000000000000000000e+00
0.000000000000000000e+00
0.000000000000000000e+00
0.000000000000000000e+00
0.000000000000000000e+00
0.000000000000000000e+00
0.000000000000000000e+00
0.000000000000000000e+00
0.000000000000000000e+00
0.000000000000000000e+00
0.000000000000000000e+00
0.000000000000000000e+00
0.000000000000000000e+00
0.000000000000000000e+00
0.000000000000000000e+00
0.000000000000000000e+00
0.000000000000000000e+00
0.000000000000000000e+00
0.000000000000000000e+00
0.000000000000000000e+00
0.000000000000000000e+00
0.000000000000000000e+00
0.000000000000000000e+00
0.000000000000000000e+00
0.000000000000000000e+00
0.000000000000000000e+00
0.000000000000000000e+00
0.000000000000000000e+00
0.000000000000000000e+00
0.000000000000000000e+00
0.000000000000000000e+00
0.000000000000000000e+00
0.000000000000000000e+00
0.000000000000000000e+00
0.000000000000000000e+00
0.000000000000000000e+00
0.000000000000000000e+00
0.000000000000000000e+00
0.000000000000000000e+00
0.000000000000000000e+00
0.000000000000000000e+00
0.000000000000000000e+00
0.000000000000000000e+00
0.000000000000000000e+00
0.000000000000000000e+00
0.000000000000000000e+00
0.000000000000000000e+00
0.000000000000000000e+00
0.000000000000000000e+00
0.000000000000000000e+00
0.000000000000000000e+00
3.214783313392967259e-05
2.647572744892529007e-04
6.620117691390896590e-04
2.907850940250885415e-03
7.793759913943119032e-03
1.810112522285736714e-02
3.026031131883862024e-02
4.595962549363231259e-02
6.638905452444725241e-02
8.722281398086156878e-02
1.099022975701966776e-01
1.289169606361715292e-01
1.600500079694570921e-01
1.879033195380981625e-01
2.169615764013731463e-01
2.527493623170696813e-01
2.902598601983077398e-01
3.316216255869346985e-01
3.729097697176229076e-01
4.267733627841271415e-01
4.820179627545108647e-01
5.514831513247360206e-01
6.268154234052056850e-01
6.944040153614541300e-01
7.817555082135585476e-01
8.546637505120612266e-01
9.094336009598601445e-01
9.865599251126619951e-01
1.044052796728158539e+00
1.124562122963075117e+00
1.178551109269742936e+00
1.229260987191960419e+00
1.304633225166372368e+00
1.343857086796681699e+00
1.410563330602140342e+00
1.490711186761957574e+00
1.512080117856354988e+00
1.580377826500922289e+00
1.634540293412785950e+00
1.659199970179394024e+00
1.708031165311030497e+00
1.718696781861793310e+00
1.744720914412629442e+00
1.737351804567675240e+00
1.760260971026221810e+00
1.796525876286180434e+00
1.782000197866083768e+00
1.783885722623119507e+00
1.762450270721045653e+00
1.756501943531288967e+00
1.711793286859066177e+00
1.691740491893096943e+00
1.646699272464768882e+00
1.623532318910897221e+00
1.590551832191391401e+00
1.530342159776589606e+00
1.459157481608774676e+00
1.370415591270146116e+00
1.289035721197528073e+00
1.218348239460907312e+00
1.164839333870196780e+00
1.120084021874667490e+00
1.042014430810604075e+00
9.512563349791774980e-01
8.518547702798329180e-01
7.480978631243326848e-01
6.631571432106734276e-01
6.332069557558785977e-01
5.981653642275300831e-01
5.349278249242824801e-01
4.689526569022697267e-01
3.938629767157849071e-01
3.107686970112419345e-01
2.584314576183769363e-01
2.404786191358131986e-01
2.216466064479400699e-01
1.820580461358804192e-01
1.435473844382093023e-01
9.954625230763650134e-02
5.076708556937328115e-02
2.527830230800166486e-02
2.677395799003405227e-02
2.811086588374416689e-02
2.000183326276294693e-02
1.488424777544107395e-02
1.053441000693483565e-02
4.850883564091541117e-03
1.044041785826332544e-02
5.164311128768014902e-03
0.000000000000000000e+00
0.000000000000000000e+00
0.000000000000000000e+00
0.000000000000000000e+00
0.000000000000000000e+00
0.000000000000000000e+00
0.000000000000000000e+00
0.000000000000000000e+00
0.000000000000000000e+00
0.000000000000000000e+00
