5.590844291905374547e-02
7.899302148471221141e-01
1.714244611357564008e+00
2.338883974542031119e+00
2.721931153891503197e+00
2.896636888670652166e+00
2.960143590838578032e+00
2.947387682253842733e+00
2.851701541103880189e+00
2.730104607810840633e+00
2.570968384499969783e+00
2.418300198597485018e+00
2.272496416924602247e+00
2.100746471915670543e+00
1.927683279677840034e+00
1.805119211525649359e+00
1.674070418344723921e+00
1.541180303112283489e+00
1.398549672052423309e+00
1.291496078277325932e+00
1.199477605263455038e+00
1.103924043808395705e+00
1.013819294140364757e+00
9.338477364871524689e-01
8.575946846433690762e-01
7.840554390067471235e-01
7.237021870437626569e-01
6.627760634584547450e-01
6.096980105243581249e-01
5.644608787431327768e-01
5.157831981120631903e-01
4.751922745298464701e-01
4.325117790380854643e-01
4.104185978166782767e-01
3.713670624700290412e-01
3.486453076340791379e-01
3.126188519551657552e-01
2.899742293341848187e-01
2.701087583875069198e-01
2.409062532513782662e-01
2.264824927122455200e-01
2.044454380009649852e-01
1.943669419196464576e-01
1.752490536483850281e-01
1.575299375499616683e-01
1.498178084118133579e-01
1.294615963157423333e-01
1.238170720884607390e-01
1.147938199192417297e-01
1.064394434212322799e-01
9.889261498715840037e-02
8.662783041309810028e-02
7.962535621803792929e-02
7.202418517560378597e-02
6.430063459972489015e-02
6.151605291164636419e-02
5.529355386517912502e-02
4.760740256728907688e-02
4.614201272046052765e-02
4.297919250229558646e-02
3.700900373901856028e-02
3.183824761195563208e-02
3.158453953770214151e-02
2.811375656765098541e-02
2.542451078841069870e-02
2.307463808498430580e-02
2.254508819148653281e-02
1.792202420790967032e-02
1.786967831153767061e-02
1.663642326850901451e-02
1.517041673444508194e-02
1.211895514022017645e-02
1.171466938228177788e-02
9.924548973212437772e-03
8.023817857035422593e-03
8.055858028242842903e-03
7.541733610869297971e-03
7.374784546279195170e-03
5.629522958332997679e-03
4.647503071382762425e-03
4.859362708714030053e-03
4.103936447489395234e-03
3.686031285834679479e-03
3.718357554979813667e-03
3.053802994707905880e-03
2.479596379067824582e-03
2.194914092133985837e-03
1.716916723356252689e-03
1.343622785057207872e-03
1.565086237466084811e-03
1.201513565822291121e-03
1.462311548767545287e-03
1.135223711638027244e-03
9.503573178104614142e-04
9.082916745179681539e-04
8.675964484786904832e-04
3.796665374485056420e-04
4.235869996919872245e-04
5.911348735309909178e-04
3.690765231057219079e-04
