0.000000000000000000e+00
0.000000000000000000e+00
0.000000000000000000e+00
0.000000000000000000e+00
0.000000000000000000e+00
0.000000000000000000e+00
0.000000000000000000e+00
0.000000000000000000e+00
0.000000000000000000e+00
0.000000000000000000e+00
0.000000000000000000e+00
0.000000000000000000e+00
0.000000000000000000e+00
0.000000000000000000e+00
0.000000000000000000e+00
0.000000000000000000e+00
0.000000000000000000e+00
0.000000000000000000e+00
0.000000000000000000e+00
0.000000000000000000e+00
0.000000000000000000e+00
0.000000000000000000e+00
0.000000000000000000e+00
0.000000000000000000e+00
0.000000000000000000e+00
0.000000000000000000e+00
0.000000000000000000e+00
0.000000000000000000e+00
0.000000000000000000e+00
0.000000000000000000e+00
0.000000000000000000e+00
0.000000000000000000e+00
0.000000000000000000e+00
0.000000000000000000e+00
0.000000000000000000e+00
0.000000000000000000e+00
0.000000000000000000e+00
0.000000000000000000e+00
0.000000000000000000e+00
0.000000000000000000e+00
0.000000000000000000e+00
0.000000000000000000e+00
0.000000000000000000e+00
0.000000000000000000e+00
0.000000000000000000e+00
0.000000000000000000e+00
0.000000000000000000e+00
0.000000000000000000e+00
0.000000000000000000e+00
0.000000000000000000e+00
0.000000000000000000e+00
0.000000000000000000e+00
0.000000000000000000e+00
0.000000000000000000e+00
0.000000000000000000e+00
0.000000000000000000e+00
0.000000000000000000e+00
0.000000000000000000e+00
0.000000000000000000e+00
0.000000000000000000e+00
0.000000000000000000e+00
0.000000000000000000e+00
0.000000000000000000e+00
0.000000000000000000e+00
0.000000000000000000e+00
0.000000000000000000e+00
0.000000000000000000e+00
0.000000000000000000e+00
0.000000000000000000e+00
0.000000000000000000e+00
0.000000000000000000e+00
0.000000000000000000e+00
0.000000000000000000e+00
0.000000000000000000e+00
0.000000000000000000e+00
0.000000000000000000e+00
0.000000000000000000e+00
0.000000000000000000e+00
0.000000000000000000e+00
0.000000000000000000e+00
0.000000000000000000e+00
0.000000000000000000e+00
0.000000000000000000e+00
0.000000000000000000e+00
0.000000000000000000e+00
0.000000000000000000e+00
0.000000000000000000e+00
0.000000000000000000e+00
0.000000000000000000e+00
0.000000000000000000e+00
0.000000000000000000e+00
0.000000000000000000e+00
0.000000000000000000e+00
0.000000000000000000e+00
0.000000000000000000e+00
0.000000000000000000e+00
0.000000000000000000e+00
0.000000000000000000e+00
0.000000000000000000e+00
0.000000000000000000e+00
4.008790097283893572e-01
4.238352788277962024e-01
4.451196663884549598e-01
4.635448016175144348e-01
4.769655571961252116e-01
4.992043450732301935e-01
5.235664356525696617e-01
5.517209593658410904e-01
5.699050636296911776e-01
5.871536078896172350e-01
6.139217157092577981e-01
6.323483151861239993e-01
6.727302233032914636e-01
6.778226626944576783e-01
7.193805890857531971e-01
7.409330400736044986e-01
7.572965325669331893e-01
7.839940419530536664e-01
8.205142368897623273e-01
8.363323583881618895e-01
8.623218465785935649e-01
8.928111968493870343e-01
9.148370995729603328e-01
9.479277129106410404e-01
9.611171809308290959e-01
9.676905140379495895e-01
1.001886608496556530e+00
1.017603496945876707e+00
1.036248679530786809e+00
1.060397600124981521e+00
1.076159130617261095e+00
1.089533558836410121e+00
1.109628552342909025e+00
1.118602107050038486e+00
1.131283205385486879e+00
1.130447266897016689e+00
1.139022529074529499e+00
1.141603363392754478e+00
1.134396496666231657e+00
1.148498388758282474e+00
1.144551807424892154e+00
1.136087266987270805e+00
1.119839419459167429e+00
1.107615139167313689e+00
1.100914263693119954e+00
1.071575004058046510e+00
1.060004692796927328e+00
1.035486160517712140e+00
1.013277019723838990e+00
9.808503969500600439e-01
9.469176023682814858e-01
9.078101842668009347e-01
8.752094908061106571e-01
8.319722838193911452e-01
7.950324321426721630e-01
7.463497573746215030e-01
7.034776549715305860e-01
6.654650132838422216e-01
6.180564347127925906e-01
5.749504531366990134e-01
5.333465469075263643e-01
4.850552124981378777e-01
4.465371666047007193e-01
4.013658903608907091e-01
3.608968855779673413e-01
3.202161297382419280e-01
2.851017025028779739e-01
2.511802281132885506e-01
2.179132859083908469e-01
1.843780253145917147e-01
1.558184295174766809e-01
1.275106109506269070e-01
1.042790325056528883e-01
8.417317175424611497e-02
7.027853561440042252e-02
5.673263736811338942e-02
4.315193354949489746e-02
3.177669155068225254e-02
2.189325886485258763e-02
1.416214303687496692e-02
9.424355451191065991e-03
6.990533618245861787e-03
5.801454687152377693e-03
4.629093903662190139e-03
3.346750165153327111e-03
2.358277144911725617e-03
1.630238437598237160e-03
1.147369091121235637e-03
8.379812466485988013e-04
3.300645960047000503e-04
6.022888344835622179e-06
0.000000000000000000e+00
0.000000000000000000e+00
0.000000000000000000e+00
0.000000000000000000e+00
0.000000000000000000e+00
0.000000000000000000e+00
0.000000000000000000e+00
0.000000000000000000e+00
0.000000000000000000e+00
0.000000000000000000e+00
