2.016954819541132338e+02
2.186596038185112775e+03
4.741172557288462485e+03
6.806304785046934740e+03
8.415142347449127556e+03
9.508039149122978415e+03
1.029387117775255319e+04
1.080361405549580559e+04
1.105995121840683714e+04
1.124494147803850501e+04
1.119359250983203128e+04
1.110621966404380510e+04
1.091505826628482828e+04
1.072692017944963663e+04
1.039806494251726326e+04
9.973075313904753784e+03
9.756215925181837520e+03
9.357002362249089856e+03
9.043924614126526649e+03
8.619224851586217483e+03
8.341463063613597114e+03
8.044503353739716658e+03
7.649234173572129293e+03
7.374970872418564795e+03
7.005914793201504835e+03
6.710509406593731001e+03
6.467669617324945648e+03
6.197198971908602289e+03
5.833999793248917740e+03
5.635496417067834045e+03
5.329842945422090452e+03
5.074894276073007859e+03
4.867834920479604079e+03
4.646638540515378736e+03
4.429837048346109441e+03
4.197931535456779784e+03
3.945307722143566480e+03
3.797689742285851935e+03
3.620514512950412154e+03
3.463562174637298085e+03
3.250570364867296576e+03
3.098355668494210931e+03
2.943809270275586186e+03
2.799677391671640635e+03
2.622844594603790028e+03
2.537920731175098808e+03
2.403969566651042442e+03
2.251169814995521392e+03
2.126282387949833719e+03
2.034685827538099375e+03
1.892439323184659997e+03
1.769957571941332617e+03
1.668827942525300159e+03
1.579421946623144549e+03
1.493573418335921133e+03
1.383663762898188907e+03
1.293981598687218138e+03
1.226202029035104715e+03
1.117261679036726264e+03
1.098675599634892478e+03
1.027610984560324141e+03
9.724194066205222953e+02
8.715859544651383430e+02
7.891136699745997021e+02
7.486363197749067240e+02
6.915131393005731297e+02
6.365793327488828481e+02
6.010208953238767435e+02
5.734457783387941845e+02
5.288853320647993996e+02
4.793333326359381203e+02
4.157591966222364022e+02
3.910356400167103175e+02
3.560306740457174897e+02
3.426669869611703803e+02
3.151778294005282532e+02
2.726012608633014906e+02
2.614746314575558017e+02
2.292895445638453964e+02
1.940994056780423023e+02
1.813441156704395496e+02
1.630547710602046436e+02
1.439989685827511607e+02
1.326374315119729772e+02
1.177893254846650137e+02
1.023189914192850267e+02
9.119403818467360168e+01
7.537597960651743279e+01
6.923158224314475717e+01
5.761450695380294462e+01
5.516546281838243715e+01
5.061793831817628586e+01
4.456196022514087218e+01
3.534457154156436332e+01
3.454191727719225469e+01
2.824605849940191860e+01
2.452100581349518649e+01
1.843544975129993446e+01
1.678997566317813295e+01
1.426100661040490891e+01
