2.479217682063368511e-01
3.916847833835400472e+00
9.481141616545324169e+00
1.395328715383497098e+01
1.721569599805743778e+01
1.913557222184024198e+01
2.030583103914371890e+01
2.091465120149063139e+01
2.086966090923651507e+01
2.056425052381753815e+01
1.987014418590244347e+01
1.914469794694482374e+01
1.840824653948922318e+01
1.733884992749338849e+01
1.618798044447013140e+01
1.545705787377233520e+01
1.459305984369148668e+01
1.366369376654547274e+01
1.256571148531959814e+01
1.179108222675252371e+01
1.108886741114403840e+01
1.034171898508513543e+01
9.555464545697912371e+00
8.937776654461886849e+00
8.322704562574601894e+00
7.666099832192367458e+00
7.143957039368114437e+00
6.614557058192445993e+00
6.134351228925995159e+00
5.735910367607603533e+00
5.276863249546963175e+00
4.884931698401068445e+00
4.485608669424401285e+00
4.278667774007586466e+00
3.892601116734786704e+00
3.683644521505119229e+00
3.337668355012822996e+00
3.087404689598846286e+00
2.881383651642716259e+00
2.588322684252094774e+00
2.458192769173881409e+00
2.218041919023330699e+00
2.121029621919491515e+00
1.924421149722357116e+00
1.741662690077690590e+00
1.638703812281109284e+00
1.414528262599149322e+00
1.358760941420554591e+00
1.260234627006598496e+00
1.172558376660228552e+00
1.091559990842155381e+00
9.623977594545050085e-01
8.881075349055214119e-01
8.022628640791737986e-01
7.181738191364118729e-01
6.836562079727610541e-01
6.176870400758739388e-01
5.340504318401078088e-01
5.194726458940797098e-01
4.807366820472142033e-01
4.113226716655179471e-01
3.541620678621625329e-01
3.545793747581353905e-01
3.135334964073773767e-01
2.850711809898430760e-01
2.564033938911965960e-01
2.530397425370650710e-01
1.996998503532056990e-01
1.971211883931214548e-01
1.840928837999853129e-01
1.691041281345960212e-01
1.335655104970952523e-01
1.288331922244011218e-01
1.107322190977610421e-01
8.877194295537853275e-02
8.720032864184829036e-02
8.353927008375958141e-02
8.047346380626034523e-02
5.992050579065340971e-02
4.879551310497579758e-02
5.111990261568710725e-02
4.399119815343950635e-02
3.913363884881285171e-02
3.873129041381732224e-02
3.123107201069197023e-02
2.650874496664533050e-02
2.209673558270090765e-02
1.683477716767534105e-02
1.437554367269218598e-02
1.606980206744635514e-02
1.233749062033279338e-02
1.428737279490007936e-02
1.178439566859308847e-02
9.292968798027569782e-03
8.684817116507204116e-03
8.386740124731999202e-03
3.407698994690413607e-03
3.982204858897401591e-03
5.784161260964190698e-03
3.364387577335180030e-03
