0.000000000000000000e+00
0.000000000000000000e+00
0.000000000000000000e+00
0.000000000000000000e+00
0.000000000000000000e+00
0.000000000000000000e+00
0.000000000000000000e+00
0.000000000000000000e+00
0.000000000000000000e+00
0.000000000000000000e+00
0.000000000000000000e+00
0.000000000000000000e+00
0.000000000000000000e+00
0.000000000000000000e+00
0.000000000000000000e+00
0.000000000000000000e+00
0.000000000000000000e+00
0.000000000000000000e+00
0.000000000000000000e+00
0.000000000000000000e+00
0.000000000000000000e+00
0.000000000000000000e+00
0.000000000000000000e+00
0.000000000000000000e+00
0.000000000000000000e+00
0.000000000000000000e+00
0.000000000000000000e+00
0.000000000000000000e+00
0.000000000000000000e+00
0.000000000000000000e+00
0.000000000000000000e+00
0.000000000000000000e+00
0.000000000000000000e+00
0.000000000000000000e+00
0.000000000000000000e+00
0.000000000000000000e+00
0.000000000000000000e+00
0.000000000000000000e+00
0.000000000000000000e+00
0.000000000000000000e+00
0.000000000000000000e+00
0.000000000000000000e+00
0.000000000000000000e+00
0.000000000000000000e+00
0.000000000000000000e+00
0.000000000000000000e+00
0.000000000000000000e+00
0.000000000000000000e+00
0.000000000000000000e+00
0.000000000000000000e+00
0.000000000000000000e+00
0.000000000000000000e+00
0.000000000000000000e+00
0.000000000000000000e+00
2.527080889198484066e-04
0.000000000000000000e+00
1.917465861687847953e-03
-8.450431692035210605e-04
2.860321490204595970e-03
3.146910032870011992e-03
4.070168955069078387e-03
1.153593739257239952e-02
2.498621007666198754e-02
5.497291607834581956e-02
9.684872952401972490e-02
1.704370012374147314e-01
2.556120482885205214e-01
3.294783902736051484e-01
3.847355626714188404e-01
5.514533380256235739e-01
6.319094094897221847e-01
7.454594289572593624e-01
8.560046670228087518e-01
9.579267955203271123e-01
1.289025821221146506e+00
1.376610224877100164e+00
1.505726091640996467e+00
1.631420083317175029e+00
1.795010133824339160e+00
1.869105797868519048e+00
2.072913102173353561e+00
2.382680803404097603e+00
2.623033930535046299e+00
2.957290657464741734e+00
3.391819768992435868e+00
3.730134921840917883e+00
4.033668228956683421e+00
4.239851549008080589e+00
4.526094622322470507e+00
4.921492586117652834e+00
5.241729007477705871e+00
5.763473281472181853e+00
6.168444833297887619e+00
6.633796578523705634e+00
7.254828407076445274e+00
7.889190715550951083e+00
8.625218023564906744e+00
9.491587402058138778e+00
1.008121452635302617e+01
1.111272877420692140e+01
1.226428136121992019e+01
1.297548579330353924e+01
1.381467721708356855e+01
1.495331377498690451e+01
1.581679529919862581e+01
1.654529085439996550e+01
1.775729913280266103e+01
1.852135075569718481e+01
1.942584749166545777e+01
2.127784791432342715e+01
2.225070539930826996e+01
2.347467291196094763e+01
2.446168726824953410e+01
2.887771404777930329e+01
3.185765665048829121e+01
3.495927170700691278e+01
3.723422887715327079e+01
3.922619404829560352e+01
4.089567447955278823e+01
4.145134377175138241e+01
4.223374450467875363e+01
4.342263279661398911e+01
4.432357219130359738e+01
4.341787776467210591e+01
4.251533836151737233e+01
4.337214390063113711e+01
4.317311044695534150e+01
4.336430792731860606e+01
4.314054322457047164e+01
4.288750268100550755e+01
4.267729358840572473e+01
4.250298937533252541e+01
4.288323142619587713e+01
4.273790023098553803e+01
4.239401618785193904e+01
4.149540982407388157e+01
4.132802076766567012e+01
4.056837170759941102e+01
4.038435588877068483e+01
3.954192153378797769e+01
3.871606524764177237e+01
3.763118449962382783e+01
3.758402279085186848e+01
3.671795807890408980e+01
3.596746468376264971e+01
3.466221326738906328e+01
3.376558449799472328e+01
3.215460320228787339e+01
3.085059850584905305e+01
2.913317131645138147e+01
2.794438803120350201e+01
2.699367565569878025e+01
2.540690566500374459e+01
2.440218984704905125e+01
2.284277941405773049e+01
2.137270975344310742e+01
2.010855292277249617e+01
1.865419054797896337e+01
1.727303882165525195e+01
1.613080817986883631e+01
1.512661875497014208e+01
1.398010541396151396e+01
1.265347553919201573e+01
1.145032234342624911e+01
1.048901926623916125e+01
9.471680964864516383e+00
8.459771257486274010e+00
7.427076419676057029e+00
6.575262760666928941e+00
5.740120817576464418e+00
4.905469454172438404e+00
4.117994342552882436e+00
3.557628449028199746e+00
2.950853253526965592e+00
2.435751187663420136e+00
2.025041437919529841e+00
1.608160809213044828e+00
1.232827058216877880e+00
9.277057221641921148e-01
6.774982533463700385e-01
4.909118266067412639e-01
3.813517763086077261e-01
2.980625280512424480e-01
2.261564669526648363e-01
1.631956908646650384e-01
1.154758628179641117e-01
7.770990872319133436e-02
5.213802168450949043e-02
3.756294780457037491e-02
1.805982068589171916e-02
-1.067170224522378922e-04
0.000000000000000000e+00
0.000000000000000000e+00
0.000000000000000000e+00
0.000000000000000000e+00
0.000000000000000000e+00
0.000000000000000000e+00
0.000000000000000000e+00
0.000000000000000000e+00
0.000000000000000000e+00
0.000000000000000000e+00
