0.000000000000000000e+00
0.000000000000000000e+00
0.000000000000000000e+00
0.000000000000000000e+00
0.000000000000000000e+00
0.000000000000000000e+00
0.000000000000000000e+00
0.000000000000000000e+00
0.000000000000000000e+00
0.000000000000000000e+00
0.000000000000000000e+00
0.000000000000000000e+00
0.000000000000000000e+00
0.000000000000000000e+00
0.000000000000000000e+00
0.000000000000000000e+00
0.000000000000000000e+00
0.000000000000000000e+00
0.000000000000000000e+00
0.000000000000000000e+00
0.000000000000000000e+00
0.000000000000000000e+00
0.000000000000000000e+00
0.000000000000000000e+00
0.000000000000000000e+00
0.000000000000000000e+00
0.000000000000000000e+00
0.000000000000000000e+00
0.000000000000000000e+00
0.000000000000000000e+00
0.000000000000000000e+00
0.000000000000000000e+00
0.000000000000000000e+00
0.000000000000000000e+00
0.000000000000000000e+00
0.000000000000000000e+00
0.000000000000000000e+00
0.000000000000000000e+00
0.000000000000000000e+00
0.000000000000000000e+00
0.000000000000000000e+00
0.000000000000000000e+00
0.000000000000000000e+00
0.000000000000000000e+00
0.000000000000000000e+00
0.000000000000000000e+00
0.000000000000000000e+00
0.000000000000000000e+00
0.000000000000000000e+00
0.000000000000000000e+00
0.000000000000000000e+00
0.000000000000000000e+00
4.785206422463290921e-02
3.905456983136033206e-02
1.989652565460912348e-01
1.839380939740848098e-01
1.654684331969559774e-01
7.048198378085555049e-01
4.024337485310327533e-01
6.477035042807642862e-01
1.295802657027034899e+00
8.716713488625804640e-01
8.011474611659353817e-01
1.766038515708703072e+00
2.099345710569316736e+00
2.432944420632010996e+00
4.150709984339300718e+00
5.440017878493555337e+00
5.840606412650544144e+00
1.045039675068982454e+01
1.408566864995411372e+01
1.870369113370724534e+01
2.525313335326363529e+01
3.137474488776402026e+01
4.018993214805922776e+01
4.707111213625356783e+01
5.923186629045423501e+01
7.252754549688930297e+01
8.225275195728015376e+01
1.022088532381626749e+02
1.112018889415811316e+02
1.294031841050204434e+02
1.471782032927496005e+02
1.631024659293551906e+02
1.837280115681606105e+02
1.972421570570525091e+02
2.094998784063256210e+02
2.313420038921674404e+02
2.544459106121533125e+02
2.654581744117050448e+02
2.895871572690013522e+02
3.031503197679043637e+02
3.197593631933476104e+02
3.428102422763541313e+02
3.481582121977140787e+02
3.793669766810916144e+02
4.020857101002327454e+02
4.249807544973934341e+02
4.428808507665745537e+02
4.909534279090344739e+02
5.077247554063873736e+02
5.416228955489327745e+02
5.814701803423699857e+02
6.189558669088859233e+02
6.544575588405064082e+02
6.792360802967720019e+02
7.204373140328627869e+02
7.535387887073144384e+02
8.041325011714500306e+02
8.410121698959608239e+02
8.814689715466481630e+02
8.972236825999673329e+02
9.505430193324322090e+02
1.127701070547174140e+03
1.290227666350584286e+03
1.353902379321120407e+03
1.411243378650045770e+03
1.409351633821018822e+03
1.409127663545344149e+03
1.388348058250489657e+03
1.354562256490337859e+03
1.299427270098764438e+03
1.305559395346051588e+03
1.250389039435450968e+03
1.238044374829939898e+03
1.269597594748528081e+03
1.317277630007677089e+03
1.331778215242857186e+03
1.313308576303399150e+03
1.333592457357594867e+03
1.333373478291321135e+03
1.317238078840582148e+03
1.296343278934894443e+03
1.249240072754864968e+03
1.240209778465964291e+03
1.207251338016451655e+03
1.172739909964089520e+03
1.138383641920451510e+03
1.107895140341394153e+03
1.072225988151900538e+03
1.031092675650543015e+03
9.915416890446318803e+02
9.482506237238530957e+02
9.219718231312039052e+02
8.806991803062207964e+02
8.240255140619469785e+02
7.722680227982334600e+02
7.263936281388793077e+02
6.696169047629847455e+02
6.325109301667101818e+02
5.945937219756453942e+02
5.534113537356315646e+02
5.134821937596699399e+02
4.738999757202444698e+02
4.352121265338072931e+02
4.008885712303601849e+02
3.776390256561949172e+02
3.400198581541381486e+02
3.050320004557226525e+02
2.694397280952667870e+02
2.408672770134529912e+02
2.141448532521112895e+02
1.920329499103513058e+02
1.669855186818793698e+02
1.461955230112288859e+02
1.252363362188445706e+02
1.094357202210180446e+02
9.066833781744355747e+01
7.632671221060469691e+01
6.273142201237531879e+01
5.127139473600134778e+01
4.075966519628605766e+01
3.217346952821144157e+01
2.587041895794197188e+01
2.037943802052362940e+01
1.645356322071060262e+01
1.283869265372945634e+01
9.215547359441501385e+00
6.301096968200059933e+00
4.182286107616809190e+00
2.751751370309217570e+00
2.003112768877817196e+00
1.648264716934724206e+00
1.278402248574466826e+00
8.871438216641607255e-01
6.498468046392920083e-01
4.460552033116763626e-01
3.024486074672207980e-01
1.995357660245390130e-01
9.183081605899418021e-02
4.803896648607628101e-04
0.000000000000000000e+00
0.000000000000000000e+00
0.000000000000000000e+00
0.000000000000000000e+00
0.000000000000000000e+00
0.000000000000000000e+00
0.000000000000000000e+00
0.000000000000000000e+00
0.000000000000000000e+00
0.000000000000000000e+00
