0.000000000000000000e+00
0.000000000000000000e+00
0.000000000000000000e+00
0.000000000000000000e+00
0.000000000000000000e+00
0.000000000000000000e+00
0.000000000000000000e+00
0.000000000000000000e+00
0.000000000000000000e+00
0.000000000000000000e+00
0.000000000000000000e+00
0.000000000000000000e+00
0.000000000000000000e+00
0.000000000000000000e+00
0.000000000000000000e+00
0.000000000000000000e+00
0.000000000000000000e+00
0.000000000000000000e+00
0.000000000000000000e+00
0.000000000000000000e+00
0.000000000000000000e+00
0.000000000000000000e+00
0.000000000000000000e+00
0.000000000000000000e+00
0.000000000000000000e+00
0.000000000000000000e+00
0.000000000000000000e+00
0.000000000000000000e+00
0.000000000000000000e+00
0.000000000000000000e+00
0.000000000000000000e+00
0.000000000000000000e+00
0.000000000000000000e+00
0.000000000000000000e+00
0.000000000000000000e+00
0.000000000000000000e+00
0.000000000000000000e+00
0.000000000000000000e+00
0.000000000000000000e+00
0.000000000000000000e+00
0.000000000000000000e+00
0.000000000000000000e+00
0.000000000000000000e+00
0.000000000000000000e+00
0.000000000000000000e+00
0.000000000000000000e+00
0.000000000000000000e+00
0.000000000000000000e+00
0.000000000000000000e+00
0.000000000000000000e+00
0.000000000000000000e+00
0.000000000000000000e+00
0.000000000000000000e+00
0.000000000000000000e+00
0.000000000000000000e+00
0.000000000000000000e+00
0.000000000000000000e+00
0.000000000000000000e+00
0.000000000000000000e+00
0.000000000000000000e+00
0.000000000000000000e+00
0.000000000000000000e+00
0.000000000000000000e+00
0.000000000000000000e+00
0.000000000000000000e+00
0.000000000000000000e+00
0.000000000000000000e+00
0.000000000000000000e+00
0.000000000000000000e+00
0.000000000000000000e+00
0.000000000000000000e+00
0.000000000000000000e+00
0.000000000000000000e+00
0.000000000000000000e+00
0.000000000000000000e+00
0.000000000000000000e+00
0.000000000000000000e+00
0.000000000000000000e+00
0.000000000000000000e+00
0.000000000000000000e+00
0.000000000000000000e+00
0.000000000000000000e+00
0.000000000000000000e+00
0.000000000000000000e+00
0.000000000000000000e+00
0.000000000000000000e+00
0.000000000000000000e+00
0.000000000000000000e+00
0.000000000000000000e+00
0.000000000000000000e+00
0.000000000000000000e+00
0.000000000000000000e+00
0.000000000000000000e+00
0.000000000000000000e+00
0.000000000000000000e+00
0.000000000000000000e+00
0.000000000000000000e+00
0.000000000000000000e+00
0.000000000000000000e+00
0.000000000000000000e+00
8.327262165921478072e+02
8.739949319765510154e+02
9.091967655464652580e+02
9.414744693356036578e+02
9.621352315607880428e+02
9.934052077538287904e+02
1.039666629160339880e+03
1.088050639089346760e+03
1.112548281679506090e+03
1.128185543542863115e+03
1.170713347826993413e+03
1.195064321359437827e+03
1.253339118614175959e+03
1.249675900217471735e+03
1.317223653199820092e+03
1.338190392002439239e+03
1.348724744975483191e+03
1.381037054162604818e+03
1.424198071353461501e+03
1.433224221899468603e+03
1.455886480506665748e+03
1.483041833680475293e+03
1.499945650223831763e+03
1.531423898498394010e+03
1.530573302549817527e+03
1.516924581008411678e+03
1.540616296774071543e+03
1.546632442127713830e+03
1.543347604243517253e+03
1.549764812977373367e+03
1.546321575503485747e+03
1.536782087821122786e+03
1.539299456876642807e+03
1.518165153509799438e+03
1.507621119922239586e+03
1.473996193040261005e+03
1.450699384340878851e+03
1.425603421937108351e+03
1.383757837557021730e+03
1.370874334815956900e+03
1.336894529910398887e+03
1.297403508776320223e+03
1.248094155025327836e+03
1.206404954166343714e+03
1.173843822182755730e+03
1.113884693512529793e+03
1.080125535869974556e+03
1.031050606777121402e+03
9.850314001585463757e+02
9.325229311572876441e+02
8.815652450789328896e+02
8.288604519643237154e+02
7.841455196172963724e+02
7.309983506764292542e+02
6.854934762467804603e+02
6.301934100939785139e+02
5.819343632047762185e+02
5.390349982981490484e+02
4.909176964754997812e+02
4.488233348496689814e+02
4.085322103077841120e+02
3.645189789401047165e+02
3.290211126753309259e+02
2.896597210915157916e+02
2.551382336236156618e+02
2.223807479537743177e+02
1.953811902091914590e+02
1.704617807903717903e+02
1.467563196559843846e+02
1.228016501302066530e+02
1.024278185913055097e+02
8.272279873634283831e+01
6.680860269123343187e+01
5.348717878209577492e+01
4.468730119476291662e+01
3.627075518690983813e+01
2.773754423214646891e+01
2.056293442996152976e+01
1.434113318646965851e+01
9.470477565208540227e+00
6.471013632169329455e+00
4.900141756122032177e+00
4.108655832891616733e+00
3.326369719895075239e+00
2.470430802226656564e+00
1.795372547580766920e+00
1.281935613208602831e+00
9.182013585310689896e-01
6.537968079118223752e-01
2.522631318471865169e-01
4.972818149435830407e-03
0.000000000000000000e+00
0.000000000000000000e+00
0.000000000000000000e+00
0.000000000000000000e+00
0.000000000000000000e+00
0.000000000000000000e+00
0.000000000000000000e+00
0.000000000000000000e+00
0.000000000000000000e+00
0.000000000000000000e+00
