0.000000000000000000e+00
0.000000000000000000e+00
0.000000000000000000e+00
0.000000000000000000e+00
0.000000000000000000e+00
0.000000000000000000e+00
0.000000000000000000e+00
0.000000000000000000e+00
0.000000000000000000e+00
0.000000000000000000e+00
0.000000000000000000e+00
0.000000000000000000e+00
0.000000000000000000e+00
0.000000000000000000e+00
0.000000000000000000e+00
0.000000000000000000e+00
0.000000000000000000e+00
0.000000000000000000e+00
0.000000000000000000e+00
0.000000000000000000e+00
0.000000000000000000e+00
0.000000000000000000e+00
0.000000000000000000e+00
0.000000000000000000e+00
0.000000000000000000e+00
0.000000000000000000e+00
0.000000000000000000e+00
0.000000000000000000e+00
0.000000000000000000e+00
0.000000000000000000e+00
0.000000000000000000e+00
0.000000000000000000e+00
0.000000000000000000e+00
0.000000000000000000e+00
0.000000000000000000e+00
0.000000000000000000e+00
0.000000000000000000e+00
0.000000000000000000e+00
0.000000000000000000e+00
0.000000000000000000e+00
0.000000000000000000e+00
0.000000000000000000e+00
0.000000000000000000e+00
0.000000000000000000e+00
0.000000000000000000e+00
0.000000000000000000e+00
0.000000000000000000e+00
0.000000000000000000e+00
0.000000000000000000e+00
0.000000000000000000e+00
0.000000000000000000e+00
0.000000000000000000e+00
0.000000000000000000e+00
0.000000000000000000e+00
0.000000000000000000e+00
0.000000000000000000e+00
0.000000000000000000e+00
0.000000000000000000e+00
0.000000000000000000e+00
0.000000000000000000e+00
0.000000000000000000e+00
0.000000000000000000e+00
0.000000000000000000e+00
0.000000000000000000e+00
0.000000000000000000e+00
0.000000000000000000e+00
0.000000000000000000e+00
0.000000000000000000e+00
0.000000000000000000e+00
0.000000000000000000e+00
0.000000000000000000e+00
0.000000000000000000e+00
0.000000000000000000e+00
0.000000000000000000e+00
0.000000000000000000e+00
0.000000000000000000e+00
0.000000000000000000e+00
0.000000000000000000e+00
0.000000000000000000e+00
0.000000000000000000e+00
0.000000000000000000e+00
0.000000000000000000e+00
0.000000000000000000e+00
0.000000000000000000e+00
0.000000000000000000e+00
0.000000000000000000e+00
0.000000000000000000e+00
0.000000000000000000e+00
0.000000000000000000e+00
0.000000000000000000e+00
0.000000000000000000e+00
0.000000000000000000e+00
0.000000000000000000e+00
0.000000000000000000e+00
0.000000000000000000e+00
0.000000000000000000e+00
0.000000000000000000e+00
0.000000000000000000e+00
0.000000000000000000e+00
0.000000000000000000e+00
3.999173878994434290e+03
4.093493189604382678e+03
4.189009776091938875e+03
4.317614716482410586e+03
4.468581651313521434e+03
4.672145011218647596e+03
4.770401956005051034e+03
4.789909875469916187e+03
4.992492532869379829e+03
5.098909713857227871e+03
5.162573790323034700e+03
5.336217779633730970e+03
5.469014906320812770e+03
5.509257220838565445e+03
5.718451039378435780e+03
5.813778739352876983e+03
5.954995520432878038e+03
5.998463556242243612e+03
6.125205312912444242e+03
6.201369550386652918e+03
6.360300413378144185e+03
6.466208274589183020e+03
6.557862579454636943e+03
6.656381455098883634e+03
6.730270421945005182e+03
6.795990430238832232e+03
6.770755639611035804e+03
6.856276230534685055e+03
6.867516938002193456e+03
6.933628809305595496e+03
6.973990136556333709e+03
6.991025698973704493e+03
7.021947372836663817e+03
7.015107090470367439e+03
6.913482550294692373e+03
6.906184292521373209e+03
6.887368082518565643e+03
6.852228156552936525e+03
6.836079863727194606e+03
6.749530680688901157e+03
6.631296591887092291e+03
6.497028002252377519e+03
6.330646119116830050e+03
6.243492448740433247e+03
6.124866510953966099e+03
5.967974967574185939e+03
5.812895184636838167e+03
5.645004631980056729e+03
5.464452967725450435e+03
5.285707118719720711e+03
5.071119791858559438e+03
4.886620205214453563e+03
4.714101747951824109e+03
4.435966035475965327e+03
4.222752840794375516e+03
4.044093527439275476e+03
3.785672353990015836e+03
3.557067295702814135e+03
3.372767452011250498e+03
3.185732205337265441e+03
2.952986751285750415e+03
2.771702882937844606e+03
2.563645233128733253e+03
2.360762720023574730e+03
2.147629805121128356e+03
1.959720787707638920e+03
1.784054302238207356e+03
1.637176896561677722e+03
1.482127402128216545e+03
1.308627616522791641e+03
1.158817868048229002e+03
1.019735654082552514e+03
8.825727406666998149e+02
7.697311508232926371e+02
6.555793533456076148e+02
5.568256239906201017e+02
4.657889147040627904e+02
3.724126783337263760e+02
3.026540823170800536e+02
2.358273950169423756e+02
1.849192808980063205e+02
1.517484549472952153e+02
1.203399117631208810e+02
9.519428068356685912e+01
6.989152146654485875e+01
4.972785771383451703e+01
3.501835321059540718e+01
2.279354049428763673e+01
1.672246531754723264e+01
6.112539079864264480e+00
2.137720675074905596e-01
0.000000000000000000e+00
0.000000000000000000e+00
0.000000000000000000e+00
0.000000000000000000e+00
0.000000000000000000e+00
0.000000000000000000e+00
0.000000000000000000e+00
0.000000000000000000e+00
0.000000000000000000e+00
0.000000000000000000e+00
