1.235382238241745654e+02
1.687092505759089363e+03
3.931007478489331334e+03
5.805829644170360552e+03
7.320730901991052633e+03
8.397556265483346579e+03
9.205764730485576365e+03
9.750012569899719892e+03
1.005356819571750748e+04
1.028355582915763080e+04
1.028943632950672509e+04
1.025364901062351601e+04
1.011397903565318120e+04
9.972364717638542061e+03
9.698318817988390947e+03
9.319853481057230965e+03
9.141635594981198665e+03
8.782050585734330525e+03
8.503541332216582305e+03
8.116817177940176407e+03
7.867575664437368687e+03
7.597259266362022572e+03
7.233451208619733734e+03
6.980226240098172639e+03
6.637130577210554293e+03
6.363240431093295228e+03
6.137526406844137455e+03
5.886869867964912373e+03
5.546465390306422705e+03
5.361527368830367777e+03
5.073998356332975163e+03
4.833480942393507576e+03
4.638760809578363478e+03
4.433335334683176370e+03
4.225735241184059305e+03
4.008936461787920507e+03
3.768949716020094911e+03
3.628781921200259148e+03
3.460455976588725662e+03
3.312600519809360776e+03
3.109515105957945252e+03
2.964785925321131799e+03
2.818446658091916106e+03
2.680322399610519369e+03
2.512091961495516898e+03
2.430706545799419473e+03
2.303776351687464739e+03
2.157725391195900556e+03
2.037643333384797188e+03
1.949697908623775675e+03
1.814027168247476766e+03
1.696908010353523196e+03
1.601022456918896751e+03
1.515329214462145728e+03
1.432622540056769822e+03
1.327159935303831162e+03
1.241002278020493804e+03
1.175999856130176568e+03
1.071972456339678047e+03
1.053996640915113403e+03
9.853188363582413558e+02
9.325113864537663630e+02
8.362060177319907552e+02
7.561416887326957976e+02
7.180486951938510174e+02
6.620879376043438924e+02
6.100187147237595582e+02
5.757738850167665987e+02
5.490010509778817323e+02
5.065072575078842192e+02
4.591522658002875801e+02
3.976997348809054529e+02
3.740334530482127207e+02
3.399001978504173280e+02
3.274240927890530202e+02
3.010164048738883480e+02
2.603458080957353786e+02
2.495770173578322897e+02
2.189241190690932228e+02
1.852532150548993570e+02
1.730582034416353281e+02
1.556002057328438468e+02
1.374216668638152612e+02
1.265415017173266250e+02
1.120187304613515380e+02
9.744911187258718144e+01
8.674977437396368884e+01
7.175149031837649716e+01
6.567805965133285895e+01
5.457684703386226488e+01
5.230407253098948672e+01
4.796585331974634414e+01
4.225256739414813723e+01
3.350197024934689694e+01
3.275308491114805776e+01
2.670411031995427820e+01
2.312064423817420433e+01
1.737446692733523435e+01
1.587377208859345679e+01
1.351517531781568771e+01
