1.819955623238444620e+00
1.949769471544280819e+01
4.229697388268639457e+01
6.065346334524002003e+01
7.384742528510972193e+01
8.186297356321496466e+01
8.791514679673890953e+01
9.087669309998580047e+01
9.202210615266963600e+01
9.179981544681679395e+01
9.105845654814723389e+01
8.931183336884063806e+01
8.666255638301913677e+01
8.452830598889599401e+01
8.138660832966557734e+01
7.864345707156269327e+01
7.533882297407819806e+01
7.177655934236548774e+01
6.883718622423815248e+01
6.525507467655305049e+01
6.290773479351855002e+01
5.963263621973336370e+01
5.683408640766539577e+01
5.413941546974246677e+01
5.158076377470666785e+01
4.918161709266394865e+01
4.679536460401764941e+01
4.448422649262020911e+01
4.207940077920970623e+01
3.964724886460208353e+01
3.821995834456642172e+01
3.613282745511358485e+01
3.425234475415852842e+01
3.257770271154240049e+01
3.066666323670877858e+01
2.926401392162960136e+01
2.779921224802135171e+01
2.648558645623136698e+01
2.497298789516045758e+01
2.380372377914213899e+01
2.223284606079869619e+01
2.095343352189051700e+01
2.009490123770551406e+01
1.909442624030202396e+01
1.772615640465317455e+01
1.680063034401520738e+01
1.574103267872508383e+01
1.504615057856645244e+01
1.404780062297584386e+01
1.340469016241791067e+01
1.250693139690386424e+01
1.175560450880173313e+01
1.121411840194527620e+01
1.066317529371567474e+01
9.685874012916542597e+00
9.241982210515608642e+00
8.657970469306491168e+00
8.106288883622761787e+00
7.546802845153592898e+00
6.972436602182614074e+00
6.548895312962645043e+00
6.075197694545334315e+00
5.661329457549523880e+00
5.199936373785209121e+00
4.786180000162281623e+00
4.468332995210424485e+00
4.150365367794566218e+00
3.814417594594252670e+00
3.496809096644132975e+00
3.291010688626681890e+00
3.106560569921185344e+00
2.711116103066387062e+00
2.558014961503146001e+00
2.253853543965997019e+00
2.098501264527086185e+00
1.979025397621949622e+00
1.782620409293865782e+00
1.590624646600389047e+00
1.389882602822343216e+00
1.235441281424303206e+00
1.124086675651554623e+00
1.039549669508317731e+00
9.176936012299801160e-01
8.123738913373365067e-01
7.587581780577536961e-01
6.596629633311656971e-01
6.330976958310905456e-01
5.566002270404840635e-01
4.894391069735203881e-01
4.219877281913075873e-01
3.497772188270152904e-01
2.924777132904393118e-01
2.422853979899777799e-01
2.447274272084959401e-01
2.140526217451577118e-01
1.585450849691552866e-01
1.416483430561954748e-01
1.376977145555457471e-01
1.231197585787078136e-01
8.178248788305995942e-02
