0.000000000000000000e+00
0.000000000000000000e+00
0.000000000000000000e+00
0.000000000000000000e+00
0.000000000000000000e+00
0.000000000000000000e+00
0.000000000000000000e+00
0.000000000000000000e+00
0.000000000000000000e+00
0.000000000000000000e+00
0.000000000000000000e+00
0.000000000000000000e+00
0.000000000000000000e+00
0.000000000000000000e+00
0.000000000000000000e+00
0.000000000000000000e+00
0.000000000000000000e+00
0.000000000000000000e+00
0.000000000000000000e+00
0.000000000000000000e+00
0.000000000000000000e+00
0.000000000000000000e+00
0.000000000000000000e+00
0.000000000000000000e+00
0.000000000000000000e+00
0.000000000000000000e+00
0.000000000000000000e+00
0.000000000000000000e+00
0.000000000000000000e+00
0.000000000000000000e+00
0.000000000000000000e+00
0.000000000000000000e+00
0.000000000000000000e+00
0.000000000000000000e+00
0.000000000000000000e+00
0.000000000000000000e+00
0.000000000000000000e+00
0.000000000000000000e+00
0.000000000000000000e+00
0.000000000000000000e+00
0.000000000000000000e+00
0.000000000000000000e+00
0.000000000000000000e+00
0.000000000000000000e+00
0.000000000000000000e+00
0.000000000000000000e+00
0.000000000000000000e+00
0.000000000000000000e+00
0.000000000000000000e+00
0.000000000000000000e+00
0.000000000000000000e+00
0.000000000000000000e+00
0.000000000000000000e+00
0.000000000000000000e+00
0.000000000000000000e+00
0.000000000000000000e+00
0.000000000000000000e+00
0.000000000000000000e+00
0.000000000000000000e+00
0.000000000000000000e+00
0.000000000000000000e+00
0.000000000000000000e+00
0.000000000000000000e+00
0.000000000000000000e+00
0.000000000000000000e+00
0.000000000000000000e+00
0.000000000000000000e+00
0.000000000000000000e+00
0.000000000000000000e+00
0.000000000000000000e+00
0.000000000000000000e+00
0.000000000000000000e+00
0.000000000000000000e+00
0.000000000000000000e+00
0.000000000000000000e+00
0.000000000000000000e+00
0.000000000000000000e+00
0.000000000000000000e+00
0.000000000000000000e+00
0.000000000000000000e+00
0.000000000000000000e+00
0.000000000000000000e+00
0.000000000000000000e+00
0.000000000000000000e+00
0.000000000000000000e+00
0.000000000000000000e+00
0.000000000000000000e+00
0.000000000000000000e+00
0.000000000000000000e+00
0.000000000000000000e+00
0.000000000000000000e+00
0.000000000000000000e+00
0.000000000000000000e+00
0.000000000000000000e+00
0.000000000000000000e+00
0.000000000000000000e+00
0.000000000000000000e+00
0.000000000000000000e+00
0.000000000000000000e+00
0.000000000000000000e+00
3.457975147684871242e+00
3.558927844662089335e+00
3.668202047170683322e+00
3.785754750321774331e+00
3.946814616744522386e+00
4.132405187824249815e+00
4.255788191149814104e+00
4.305251310509158102e+00
4.520953618346476688e+00
4.635538161056189210e+00
4.744614019862270382e+00
4.926830584677038161e+00
5.074515051911920871e+00
5.160037002626737923e+00
5.411321993662745911e+00
5.515275614265378046e+00
5.730092406471120725e+00
5.778956560017965316e+00
5.996227078345259365e+00
6.134306241408285842e+00
6.340717078667104545e+00
6.507340647200165584e+00
6.665092815025348116e+00
6.838712700347518769e+00
7.005576166966329232e+00
7.161105348093851575e+00
7.197605625995461054e+00
7.397545840185301813e+00
7.535795569355456358e+00
7.711407855286351420e+00
7.869504450883942681e+00
8.013412799325928759e+00
8.162960538287698853e+00
8.290189438719057335e+00
8.325886591159083139e+00
8.485696829096895044e+00
8.629077452974858176e+00
8.733210620810151426e+00
8.912199448387923439e+00
9.021266018107066742e+00
9.090624649403693525e+00
9.122732055490230252e+00
9.162777276629151757e+00
9.243498286618910598e+00
9.362459427632680686e+00
9.385029409963845382e+00
9.439432161176540603e+00
9.483012132713547260e+00
9.479007993992357939e+00
9.514696640245125181e+00
9.465100345715969254e+00
9.430584948087442854e+00
9.463014277723051038e+00
9.272615195453266068e+00
9.184946927437092512e+00
9.168855710721862451e+00
8.941835083796078720e+00
8.768019824687053543e+00
8.642093021868697988e+00
8.478855409523138320e+00
8.164644056254717341e+00
7.961321250655202242e+00
7.674178849670559188e+00
7.383955381552480546e+00
6.978021778045505386e+00
6.616262072720359377e+00
6.223391882600107117e+00
5.881572690174793117e+00
5.488203316633612161e+00
5.028328793317252021e+00
4.610895474035512365e+00
4.196787507101716663e+00
3.755256467454358926e+00
3.355955180509059943e+00
2.915377543011958394e+00
2.522131099114503172e+00
2.159316748021603338e+00
1.776970303021234709e+00
1.489341121041615423e+00
1.198712802433922198e+00
9.685676589827830751e-01
8.041884318609133775e-01
6.406069152375027942e-01
5.104203308575105957e-01
3.802617646205841417e-01
2.749146069535213788e-01
1.963793946689549597e-01
1.295350066261253541e-01
9.360789501427112247e-02
3.398623327157727914e-02
1.188584746476368907e-03
0.000000000000000000e+00
0.000000000000000000e+00
0.000000000000000000e+00
0.000000000000000000e+00
0.000000000000000000e+00
0.000000000000000000e+00
0.000000000000000000e+00
0.000000000000000000e+00
0.000000000000000000e+00
0.000000000000000000e+00
