0.000000000000000000e+00
0.000000000000000000e+00
0.000000000000000000e+00
0.000000000000000000e+00
0.000000000000000000e+00
0.000000000000000000e+00
0.000000000000000000e+00
0.000000000000000000e+00
0.000000000000000000e+00
0.000000000000000000e+00
0.000000000000000000e+00
0.000000000000000000e+00
0.000000000000000000e+00
0.000000000000000000e+00
0.000000000000000000e+00
0.000000000000000000e+00
0.000000000000000000e+00
0.000000000000000000e+00
0.000000000000000000e+00
0.000000000000000000e+00
0.000000000000000000e+00
0.000000000000000000e+00
0.000000000000000000e+00
0.000000000000000000e+00
0.000000000000000000e+00
0.000000000000000000e+00
0.000000000000000000e+00
0.000000000000000000e+00
0.000000000000000000e+00
0.000000000000000000e+00
0.000000000000000000e+00
0.000000000000000000e+00
0.000000000000000000e+00
0.000000000000000000e+00
0.000000000000000000e+00
0.000000000000000000e+00
0.000000000000000000e+00
0.000000000000000000e+00
0.000000000000000000e+00
0.000000000000000000e+00
0.000000000000000000e+00
0.000000000000000000e+00
0.000000000000000000e+00
0.000000000000000000e+00
0.000000000000000000e+00
0.000000000000000000e+00
0.000000000000000000e+00
0.000000000000000000e+00
0.000000000000000000e+00
0.000000000000000000e+00
0.000000000000000000e+00
0.000000000000000000e+00
0.000000000000000000e+00
0.000000000000000000e+00
0.000000000000000000e+00
0.000000000000000000e+00
0.000000000000000000e+00
0.000000000000000000e+00
0.000000000000000000e+00
0.000000000000000000e+00
0.000000000000000000e+00
0.000000000000000000e+00
0.000000000000000000e+00
0.000000000000000000e+00
0.000000000000000000e+00
0.000000000000000000e+00
0.000000000000000000e+00
0.000000000000000000e+00
0.000000000000000000e+00
0.000000000000000000e+00
0.000000000000000000e+00
0.000000000000000000e+00
0.000000000000000000e+00
0.000000000000000000e+00
0.000000000000000000e+00
0.000000000000000000e+00
0.000000000000000000e+00
0.000000000000000000e+00
0.000000000000000000e+00
0.000000000000000000e+00
0.000000000000000000e+00
0.000000000000000000e+00
0.000000000000000000e+00
0.000000000000000000e+00
0.000000000000000000e+00
0.000000000000000000e+00
0.000000000000000000e+00
0.000000000000000000e+00
0.000000000000000000e+00
0.000000000000000000e+00
0.000000000000000000e+00
0.000000000000000000e+00
0.000000000000000000e+00
0.000000000000000000e+00
0.000000000000000000e+00
0.000000000000000000e+00
0.000000000000000000e+00
0.000000000000000000e+00
0.000000000000000000e+00
0.000000000000000000e+00
4.977864248061717234e+00
5.227366486426057612e+00
5.441187155259429531e+00
5.636927492475250823e+00
5.763518035247026994e+00
5.955444419275231382e+00
6.233943466860488059e+00
6.527230255697230810e+00
6.678196427700141768e+00
6.778520650567303463e+00
7.037687608689048524e+00
7.187975603232222177e+00
7.544904586707292360e+00
7.527776929071154477e+00
7.938219907728220726e+00
8.071527575219201722e+00
8.142051632626756685e+00
8.342592665327915213e+00
8.611585335361993998e+00
8.673136296085843355e+00
8.818571005419377329e+00
8.992093530151551661e+00
9.101724983105162536e+00
9.301108321874547613e+00
9.304439708891166561e+00
9.230407276914126768e+00
9.385285338798723842e+00
9.428588842339637566e+00
9.419791564846464738e+00
9.469282394296323346e+00
9.457327212993162036e+00
9.408908117112082081e+00
9.433002570479734672e+00
9.315124413476452148e+00
9.259696177846944209e+00
9.064557044102611982e+00
8.933289849565788643e+00
8.789188725134030378e+00
8.543582803266446035e+00
8.476057888994871448e+00
8.278545466419028998e+00
8.048018580196957927e+00
7.757935579474264820e+00
7.514759606503657707e+00
7.327251106507262968e+00
6.971003857315759333e+00
6.774142741787565924e+00
6.482280624853510531e+00
6.208613368450605741e+00
5.891278147747138760e+00
5.581513812849391520e+00
5.257995299692408864e+00
4.983586148539929539e+00
4.654482873182879565e+00
4.372545995958144971e+00
4.027966296152806436e+00
3.726865992295258057e+00
3.459176744749069332e+00
3.156316659093985955e+00
2.890430762782072005e+00
2.635566726174252139e+00
2.356259610310182495e+00
2.131473623430552244e+00
1.881154366001114520e+00
1.661700281713664351e+00
1.452799027250830211e+00
1.280309452875927567e+00
1.120780239324878025e+00
9.683020399743192952e-01
8.139715963950614475e-01
6.825225261975113034e-01
5.544210731386512991e-01
4.504340140837782558e-01
3.622664889943942312e-01
3.030779367204329833e-01
2.460050527205069892e-01
1.883353891093274002e-01
1.399199487276307774e-01
9.785918868851875563e-02
6.488149053031937175e-02
4.453868238544522740e-02
3.382804186110640460e-02
2.838365811325987975e-02
2.300816803692385185e-02
1.713606076639381109e-02
1.248998537478357602e-02
8.943551671189993446e-03
6.415515933654894823e-03
4.558211693556331670e-03
1.755582447652847839e-03
3.483532781590155457e-05
0.000000000000000000e+00
0.000000000000000000e+00
0.000000000000000000e+00
0.000000000000000000e+00
0.000000000000000000e+00
0.000000000000000000e+00
0.000000000000000000e+00
0.000000000000000000e+00
0.000000000000000000e+00
0.000000000000000000e+00
