0.000000000000000000e+00
0.000000000000000000e+00
0.000000000000000000e+00
0.000000000000000000e+00
0.000000000000000000e+00
0.000000000000000000e+00
0.000000000000000000e+00
0.000000000000000000e+00
0.000000000000000000e+00
0.000000000000000000e+00
0.000000000000000000e+00
0.000000000000000000e+00
0.000000000000000000e+00
0.000000000000000000e+00
0.000000000000000000e+00
0.000000000000000000e+00
0.000000000000000000e+00
0.000000000000000000e+00
0.000000000000000000e+00
0.000000000000000000e+00
0.000000000000000000e+00
0.000000000000000000e+00
0.000000000000000000e+00
0.000000000000000000e+00
0.000000000000000000e+00
0.000000000000000000e+00
0.000000000000000000e+00
0.000000000000000000e+00
0.000000000000000000e+00
0.000000000000000000e+00
0.000000000000000000e+00
0.000000000000000000e+00
0.000000000000000000e+00
0.000000000000000000e+00
0.000000000000000000e+00
0.000000000000000000e+00
0.000000000000000000e+00
0.000000000000000000e+00
0.000000000000000000e+00
0.000000000000000000e+00
0.000000000000000000e+00
0.000000000000000000e+00
0.000000000000000000e+00
0.000000000000000000e+00
0.000000000000000000e+00
0.000000000000000000e+00
0.000000000000000000e+00
0.000000000000000000e+00
0.000000000000000000e+00
0.000000000000000000e+00
0.000000000000000000e+00
0.000000000000000000e+00
0.000000000000000000e+00
0.000000000000000000e+00
4.383578239749941902e-02
0.000000000000000000e+00
3.248501273345631990e-01
-1.405737070259016064e-01
4.819744889521449527e-01
5.463252648832290781e-01
6.849725078272866918e-01
1.949937152414339847e+00
4.198022435119207252e+00
9.247008527222806862e+00
1.625014329489825116e+01
2.858695309841577270e+01
4.291169305573706083e+01
5.537731905975076785e+01
6.464637548904418907e+01
9.261224227908334683e+01
1.059804446442646224e+02
1.251081633968603910e+02
1.434733066885835626e+02
1.603650252052215990e+02
2.156211644286166234e+02
2.302655041033994223e+02
2.520611614857588449e+02
2.727410926425312709e+02
3.001331257119720703e+02
3.123988772585565243e+02
3.461692190574555639e+02
3.979456906862014307e+02
4.377253236223862700e+02
4.935284710314885501e+02
5.654126448983411137e+02
6.218765307133744500e+02
6.719890749821887539e+02
7.063807134579809599e+02
7.532921267936901586e+02
8.187323597820487748e+02
8.721292792491206001e+02
9.584221156493659919e+02
1.025078045505061482e+03
1.102348112177779285e+03
1.204544913163358160e+03
1.309956772005120911e+03
1.431378725296921402e+03
1.574790558940771916e+03
1.670084972422291230e+03
1.839913684318320747e+03
2.029704411147353994e+03
2.146694218010695295e+03
2.283976836939289115e+03
2.470291468507920399e+03
2.611329490545927001e+03
2.729937955635411527e+03
2.927932333383288096e+03
3.051324298040872236e+03
3.195605792361671320e+03
3.500073823178148814e+03
3.656888243908770164e+03
3.855102777672162119e+03
4.007961065068831886e+03
4.728536013352179907e+03
5.214598298264399091e+03
5.719688724871155500e+03
6.087101974268675804e+03
6.405268148206399928e+03
6.674741966048632094e+03
6.758237794526526159e+03
6.877298177249865148e+03
7.066024648408142639e+03
7.204764410506868444e+03
7.046796296911478748e+03
6.889836920864430795e+03
7.019504026889414490e+03
6.975446680203795040e+03
6.995140427300950250e+03
6.947413445020344625e+03
6.892547659710001426e+03
6.844292747758471705e+03
6.800684516234135117e+03
6.846216174295968813e+03
6.805362893301645272e+03
6.736090232557150557e+03
6.575596341013043457e+03
6.531358218353411758e+03
6.390746372423674984e+03
6.343674860596512190e+03
6.192181168441441514e+03
6.043229068897419893e+03
5.852487102322708779e+03
5.828596336350789898e+03
5.674378545438658875e+03
5.541902568597873142e+03
5.320407860344532310e+03
5.166092323964475327e+03
4.900559154691452022e+03
4.684537956244061206e+03
4.407886034315558391e+03
4.212942918336339972e+03
4.055009634079521675e+03
3.802220925791524223e+03
3.639656135787736730e+03
3.393348701379371050e+03
3.161318968331944689e+03
2.961004938797165778e+03
2.733498607958205866e+03
2.519960376626098423e+03
2.342571399768059109e+03
2.187702327710917871e+03
2.012545651586440727e+03
1.812971022080430885e+03
1.633360294041300676e+03
1.489845996057920729e+03
1.340454822182416365e+03
1.194111612160192408e+03
1.047438283390346214e+03
9.266915805716597561e+02
8.086346902362440687e+02
6.909526595888168004e+02
5.808876064221773277e+02
5.032069244075594838e+02
4.199373102533820088e+02
3.502319595009187765e+02
2.948631469235174904e+02
2.382391460850463432e+02
1.864355306058842530e+02
1.442803841255393422e+02
1.091282663798637742e+02
8.160356660605705770e+01
6.441905391965433125e+01
5.012206870607948161e+01
3.789455902263745202e+01
2.747218549919049124e+01
1.947580107220634105e+01
1.310842282420184191e+01
8.794424023653974132e+00
6.336356062362210828e+00
3.046794819284902811e+00
-1.802592977251306697e-02
0.000000000000000000e+00
0.000000000000000000e+00
0.000000000000000000e+00
0.000000000000000000e+00
0.000000000000000000e+00
0.000000000000000000e+00
0.000000000000000000e+00
0.000000000000000000e+00
0.000000000000000000e+00
0.000000000000000000e+00
