2.390436934420327730e-01
3.858289614929912403e+00
9.436437737447191054e+00
1.392752208947048054e+01
1.706294551423191308e+01
1.892202410075584851e+01
2.013640407736732385e+01
2.074914814058524826e+01
2.076326922195222124e+01
2.032161636408723382e+01
1.987959188879309735e+01
1.912003437695913988e+01
1.816512528458797249e+01
1.721360415185080939e+01
1.628659049271461967e+01
1.530527849881349844e+01
1.446221957792925750e+01
1.350757258212718703e+01
1.263502807022293872e+01
1.187294160185146374e+01
1.098462952725073194e+01
1.021320301300023559e+01
9.525484715705582417e+00
8.890475752806521470e+00
8.334621476261142803e+00
7.643103327899456012e+00
7.139564179349656037e+00
6.511008013563940544e+00
6.105859438221098223e+00
5.768693222197504689e+00
5.262650361851918035e+00
4.853075675125009703e+00
4.533094565280724630e+00
4.195474873394462456e+00
3.890589990840691570e+00
3.630968900323694015e+00
3.323951886579259440e+00
3.115039389760823063e+00
2.820710830037183037e+00
2.650904978339259088e+00
2.399799703233411741e+00
2.234990727596898097e+00
2.109577841358302841e+00
1.904035106906640795e+00
1.726999488981323827e+00
1.635539408134755623e+00
1.459307756378634968e+00
1.342478060415808638e+00
1.214410965322365143e+00
1.134802887801143134e+00
1.023558910547257117e+00
9.640750562584042838e-01
8.851594489479122085e-01
8.011484803543865718e-01
7.464949221954007008e-01
6.712233019249645993e-01
6.274233178743436889e-01
5.697663228545611913e-01
5.155247198086853055e-01
4.505534870857085816e-01
4.230742049926692339e-01
3.822732586707391356e-01
3.518748725948724343e-01
3.031877811427751146e-01
2.943496589107707506e-01
2.625693364246953210e-01
2.276599482670143837e-01
2.112298495907257434e-01
1.897280429042624561e-01
1.748144447936364476e-01
1.503168253589964032e-01
1.421666138371933397e-01
1.154300947474588834e-01
1.094740328079694958e-01
9.431461854227811414e-02
8.786559270586356829e-02
7.447555320009274782e-02
6.704179606976322370e-02
6.688460764942552594e-02
5.635972126531436227e-02
4.646323705228681128e-02
4.476154664348408474e-02
3.788705892542976184e-02
3.464021002647030278e-02
2.727353273086571134e-02
2.637772363652391913e-02
2.505643437553324235e-02
2.248119818609958451e-02
1.912256722541018014e-02
1.471139167227487714e-02
1.350230306133166046e-02
8.441784434677166576e-03
1.063621066157297186e-02
8.128309840511580703e-03
7.926875133063591289e-03
7.142973079129241731e-03
5.620266192571797548e-03
4.187269035247479822e-03
4.254404521796604881e-03
3.829021766632200157e-03
