0.000000000000000000e+00
0.000000000000000000e+00
0.000000000000000000e+00
0.000000000000000000e+00
0.000000000000000000e+00
0.000000000000000000e+00
0.000000000000000000e+00
0.000000000000000000e+00
0.000000000000000000e+00
0.000000000000000000e+00
0.000000000000000000e+00
0.000000000000000000e+00
0.000000000000000000e+00
0.000000000000000000e+00
0.000000000000000000e+00
0.000000000000000000e+00
0.000000000000000000e+00
0.000000000000000000e+00
0.000000000000000000e+00
0.000000000000000000e+00
0.000000000000000000e+00
0.000000000000000000e+00
0.000000000000000000e+00
0.000000000000000000e+00
0.000000000000000000e+00
0.000000000000000000e+00
0.000000000000000000e+00
0.000000000000000000e+00
0.000000000000000000e+00
0.000000000000000000e+00
0.000000000000000000e+00
0.000000000000000000e+00
0.000000000000000000e+00
0.000000000000000000e+00
0.000000000000000000e+00
0.000000000000000000e+00
0.000000000000000000e+00
0.000000000000000000e+00
0.000000000000000000e+00
0.000000000000000000e+00
0.000000000000000000e+00
0.000000000000000000e+00
0.000000000000000000e+00
0.000000000000000000e+00
0.000000000000000000e+00
0.000000000000000000e+00
0.000000000000000000e+00
0.000000000000000000e+00
0.000000000000000000e+00
0.000000000000000000e+00
0.000000000000000000e+00
0.000000000000000000e+00
0.000000000000000000e+00
0.000000000000000000e+00
0.000000000000000000e+00
0.000000000000000000e+00
0.000000000000000000e+00
0.000000000000000000e+00
0.000000000000000000e+00
0.000000000000000000e+00
0.000000000000000000e+00
0.000000000000000000e+00
0.000000000000000000e+00
0.000000000000000000e+00
0.000000000000000000e+00
0.000000000000000000e+00
0.000000000000000000e+00
0.000000000000000000e+00
0.000000000000000000e+00
0.000000000000000000e+00
0.000000000000000000e+00
0.000000000000000000e+00
0.000000000000000000e+00
0.000000000000000000e+00
0.000000000000000000e+00
0.000000000000000000e+00
0.000000000000000000e+00
0.000000000000000000e+00
0.000000000000000000e+00
0.000000000000000000e+00
0.000000000000000000e+00
0.000000000000000000e+00
0.000000000000000000e+00
0.000000000000000000e+00
0.000000000000000000e+00
0.000000000000000000e+00
0.000000000000000000e+00
0.000000000000000000e+00
0.000000000000000000e+00
0.000000000000000000e+00
0.000000000000000000e+00
0.000000000000000000e+00
0.000000000000000000e+00
0.000000000000000000e+00
0.000000000000000000e+00
0.000000000000000000e+00
0.000000000000000000e+00
0.000000000000000000e+00
0.000000000000000000e+00
0.000000000000000000e+00
0.000000000000000000e+00
0.000000000000000000e+00
6.180561318480393140e-02
5.086240842995125577e-01
1.257886346972132641e+00
5.454399589378834179e+00
1.431184108816501244e+01
3.270299832588637656e+01
5.380332647603650287e+01
8.051340362148890506e+01
1.147828459835500325e+02
1.492026863595328621e+02
1.860533478857077512e+02
2.163599341092750308e+02
2.662542614140900810e+02
3.095870220503770156e+02
3.539202934557354183e+02
4.079911851198141335e+02
4.628539175285184228e+02
5.216287849991051644e+02
5.773924686242424968e+02
6.507154018205803823e+02
7.229001541935102750e+02
8.134885106163737873e+02
9.091036594382976546e+02
9.910972690122639506e+02
1.102585524376235981e+03
1.191004627715876950e+03
1.252551248130876274e+03
1.339979036814206665e+03
1.395639195143490724e+03
1.482391161181141342e+03
1.532598561883385628e+03
1.578154499235950880e+03
1.658351186304902512e+03
1.688960360317200866e+03
1.752411042958890221e+03
1.827512360580564291e+03
1.824763825168395670e+03
1.884818316904998937e+03
1.926877578872683443e+03
1.934869561351917355e+03
1.969854177858010871e+03
1.953927395758695184e+03
1.953001818075523033e+03
1.908997867605291049e+03
1.897685961016839656e+03
1.910582705426949815e+03
1.870101208363010528e+03
1.843677999197436975e+03
1.785615311438974913e+03
1.738384874261269943e+03
1.649007453631120825e+03
1.588863333643192163e+03
1.519708620027082588e+03
1.487942139219206183e+03
1.447395158162847565e+03
1.373728363139782005e+03
1.289059056567295102e+03
1.187393190278240354e+03
1.093969818996957883e+03
1.018733095889715401e+03
9.698338349103504470e+02
9.292875990544023352e+02
8.554621332596872207e+02
7.714670937271372395e+02
6.793512092567420950e+02
5.839037875825401898e+02
5.076228698577354521e+02
4.807587139572475508e+02
4.499331913757561097e+02
3.940988769284244313e+02
3.363064956612510628e+02
2.703805525278104938e+02
1.987254776330639459e+02
1.560334413348105045e+02
1.469635703935983031e+02
1.377632379137224632e+02
1.113246304551279025e+02
8.699917020775005483e+01
5.944403144190253130e+01
2.895235209552426170e+01
1.318830155530594617e+01
1.453968510488882870e+01
1.582404022307972724e+01
1.123063424199542659e+01
8.561267619414708818e+00
6.356834304359973764e+00
3.448774016930648667e+00
6.628953531744685712e+00
3.192382325449689251e+00
0.000000000000000000e+00
0.000000000000000000e+00
0.000000000000000000e+00
0.000000000000000000e+00
0.000000000000000000e+00
0.000000000000000000e+00
0.000000000000000000e+00
0.000000000000000000e+00
0.000000000000000000e+00
0.000000000000000000e+00
