9.359683510576490006e-02
9.870225798405314332e-01
2.025907013420912950e+00
2.731511174846551260e+00
3.159052482376178528e+00
3.343768593853317039e+00
3.408323940607818958e+00
3.394025768312560754e+00
3.291218871071329488e+00
3.157867605069672567e+00
2.982155759121318805e+00
2.813750797005611481e+00
2.651758054068600323e+00
2.457304489701874761e+00
2.261465161166835713e+00
2.124613064309357924e+00
1.976379827000350087e+00
1.825661223014333645e+00
1.660708324633080268e+00
1.538461577914070233e+00
1.433694387394960579e+00
1.321963961762090856e+00
1.216080275489374696e+00
1.124662859129010650e+00
1.036474340201165356e+00
9.491238088037430298e-01
8.782853008011157758e-01
8.067499004985708710e-01
7.435596265936266214e-01
6.902188264742761259e-01
6.318532796284682673e-01
5.829989121415654063e-01
5.320652696073278065e-01
5.057161114835213578e-01
4.580919852962112571e-01
4.309748957743570474e-01
3.878683513008193695e-01
3.595719997316651484e-01
3.347833790669711984e-01
2.990467700777352800e-01
2.824164216499545632e-01
2.546759889776019636e-01
2.425514630342644473e-01
2.190155553919007070e-01
1.973982108047225570e-01
1.870930587189823802e-01
1.615913595702629380e-01
1.548803344848702912e-01
1.436706040149861030e-01
1.333455397668945885e-01
1.238565329425972972e-01
1.087966977768944632e-01
1.001368268244280796e-01
9.059965548951230685e-02
8.078718089930536639e-02
7.733358711521186313e-02
6.953266818233301561e-02
5.998945758589536992e-02
5.813732990222451186e-02
5.404662013570091239e-02
4.653704065993099354e-02
4.003715367284475801e-02
3.980835488137438039e-02
3.537247645735527857e-02
3.205551542555554190e-02
2.903088327625455434e-02
2.848015439942656879e-02
2.253980454380946977e-02
2.236131890882514517e-02
2.087423088686313905e-02
1.910964577134841372e-02
1.521948997410585772e-02
1.471235340911503098e-02
1.254526864948882908e-02
1.005387965195820611e-02
1.003026207679533210e-02
9.440406067961181966e-03
9.239368049409939221e-03
7.009027182291458109e-03
5.722824180822485944e-03
6.021647077868719916e-03
5.090987380944217953e-03
4.551347313259301169e-03
4.570072892305539897e-03
3.762236827805511604e-03
3.090341278897154858e-03
2.691267532206753719e-03
2.085346808271640665e-03
1.682102881883937393e-03
1.916664068575733414e-03
1.484479310212427714e-03
1.758614259639690097e-03
1.403926525615238402e-03
1.161014273560400387e-03
1.090815929276382594e-03
1.050735884015678275e-03
4.446939398771582175e-04
5.094112829730739877e-04
7.157111345723222041e-04
4.316461089643824326e-04
