0.000000000000000000e+00
0.000000000000000000e+00
0.000000000000000000e+00
0.000000000000000000e+00
0.000000000000000000e+00
0.000000000000000000e+00
0.000000000000000000e+00
0.000000000000000000e+00
0.000000000000000000e+00
0.000000000000000000e+00
0.000000000000000000e+00
0.000000000000000000e+00
0.000000000000000000e+00
0.000000000000000000e+00
0.000000000000000000e+00
0.000000000000000000e+00
0.000000000000000000e+00
0.000000000000000000e+00
0.000000000000000000e+00
0.000000000000000000e+00
0.000000000000000000e+00
0.000000000000000000e+00
0.000000000000000000e+00
0.000000000000000000e+00
0.000000000000000000e+00
0.000000000000000000e+00
0.000000000000000000e+00
0.000000000000000000e+00
0.000000000000000000e+00
0.000000000000000000e+00
0.000000000000000000e+00
0.000000000000000000e+00
0.000000000000000000e+00
0.000000000000000000e+00
0.000000000000000000e+00
0.000000000000000000e+00
0.000000000000000000e+00
0.000000000000000000e+00
0.000000000000000000e+00
0.000000000000000000e+00
0.000000000000000000e+00
0.000000000000000000e+00
0.000000000000000000e+00
0.000000000000000000e+00
0.000000000000000000e+00
0.000000000000000000e+00
0.000000000000000000e+00
0.000000000000000000e+00
0.000000000000000000e+00
0.000000000000000000e+00
0.000000000000000000e+00
0.000000000000000000e+00
4.719686411998839378e-05
3.814532636914576752e-05
2.075567571572798156e-04
1.848273104429423057e-04
1.738459941691008028e-04
7.310616771373048585e-04
4.110427656018493590e-04
6.594241103196033134e-04
1.331239246736778481e-03
8.922482398917790753e-04
8.394684866487644786e-04
1.815942623150299884e-03
2.169177574787132384e-03
2.487456091375147334e-03
4.308338986209593255e-03
5.647781168917989994e-03
6.031023913794402065e-03
1.092651766877888488e-02
1.465650013774046079e-02
1.952863337478629238e-02
2.637896781688489969e-02
3.270456403652974298e-02
4.178211087525583040e-02
4.898925216955038464e-02
6.184038178922195150e-02
7.556937670483630798e-02
8.586764654328282731e-02
1.070619749663111880e-01
1.165154778168400185e-01
1.355843661476731632e-01
1.542613865929341188e-01
1.709986308540691058e-01
1.928290821551261192e-01
2.071158430458612809e-01
2.202129620289482725e-01
2.433955732132241923e-01
2.677056235203529866e-01
2.796430157993589072e-01
3.053895776675237261e-01
3.197639028307502906e-01
3.376374445095039478e-01
3.621326257884522892e-01
3.679081108385482413e-01
4.016255665355129012e-01
4.257827846478536848e-01
4.504798851037019602e-01
4.698622860864303807e-01
5.213525596605905754e-01
5.395198582120667163e-01
5.755843881419729913e-01
6.184606082529880977e-01
6.586781457017055752e-01
6.966872844263118925e-01
7.236099106728015595e-01
7.679090965290031878e-01
8.034638278681507373e-01
8.580423480463768016e-01
8.974157146481680503e-01
9.407374668657091377e-01
9.577883091733971899e-01
1.014193483475714030e+00
1.202789429980734459e+00
1.375990052849726863e+00
1.443281191973631250e+00
1.503273181673052905e+00
1.500230504949601196e+00
1.499072198065851902e+00
1.475577572683567817e+00
1.438311252965538856e+00
1.378951936547584634e+00
1.384027928393005036e+00
1.324359053147196486e+00
1.310113926627258785e+00
1.342117533134861596e+00
1.391607069124680018e+00
1.406188647905390887e+00
1.385610882467458893e+00
1.406587574357376580e+00
1.405213736617854758e+00
1.387387253195407677e+00
1.365217640813633615e+00
1.315157690598508733e+00
1.305423024163860024e+00
1.270534059232642177e+00
1.234472047255761318e+00
1.198262367716913745e+00
1.166585741999355941e+00
1.129506243784847763e+00
1.087106439714352168e+00
1.046212054828329130e+00
1.001766406274522403e+00
9.755026146494449879e-01
9.330358733828422180e-01
8.745752593766520366e-01
8.213986281309019200e-01
7.741762385650569067e-01
7.157964367976075160e-01
6.774678736651268407e-01
6.389201868096567871e-01
5.965029965794144129e-01
5.555592043354242726e-01
5.147479967830055347e-01
4.748139409889545748e-01
4.394082761425047723e-01
4.157319650315444703e-01
3.764586437403913965e-01
3.396072438661234538e-01
3.017271258766278108e-01
2.715845957979459713e-01
2.434796301506646499e-01
2.198452348671047218e-01
1.932127829997448976e-01
1.711094426742942320e-01
1.483176234389799175e-01
1.313006248248943797e-01
1.107444795373684066e-01
9.467960174489298275e-02
7.948172476605225301e-02
6.659253294759545638e-02
5.437287180800318143e-02
4.409435270286320846e-02
3.623325068700167934e-02
2.885458787881761689e-02
2.335049770117735013e-02
1.834332381806861798e-02
1.338686712929317187e-02
9.332274602170309921e-03
6.364743649056575810e-03
4.327675234475034452e-03
3.206040806066304694e-03
2.623092480686277286e-03
2.023655032822338235e-03
1.414179899163576061e-03
1.038005966696563991e-03
7.127727722690252845e-04
4.833253903076184174e-04
3.188664110632155905e-04
1.467494440978400186e-04
7.676825633714916396e-07
0.000000000000000000e+00
0.000000000000000000e+00
0.000000000000000000e+00
0.000000000000000000e+00
0.000000000000000000e+00
0.000000000000000000e+00
0.000000000000000000e+00
0.000000000000000000e+00
0.000000000000000000e+00
0.000000000000000000e+00
