0.000000000000000000e+00
0.000000000000000000e+00
0.000000000000000000e+00
0.000000000000000000e+00
0.000000000000000000e+00
0.000000000000000000e+00
0.000000000000000000e+00
0.000000000000000000e+00
0.000000000000000000e+00
0.000000000000000000e+00
2.570636477478414721e-03
3.015554433993196740e-02
2.424687099722274142e-01
2.008860885592688383e+00
5.541775455151345398e+00
1.097120167810155067e+01
1.924731796768297798e+01
3.048963602818180973e+01
4.326333234862236310e+01
6.287011476519492703e+01
9.185816806700135828e+01
1.211783060411175370e+02
1.684833253082771023e+02
2.420813481425632858e+02
2.591999375201128260e+02
2.597151419625181461e+02
2.553514784142830933e+02
2.392094752753241664e+02
2.162161702158826984e+02
1.826517722361311371e+02
1.425454487784818127e+02
1.037205593313528880e+02
6.993377642417877382e+01
4.124208296838568089e+01
1.976782880529642128e+01
6.902333567462896724e+00
1.521952942204873427e+00
1.355449615140939257e-01
0.000000000000000000e+00
0.000000000000000000e+00
0.000000000000000000e+00
