4.746427968286181520e-01
5.005745849429945160e+00
1.088637411992100468e+01
1.537742291490370938e+01
1.845362075886883702e+01
2.010161476025306371e+01
2.100249802274584709e+01
2.137380786197712723e+01
2.112869075883279280e+01
2.064708840372989584e+01
1.982387200774424585e+01
1.899234310614004428e+01
1.817119488686030238e+01
1.704456605831322236e+01
1.585966798745284478e+01
1.508818623191712405e+01
1.419690732521214294e+01
1.325347417884550261e+01
1.215772270765694785e+01
1.137834846279379875e+01
1.067925445694729447e+01
9.934500399769005341e+00
9.171733347775576917e+00
8.558993301736888881e+00
7.952717696155403360e+00
7.317421653291420469e+00
6.808455761948573937e+00
6.293684831126221901e+00
5.829821164544901180e+00
5.443833710885186861e+00
5.003799543862971433e+00
4.629184877358583527e+00
4.245626571860514176e+00
4.046998169600914963e+00
3.679506395576889854e+00
3.477426094993439687e+00
3.146938278937648548e+00
2.912005145747841972e+00
2.717020072751438864e+00
2.436936003514329485e+00
2.312766116050505083e+00
2.086606353299047090e+00
1.993244668183875135e+00
1.807172847474794120e+00
1.634631698121349119e+00
1.539585928207652499e+00
1.329354951269380525e+00
1.276160525403986723e+00
1.183356206181255033e+00
1.100585987609376426e+00
1.024482658252811040e+00
9.020222826094603796e-01
8.319097057584573518e-01
7.520763869743363195e-01
6.729729448349204279e-01
6.407292671468612921e-01
5.783916234256776256e-01
4.996195801167986339e-01
4.858335090583634219e-01
4.501064845743494303e-01
3.854548183599311728e-01
3.319531982999897601e-01
3.319700330770688490e-01
2.935528482201660849e-01
2.671864033522277082e-01
2.403797255972913716e-01
2.369969719732728242e-01
1.869868725488358363e-01
1.847283261578673008e-01
1.725355238446609762e-01
1.585464366015767457e-01
1.252249235834471119e-01
1.207531398635795228e-01
1.037093929602863757e-01
8.322500825981209160e-02
8.192214941857439703e-02
7.829312141566617533e-02
7.558127371599882016e-02
5.643884842061355073e-02
4.604211585943732143e-02
4.820784694278353738e-02
4.144697697021849231e-02
3.685004247677766548e-02
3.657045395993462761e-02
2.960062509507289941e-02
2.500818046988785223e-02
2.104702131861604236e-02
1.611435317794434469e-02
1.355440429040495609e-02
1.519469709156211212e-02
1.170772839277040706e-02
1.359726923598036062e-02
1.117794359337040411e-02
8.890027943706524383e-03
8.334333104051379684e-03
8.021272554155167364e-03
3.277797668359293953e-03
3.819842867773218242e-03
5.537794257301893730e-03
3.238207415333969798e-03
