0.000000000000000000e+00
0.000000000000000000e+00
0.000000000000000000e+00
0.000000000000000000e+00
0.000000000000000000e+00
0.000000000000000000e+00
0.000000000000000000e+00
0.000000000000000000e+00
0.000000000000000000e+00
0.000000000000000000e+00
0.000000000000000000e+00
0.000000000000000000e+00
0.000000000000000000e+00
0.000000000000000000e+00
0.000000000000000000e+00
0.000000000000000000e+00
0.000000000000000000e+00
0.000000000000000000e+00
0.000000000000000000e+00
0.000000000000000000e+00
0.000000000000000000e+00
0.000000000000000000e+00
0.000000000000000000e+00
0.000000000000000000e+00
0.000000000000000000e+00
0.000000000000000000e+00
0.000000000000000000e+00
0.000000000000000000e+00
0.000000000000000000e+00
0.000000000000000000e+00
0.000000000000000000e+00
0.000000000000000000e+00
0.000000000000000000e+00
0.000000000000000000e+00
0.000000000000000000e+00
0.000000000000000000e+00
0.000000000000000000e+00
0.000000000000000000e+00
0.000000000000000000e+00
0.000000000000000000e+00
0.000000000000000000e+00
0.000000000000000000e+00
0.000000000000000000e+00
0.000000000000000000e+00
0.000000000000000000e+00
0.000000000000000000e+00
0.000000000000000000e+00
0.000000000000000000e+00
0.000000000000000000e+00
0.000000000000000000e+00
0.000000000000000000e+00
0.000000000000000000e+00
0.000000000000000000e+00
0.000000000000000000e+00
0.000000000000000000e+00
0.000000000000000000e+00
0.000000000000000000e+00
0.000000000000000000e+00
0.000000000000000000e+00
0.000000000000000000e+00
0.000000000000000000e+00
0.000000000000000000e+00
0.000000000000000000e+00
0.000000000000000000e+00
0.000000000000000000e+00
0.000000000000000000e+00
0.000000000000000000e+00
0.000000000000000000e+00
0.000000000000000000e+00
0.000000000000000000e+00
0.000000000000000000e+00
0.000000000000000000e+00
0.000000000000000000e+00
0.000000000000000000e+00
0.000000000000000000e+00
0.000000000000000000e+00
0.000000000000000000e+00
0.000000000000000000e+00
0.000000000000000000e+00
0.000000000000000000e+00
0.000000000000000000e+00
0.000000000000000000e+00
0.000000000000000000e+00
0.000000000000000000e+00
0.000000000000000000e+00
0.000000000000000000e+00
0.000000000000000000e+00
0.000000000000000000e+00
0.000000000000000000e+00
0.000000000000000000e+00
0.000000000000000000e+00
0.000000000000000000e+00
0.000000000000000000e+00
0.000000000000000000e+00
0.000000000000000000e+00
0.000000000000000000e+00
0.000000000000000000e+00
0.000000000000000000e+00
0.000000000000000000e+00
0.000000000000000000e+00
0.000000000000000000e+00
0.000000000000000000e+00
0.000000000000000000e+00
9.021207031829262535e-01
1.084926531647099601e+01
3.322776966806755894e+01
6.200716722964981642e+01
9.815995846917455481e+01
1.421093347586888740e+02
2.028978800807872460e+02
2.761491101931126764e+02
3.442867008437610821e+02
4.269680641192275061e+02
5.326179660150580730e+02
6.600203865911186085e+02
7.956008516040290033e+02
9.741073549512733507e+02
1.156380523046956569e+03
1.369987106228813900e+03
1.563402618722202533e+03
1.771970890817360669e+03
2.049511086606731624e+03
2.255091691494593306e+03
2.546130119780779296e+03
2.905816761369603682e+03
3.328211710994282839e+03
3.664540664257337539e+03
4.140028843636619058e+03
4.539204210185303054e+03
4.921553195006757051e+03
5.301048755393266219e+03
5.713736784818502201e+03
6.070679634178727611e+03
6.437023726171678391e+03
6.871731044392950935e+03
7.040857699775178844e+03
7.328954228656976738e+03
7.622016301005508467e+03
7.778449446158983847e+03
8.092909666975022446e+03
8.252776842157523788e+03
8.416788903413851585e+03
8.691070281025444274e+03
8.658362440949791562e+03
8.727071716251206453e+03
8.768111840489404130e+03
8.732225525073568861e+03
8.840415720401655562e+03
8.828081015677200412e+03
8.739617716091850525e+03
8.667425562514757985e+03
8.512225379848572629e+03
8.319567717710702709e+03
8.093868769919277838e+03
7.876240281213144044e+03
7.701939683957414672e+03
7.488013696690592951e+03
7.101279015968035310e+03
6.667690875669703928e+03
6.168607682049263531e+03
5.667260096601097757e+03
5.358036858547370684e+03
5.264661720052282362e+03
5.121684138599537619e+03
4.908968202256775839e+03
4.648600339609896764e+03
4.322766008088139642e+03
3.986494439510192933e+03
3.680830954112182553e+03
3.532393715994814102e+03
3.291067840240880741e+03
3.007253247486264627e+03
2.687857384289911352e+03
2.301180206369891039e+03
1.928471226795784105e+03
1.663864477554258883e+03
1.538284486240084334e+03
1.423790211540343307e+03
1.193833938523789129e+03
9.978077702773139208e+02
7.560526930230109883e+02
4.951763157189378717e+02
3.470814950012400004e+02
3.259723817894599733e+02
3.044257750707396895e+02
2.324346147625248022e+02
1.750180001420142446e+02
1.234853114241841041e+02
5.579245091835341697e+01
1.199767991716443163e+02
5.827964005291373439e+01
0.000000000000000000e+00
0.000000000000000000e+00
0.000000000000000000e+00
0.000000000000000000e+00
0.000000000000000000e+00
0.000000000000000000e+00
0.000000000000000000e+00
0.000000000000000000e+00
0.000000000000000000e+00
0.000000000000000000e+00
