4.597179558321037862e-01
3.488473746688621979e+00
5.817967794876522269e+00
6.962303484033266265e+00
7.377007151969142917e+00
7.312355364999711504e+00
7.019134446584737397e+00
6.615619072944499024e+00
6.097735903453002315e+00
5.582067286972720588e+00
5.073480766900666517e+00
4.591959372740383571e+00
4.177044092230860706e+00
3.764801233336034336e+00
3.374382058922150041e+00
3.079982565814153084e+00
2.788674684781709434e+00
2.524564931414783775e+00
2.250795949766073001e+00
2.040922456209592006e+00
1.864495364508203634e+00
1.692579032613995782e+00
1.538333972001727501e+00
1.398876506128105657e+00
1.267054571900144255e+00
1.149912861495905769e+00
1.051799980541135771e+00
9.534094816020167729e-01
8.721344993713777694e-01
7.989115149144709882e-01
7.246964080791856722e-01
6.653914671132159508e-01
6.014786307405295407e-01
5.682148760720835412e-01
5.127519288128111752e-01
4.771482203666482236e-01
4.251963553521164729e-01
3.939095540776120785e-01
3.657398921061287278e-01
3.258090125605375698e-01
3.041284754129291446e-01
2.733666595817884626e-01
2.586189423102563389e-01
2.321487721350352640e-01
2.078115241880021946e-01
1.980377414200195085e-01
1.721079459069860818e-01
1.636105519063320579e-01
1.518947371520993628e-01
1.394561255611831696e-01
1.297269105027603064e-01
1.142199427193204553e-01
1.040173767723097803e-01
9.379457335568171239e-02
8.386733311812620550e-02
8.020771177944506503e-02
7.163007301211915534e-02
6.112351083282271946e-02
5.944803211313463148e-02
5.566885630408660579e-02
4.817053884888713999e-02
4.144668109761712183e-02
4.127841533341813224e-02
3.669737712042704658e-02
3.247012237047926936e-02
2.992220654131475324e-02
2.896942147937632550e-02
2.357419852114402137e-02
2.305284873810146268e-02
2.130404498401674770e-02
1.943936542603740339e-02
1.598267014267798838e-02
1.536593012524464265e-02
1.268866345384166497e-02
1.050951306018381437e-02
1.058072012581543452e-02
9.818452844162465706e-03
9.585936353926429593e-03
7.466451461353776180e-03
6.279903753148811420e-03
6.599603328561612706e-03
5.232719817995592528e-03
4.694811304681246501e-03
4.967621096759488632e-03
4.038358306413350127e-03
3.210314440918949491e-03
2.992495578791721546e-03
2.374169595922455238e-03
1.819362093079981372e-03
2.142713585092958974e-03
1.665187479647636760e-03
2.063527102451520687e-03
1.508763024593200077e-03
1.368170327985534498e-03
1.282225605972439012e-03
1.189297216979227087e-03
5.932475862773017514e-04
6.286756009526943802e-04
8.271694132798394902e-04
5.404776520379774669e-04
