0.000000000000000000e+00
0.000000000000000000e+00
0.000000000000000000e+00
0.000000000000000000e+00
0.000000000000000000e+00
0.000000000000000000e+00
0.000000000000000000e+00
0.000000000000000000e+00
0.000000000000000000e+00
0.000000000000000000e+00
0.000000000000000000e+00
0.000000000000000000e+00
0.000000000000000000e+00
0.000000000000000000e+00
0.000000000000000000e+00
0.000000000000000000e+00
0.000000000000000000e+00
0.000000000000000000e+00
0.000000000000000000e+00
0.000000000000000000e+00
0.000000000000000000e+00
0.000000000000000000e+00
0.000000000000000000e+00
0.000000000000000000e+00
0.000000000000000000e+00
0.000000000000000000e+00
0.000000000000000000e+00
0.000000000000000000e+00
0.000000000000000000e+00
0.000000000000000000e+00
0.000000000000000000e+00
0.000000000000000000e+00
0.000000000000000000e+00
0.000000000000000000e+00
0.000000000000000000e+00
0.000000000000000000e+00
0.000000000000000000e+00
0.000000000000000000e+00
0.000000000000000000e+00
0.000000000000000000e+00
0.000000000000000000e+00
0.000000000000000000e+00
0.000000000000000000e+00
0.000000000000000000e+00
0.000000000000000000e+00
0.000000000000000000e+00
0.000000000000000000e+00
0.000000000000000000e+00
0.000000000000000000e+00
0.000000000000000000e+00
0.000000000000000000e+00
0.000000000000000000e+00
0.000000000000000000e+00
0.000000000000000000e+00
0.000000000000000000e+00
0.000000000000000000e+00
0.000000000000000000e+00
0.000000000000000000e+00
0.000000000000000000e+00
0.000000000000000000e+00
0.000000000000000000e+00
0.000000000000000000e+00
0.000000000000000000e+00
0.000000000000000000e+00
0.000000000000000000e+00
0.000000000000000000e+00
0.000000000000000000e+00
0.000000000000000000e+00
0.000000000000000000e+00
0.000000000000000000e+00
0.000000000000000000e+00
0.000000000000000000e+00
0.000000000000000000e+00
0.000000000000000000e+00
0.000000000000000000e+00
0.000000000000000000e+00
0.000000000000000000e+00
0.000000000000000000e+00
0.000000000000000000e+00
0.000000000000000000e+00
0.000000000000000000e+00
0.000000000000000000e+00
0.000000000000000000e+00
0.000000000000000000e+00
0.000000000000000000e+00
0.000000000000000000e+00
0.000000000000000000e+00
0.000000000000000000e+00
0.000000000000000000e+00
0.000000000000000000e+00
0.000000000000000000e+00
0.000000000000000000e+00
0.000000000000000000e+00
0.000000000000000000e+00
0.000000000000000000e+00
0.000000000000000000e+00
0.000000000000000000e+00
0.000000000000000000e+00
0.000000000000000000e+00
0.000000000000000000e+00
0.000000000000000000e+00
0.000000000000000000e+00
3.487355345818163310e-02
2.870540152732322658e-01
7.121154979869963597e-01
3.099486906155448640e+00
8.184215555822474286e+00
1.879204554598286592e+01
3.106694173741431086e+01
4.670704019457244272e+01
6.691765925795698422e+01
8.741191010593267663e+01
1.096000383380250014e+02
1.281263621116775937e+02
1.585685680717977561e+02
1.855504641288868299e+02
2.135050318168734691e+02
2.476112056184756227e+02
2.824865074157404479e+02
3.199622248364043458e+02
3.561146495914285879e+02
4.035210164845823897e+02
4.511583765926521323e+02
5.110057433032169456e+02
5.752647412201895349e+02
6.329455912263608752e+02
7.121097587836835601e+02
7.806288540399810927e+02
8.338688429277985961e+02
9.067602025391528286e+02
9.602644839539019586e+02
1.036017610320134281e+03
1.088224582515250404e+03
1.137983827601941357e+03
1.210900628268575474e+03
1.251339823909823508e+03
1.317879200858781587e+03
1.397693381250429866e+03
1.423170160015568172e+03
1.491798158223042265e+03
1.547299645966202661e+03
1.574675302995486391e+03
1.625193377475465013e+03
1.640809317464292690e+03
1.671789426499767160e+03
1.671699523332762283e+03
1.699479326969800240e+03
1.735769946176965504e+03
1.720926305360271954e+03
1.721946012942391917e+03
1.701409214921720604e+03
1.695749156949648068e+03
1.652420468876478481e+03
1.632307185912474552e+03
1.587103858827036220e+03
1.561808108546089670e+03
1.526468792945401447e+03
1.464753377611718179e+03
1.391935405209827650e+03
1.301751835486764776e+03
1.218907207848306371e+03
1.148085301883914781e+03
1.096001130962413754e+03
1.052298437619666629e+03
9.758910280844994531e+02
8.875563125240176987e+02
7.906314821626574485e+02
6.892903286004240044e+02
6.051783909597551201e+02
5.718910384665923630e+02
5.334107280032676499e+02
4.678064715632795583e+02
3.990944946855560715e+02
3.204641440163262587e+02
2.350333405386211609e+02
1.841840318210499277e+02
1.735086959372094952e+02
1.626910245636805996e+02
1.313399095651237758e+02
1.025357933070977055e+02
6.991538550148104036e+01
3.382248997873355023e+01
1.512455475715413300e+01
1.664790085632618144e+01
1.808371323478181125e+01
1.257373055166158160e+01
9.326256334580889984e+00
6.592102101926892388e+00
3.035518117538444915e+00
6.533258765069006380e+00
3.231650438288048655e+00
0.000000000000000000e+00
0.000000000000000000e+00
0.000000000000000000e+00
0.000000000000000000e+00
0.000000000000000000e+00
0.000000000000000000e+00
0.000000000000000000e+00
0.000000000000000000e+00
0.000000000000000000e+00
0.000000000000000000e+00
