6.733928597096438651e+00
5.225035515510820971e+01
9.294639664990812378e+01
1.185177416418228091e+02
1.342344419391749000e+02
1.417114458654904467e+02
1.440980615849929052e+02
1.433489585184690043e+02
1.396411366673197847e+02
1.355960034981461035e+02
1.297252385933453240e+02
1.239231193444872758e+02
1.179466884206534303e+02
1.124702509456626700e+02
1.056532435608674945e+02
9.937444353186680246e+01
9.449431012483140080e+01
8.860428886691292405e+01
8.413093517153195933e+01
7.860253770943637619e+01
7.441255095244980566e+01
7.047084293052243709e+01
6.590280742702198324e+01
6.276125499493436877e+01
5.894903467581188039e+01
5.547693195046087311e+01
5.290733386751874434e+01
5.000086529751529696e+01
4.659973725714801418e+01
4.452205655243061955e+01
4.168401489121610126e+01
3.925592280442263871e+01
3.732787075198343274e+01
3.519031465355574539e+01
3.344059803090063099e+01
3.134570377318629752e+01
2.931166269346928033e+01
2.800535770696547644e+01
2.661272168615432321e+01
2.527227237074117028e+01
2.360762758271060946e+01
2.237197245395223177e+01
2.111702245598687711e+01
2.008979483693533297e+01
1.867449955293177055e+01
1.797439040237315311e+01
1.698566213111030265e+01
1.577168880533193907e+01
1.495498736867684819e+01
1.430039841662030575e+01
1.331697397403273797e+01
1.238243850150101544e+01
1.158700634285789377e+01
1.087675759560895550e+01
1.035125377578850348e+01
9.674637839787507687e+00
8.975512170676042345e+00
8.498172955425891573e+00
7.711339432880172318e+00
7.618502429109780039e+00
7.037093908577926271e+00
6.664256820487027611e+00
5.976944485354517944e+00
5.494664354454580568e+00
5.162969167004566984e+00
4.813012748557969900e+00
4.419041993340674601e+00
4.183043949099488401e+00
3.983696698178728735e+00
3.626933930313589904e+00
3.309379620046410952e+00
2.905745424522363063e+00
2.730870407649742759e+00
2.574722127226894308e+00
2.417794380090414919e+00
2.243642603646439859e+00
1.950785587055716030e+00
1.853745810387226411e+00
1.643500893498423432e+00
1.405959131783758753e+00
1.314558872567797243e+00
1.184696674347959222e+00
1.044485740168203503e+00
9.418391677789932359e-01
8.850461507747587886e-01
7.609160368857099677e-01
6.812443131421258569e-01
5.612671406054791090e-01
5.406680359568295513e-01
4.568699315381402615e-01
4.333817033848335054e-01
3.858326656097737506e-01
3.439551473389180769e-01
2.842029032896332130e-01
2.728816014651272992e-01
2.258770115729148709e-01
1.985972894969509628e-01
1.547311088321632055e-01
1.463085217654078729e-01
1.111445115490840019e-01
