3.708021297004214745e+01
6.045376635208135667e+02
1.485822811655369605e+03
2.207084019170453303e+03
2.740105708294478973e+03
3.058738359055543242e+03
3.257222770694985684e+03
3.365106670160821523e+03
3.366841861944443281e+03
3.325629517736370872e+03
3.220095471353537050e+03
3.108581998806163938e+03
2.994389504217035665e+03
2.824507547260587671e+03
2.640446077921514643e+03
2.524750495952515394e+03
2.386687664464314821e+03
2.237342275169197364e+03
2.059443675564288696e+03
1.934491675218775526e+03
1.820822425870675261e+03
1.699622146176557408e+03
1.570967010145681797e+03
1.470871693978746180e+03
1.370926579121080067e+03
1.263363993263299108e+03
1.177952079718784944e+03
1.091500069242646987e+03
1.012735783711130239e+03
9.475715714754587680e+02
8.720945554405700477e+02
8.075364378517133446e+02
7.419499310934311325e+02
7.079256971250707693e+02
6.443085896007883093e+02
6.099761786121702016e+02
5.530298859973281651e+02
5.114611637050031732e+02
4.773748001935225034e+02
4.290498887039466922e+02
4.077140273571578746e+02
3.678561335258206668e+02
3.518911534785710842e+02
3.194061512634276028e+02
2.891770422301530630e+02
2.719072901580593111e+02
2.347084775008744941e+02
2.254960509136684266e+02
2.091522722786966142e+02
1.946308748100456967e+02
1.811880096014888863e+02
1.598394327700418955e+02
1.475302031844085207e+02
1.332435297760185335e+02
1.192973121018951019e+02
1.135343689358113011e+02
1.026097427295961779e+02
8.872462365960592479e+01
8.633451429862957127e+01
7.986202386434578671e+01
6.830251348478530815e+01
5.882129682505224366e+01
5.891790898403646537e+01
5.207052283071491416e+01
4.735829873287743652e+01
4.257382010587652843e+01
4.203540734224478115e+01
3.316806396437309701e+01
3.271565261208356645e+01
3.056263000325711587e+01
2.807656403790474542e+01
2.217193996287910096e+01
2.137576899753066328e+01
1.838905498556268014e+01
1.473702475748793184e+01
1.445718871613832590e+01
1.386558405056721632e+01
1.334405733005379702e+01
9.924725303658156861e+00
8.073265724011044142e+00
8.455932946336107037e+00
7.286084691376535361e+00
6.478789576345711509e+00
6.404211200784985181e+00
5.156820866130580328e+00
4.387425264659344570e+00
3.647325204028847523e+00
2.772999919929943768e+00
2.380659074674614128e+00
2.654074182629056811e+00
2.037773584223405265e+00
2.352910295575129762e+00
1.946898472825081106e+00
1.530831820982719416e+00
1.429031607071573395e+00
1.379243487175499272e+00
5.583541412279946492e-01
6.541175724144212555e-01
9.531169864653773471e-01
5.518432799496265639e-01
