0.000000000000000000e+00
0.000000000000000000e+00
0.000000000000000000e+00
0.000000000000000000e+00
0.000000000000000000e+00
0.000000000000000000e+00
0.000000000000000000e+00
0.000000000000000000e+00
0.000000000000000000e+00
0.000000000000000000e+00
0.000000000000000000e+00
0.000000000000000000e+00
0.000000000000000000e+00
0.000000000000000000e+00
0.000000000000000000e+00
0.000000000000000000e+00
0.000000000000000000e+00
0.000000000000000000e+00
0.000000000000000000e+00
0.000000000000000000e+00
0.000000000000000000e+00
0.000000000000000000e+00
0.000000000000000000e+00
0.000000000000000000e+00
0.000000000000000000e+00
0.000000000000000000e+00
0.000000000000000000e+00
0.000000000000000000e+00
0.000000000000000000e+00
0.000000000000000000e+00
0.000000000000000000e+00
0.000000000000000000e+00
0.000000000000000000e+00
0.000000000000000000e+00
0.000000000000000000e+00
0.000000000000000000e+00
0.000000000000000000e+00
0.000000000000000000e+00
0.000000000000000000e+00
0.000000000000000000e+00
0.000000000000000000e+00
0.000000000000000000e+00
0.000000000000000000e+00
0.000000000000000000e+00
0.000000000000000000e+00
0.000000000000000000e+00
0.000000000000000000e+00
0.000000000000000000e+00
0.000000000000000000e+00
0.000000000000000000e+00
0.000000000000000000e+00
0.000000000000000000e+00
4.286151633684982831e-04
2.915633769963648985e-04
1.658504246178112065e-03
1.545632252972559259e-03
1.199510304550746803e-03
5.834949314423993651e-03
3.492982377708524124e-03
5.184408684160818001e-03
1.071275225576259933e-02
7.210935208996609863e-03
6.133604109047432508e-03
1.476156133574360249e-02
1.710876984191612646e-02
2.026001518703981347e-02
3.421946573652209084e-02
4.422980557633867521e-02
4.778601588959426050e-02
8.462881547782193092e-02
1.149465179801408277e-01
1.512955803945245370e-01
2.048455955439069109e-01
2.550312255676111528e-01
3.286827632679075739e-01
3.850187009951678840e-01
4.817961541365633482e-01
5.901506074316977823e-01
6.693322980313864967e-01
8.262984943625878431e-01
8.987483147364176972e-01
1.049260618657767763e+00
1.184583707341124725e+00
1.316655353163207476e+00
1.474951270095085309e+00
1.585773700975675382e+00
1.676327490178391555e+00
1.853672969757223399e+00
2.033655641790129032e+00
2.119852697858792379e+00
2.306431200703698448e+00
2.404397018859645296e+00
2.527101002613049374e+00
2.711930614023978059e+00
2.744370230053344351e+00
2.979060370149970272e+00
3.153592711634908952e+00
3.313894587049447171e+00
3.441113236788052365e+00
3.807195130094817248e+00
3.923647664069952690e+00
4.174190798453228268e+00
4.464648447897900496e+00
4.733124632074278360e+00
4.988242388411388895e+00
5.159767543052423910e+00
5.444976530810535564e+00
5.678980410624886233e+00
6.040312721504925264e+00
6.292079783230431822e+00
6.573423063498040619e+00
6.661771077388872087e+00
7.009839255353957022e+00
8.276627442456035766e+00
9.436200165349768909e+00
9.860189196543494461e+00
1.023012699828691119e+01
1.016735838434077621e+01
1.013766721559695760e+01
9.939371133162440586e+00
9.641810771409540237e+00
9.208432239462757352e+00
9.191760287068412083e+00
8.736710691150932462e+00
8.593530627207263350e+00
8.744745520675452966e+00
9.030888523714615701e+00
9.087433946472907920e+00
8.896959194442155550e+00
9.001421643842364873e+00
8.949095505460809008e+00
8.788536286270433706e+00
8.620490449722440829e+00
8.244590970599846358e+00
8.149072092490598607e+00
7.897208893384337181e+00
7.635422703105298581e+00
7.369040476699499465e+00
7.139559824475589345e+00
6.881296756417779825e+00
6.592607951081496331e+00
6.313872215820475198e+00
6.017225219791169977e+00
5.838705841250971140e+00
5.567062486559197332e+00
5.197371691317350439e+00
4.863446951725746814e+00
4.562544864706781667e+00
4.202971776828881900e+00
3.962519958369652873e+00
3.718313626477315559e+00
3.460264080532290620e+00
3.212677229077876451e+00
2.968770718750186610e+00
2.735666061266685212e+00
2.532815914807806212e+00
2.397965541407021561e+00
2.186441172921696818e+00
1.993227186144883367e+00
1.798044133154362845e+00
1.650326885330874793e+00
1.514678710958989205e+00
1.392509372209211893e+00
1.252323976699891483e+00
1.134919555810931735e+00
1.003805720636836929e+00
9.018697603331055079e-01
7.730299832547073979e-01
6.702540147618305522e-01
5.732935061410694422e-01
4.927497086439716067e-01
4.143516894966152164e-01
3.487144369699163304e-01
2.989942998028956578e-01
2.518512707635994219e-01
2.165252300452458478e-01
1.826976012268557992e-01
1.477749302968436318e-01
1.169967199135477504e-01
9.348422184654241185e-02
7.449914097220360076e-02
5.940517011488135463e-02
4.748911159735788590e-02
3.582776660665549368e-02
2.577864039175693789e-02
1.907788385188844901e-02
1.312151310024932231e-02
8.899704659248247607e-03
5.871441768062096375e-03
2.702168637464709942e-03
1.413571110285039553e-05
0.000000000000000000e+00
0.000000000000000000e+00
0.000000000000000000e+00
0.000000000000000000e+00
0.000000000000000000e+00
0.000000000000000000e+00
0.000000000000000000e+00
0.000000000000000000e+00
0.000000000000000000e+00
0.000000000000000000e+00
