0.000000000000000000e+00
0.000000000000000000e+00
0.000000000000000000e+00
0.000000000000000000e+00
0.000000000000000000e+00
0.000000000000000000e+00
0.000000000000000000e+00
0.000000000000000000e+00
0.000000000000000000e+00
0.000000000000000000e+00
0.000000000000000000e+00
0.000000000000000000e+00
0.000000000000000000e+00
0.000000000000000000e+00
0.000000000000000000e+00
0.000000000000000000e+00
0.000000000000000000e+00
0.000000000000000000e+00
0.000000000000000000e+00
0.000000000000000000e+00
0.000000000000000000e+00
0.000000000000000000e+00
0.000000000000000000e+00
0.000000000000000000e+00
0.000000000000000000e+00
0.000000000000000000e+00
0.000000000000000000e+00
0.000000000000000000e+00
0.000000000000000000e+00
0.000000000000000000e+00
0.000000000000000000e+00
0.000000000000000000e+00
0.000000000000000000e+00
0.000000000000000000e+00
0.000000000000000000e+00
0.000000000000000000e+00
0.000000000000000000e+00
0.000000000000000000e+00
0.000000000000000000e+00
0.000000000000000000e+00
0.000000000000000000e+00
0.000000000000000000e+00
0.000000000000000000e+00
0.000000000000000000e+00
0.000000000000000000e+00
0.000000000000000000e+00
0.000000000000000000e+00
0.000000000000000000e+00
0.000000000000000000e+00
0.000000000000000000e+00
0.000000000000000000e+00
0.000000000000000000e+00
0.000000000000000000e+00
0.000000000000000000e+00
0.000000000000000000e+00
0.000000000000000000e+00
0.000000000000000000e+00
0.000000000000000000e+00
0.000000000000000000e+00
0.000000000000000000e+00
0.000000000000000000e+00
0.000000000000000000e+00
0.000000000000000000e+00
0.000000000000000000e+00
0.000000000000000000e+00
0.000000000000000000e+00
0.000000000000000000e+00
0.000000000000000000e+00
0.000000000000000000e+00
0.000000000000000000e+00
0.000000000000000000e+00
0.000000000000000000e+00
0.000000000000000000e+00
0.000000000000000000e+00
0.000000000000000000e+00
0.000000000000000000e+00
0.000000000000000000e+00
0.000000000000000000e+00
0.000000000000000000e+00
0.000000000000000000e+00
0.000000000000000000e+00
0.000000000000000000e+00
0.000000000000000000e+00
0.000000000000000000e+00
0.000000000000000000e+00
0.000000000000000000e+00
0.000000000000000000e+00
0.000000000000000000e+00
0.000000000000000000e+00
0.000000000000000000e+00
0.000000000000000000e+00
0.000000000000000000e+00
0.000000000000000000e+00
0.000000000000000000e+00
0.000000000000000000e+00
0.000000000000000000e+00
0.000000000000000000e+00
0.000000000000000000e+00
0.000000000000000000e+00
0.000000000000000000e+00
0.000000000000000000e+00
0.000000000000000000e+00
0.000000000000000000e+00
3.818829295531585896e-03
4.607982850416919574e-02
1.417126213122629486e-01
2.658954477443268294e-01
4.235694069430336883e-01
6.164537882691507598e-01
8.853896549300579455e-01
1.209511503212425731e+00
1.511868298538165289e+00
1.878327121705321234e+00
2.344056686706350145e+00
2.907225478197946522e+00
3.504769849992278807e+00
4.293180642606174047e+00
5.102922194731447370e+00
6.061608481921559211e+00
6.945726517888585860e+00
7.911217655789956282e+00
9.194094410196722578e+00
1.016385105665107780e+01
1.153327760601154850e+01
1.323174925159559301e+01
1.525730704028175921e+01
1.693040190645630361e+01
1.931186983643971899e+01
2.138610424521170827e+01
2.342530410655946227e+01
2.550658240105870433e+01
2.779683549666415843e+01
2.993571333237129650e+01
3.223446925392931206e+01
3.494178310001399268e+01
3.648138295784286100e+01
3.873447382067932665e+01
4.107842548920455528e+01
4.291438276727591727e+01
4.571470735445527822e+01
4.788682506709002240e+01
5.028508911314705898e+01
5.351393692847607753e+01
5.527618601165772105e+01
5.783521036066475318e+01
6.053895531775611971e+01
6.285106381307448942e+01
6.550927606822372695e+01
6.729678859734666219e+01
6.874994834779789699e+01
7.081877157332820616e+01
7.257410433623779511e+01
7.431864964808133323e+01
7.593969221436557859e+01
7.750026433191952435e+01
7.934252414095094252e+01
8.118427600621531326e+01
8.214129926741308907e+01
8.310101084467201815e+01
8.385938869925938377e+01
8.411299553448399990e+01
8.469410507731008408e+01
8.532646430517223735e+01
8.496129443738426801e+01
8.524500301367149291e+01
8.468887837572341937e+01
8.336289322179261774e+01
8.177540721905580767e+01
7.919252992965341775e+01
7.783079046748689223e+01
7.447330539673632188e+01
7.138692102451217636e+01
6.742984747867636486e+01
6.243758583849137267e+01
5.775568730704105036e+01
5.333324304232096580e+01
4.924184060505254479e+01
4.546600795785803228e+01
3.949395321499410727e+01
3.419948365189456041e+01
2.754991438757100397e+01
2.027787479849553520e+01
1.586455994976374662e+01
1.456744133687727683e+01
1.323418844140164374e+01
1.044538732386540048e+01
8.021069265886804800e+00
5.849286198038095463e+00
2.960855404244232769e+00
5.876190393776471232e+00
2.807987978354896885e+00
0.000000000000000000e+00
0.000000000000000000e+00
0.000000000000000000e+00
0.000000000000000000e+00
0.000000000000000000e+00
0.000000000000000000e+00
0.000000000000000000e+00
0.000000000000000000e+00
0.000000000000000000e+00
0.000000000000000000e+00
