0.000000000000000000e+00
0.000000000000000000e+00
0.000000000000000000e+00
0.000000000000000000e+00
0.000000000000000000e+00
0.000000000000000000e+00
0.000000000000000000e+00
0.000000000000000000e+00
0.000000000000000000e+00
0.000000000000000000e+00
0.000000000000000000e+00
0.000000000000000000e+00
0.000000000000000000e+00
0.000000000000000000e+00
0.000000000000000000e+00
0.000000000000000000e+00
0.000000000000000000e+00
0.000000000000000000e+00
0.000000000000000000e+00
0.000000000000000000e+00
0.000000000000000000e+00
0.000000000000000000e+00
0.000000000000000000e+00
0.000000000000000000e+00
0.000000000000000000e+00
0.000000000000000000e+00
0.000000000000000000e+00
0.000000000000000000e+00
0.000000000000000000e+00
0.000000000000000000e+00
0.000000000000000000e+00
0.000000000000000000e+00
0.000000000000000000e+00
0.000000000000000000e+00
0.000000000000000000e+00
0.000000000000000000e+00
0.000000000000000000e+00
0.000000000000000000e+00
0.000000000000000000e+00
0.000000000000000000e+00
0.000000000000000000e+00
0.000000000000000000e+00
0.000000000000000000e+00
0.000000000000000000e+00
0.000000000000000000e+00
0.000000000000000000e+00
0.000000000000000000e+00
0.000000000000000000e+00
0.000000000000000000e+00
0.000000000000000000e+00
0.000000000000000000e+00
0.000000000000000000e+00
0.000000000000000000e+00
0.000000000000000000e+00
0.000000000000000000e+00
0.000000000000000000e+00
0.000000000000000000e+00
0.000000000000000000e+00
0.000000000000000000e+00
0.000000000000000000e+00
0.000000000000000000e+00
0.000000000000000000e+00
0.000000000000000000e+00
0.000000000000000000e+00
0.000000000000000000e+00
0.000000000000000000e+00
0.000000000000000000e+00
0.000000000000000000e+00
0.000000000000000000e+00
0.000000000000000000e+00
0.000000000000000000e+00
0.000000000000000000e+00
0.000000000000000000e+00
0.000000000000000000e+00
0.000000000000000000e+00
0.000000000000000000e+00
0.000000000000000000e+00
0.000000000000000000e+00
0.000000000000000000e+00
0.000000000000000000e+00
0.000000000000000000e+00
0.000000000000000000e+00
0.000000000000000000e+00
0.000000000000000000e+00
0.000000000000000000e+00
0.000000000000000000e+00
0.000000000000000000e+00
0.000000000000000000e+00
0.000000000000000000e+00
0.000000000000000000e+00
0.000000000000000000e+00
0.000000000000000000e+00
0.000000000000000000e+00
0.000000000000000000e+00
0.000000000000000000e+00
0.000000000000000000e+00
0.000000000000000000e+00
0.000000000000000000e+00
0.000000000000000000e+00
0.000000000000000000e+00
5.187398464409538335e-01
5.477791731773578032e-01
5.744451248721843539e-01
5.975382094666750188e-01
6.137326075146766202e-01
6.398483934250498439e-01
6.710369664358761810e-01
7.061624082858187768e-01
7.277650005619010765e-01
7.460309363346304679e-01
7.790236744483755027e-01
8.010837700943381767e-01
8.488084861364256772e-01
8.534374867196380388e-01
9.042799478675300762e-01
9.284444614976284926e-01
9.453954941410740442e-01
9.764077378035693755e-01
1.017065766821169337e+00
1.032564289161140625e+00
1.059810586304268387e+00
1.090872429003559629e+00
1.113703443886650435e+00
1.147600890083294356e+00
1.157981450124832667e+00
1.159060503928142971e+00
1.192791322344154192e+00
1.206305276320938757e+00
1.220455425641835401e+00
1.241859839327346338e+00
1.254146402708410379e+00
1.263244729009600054e+00
1.280914541903343418e+00
1.284913420965300812e+00
1.294453308481891440e+00
1.289305830513523654e+00
1.294554751416107319e+00
1.294627215724214242e+00
1.283448665476041084e+00
1.297021951197695033e+00
1.290908525677416874e+00
1.281341443114905276e+00
1.262863460917060143e+00
1.250072008237230081e+00
1.243067768154612285e+00
1.208903707309978648e+00
1.195693823729695682e+00
1.165539896532519881e+00
1.135017587730063449e+00
1.092326528412868702e+00
1.047027957041058333e+00
9.931904511665119450e-01
9.467607960141591894e-01
8.901666354587820518e-01
8.433805028702274775e-01
7.876096843408906256e-01
7.430981467956409015e-01
7.078869804548132416e-01
6.682903059752038910e-01
6.369179443070284163e-01
6.112824663480868059e-01
5.746206452086206617e-01
5.455374773009447065e-01
5.045009437001037877e-01
4.655569400539657510e-01
4.199462724097930422e-01
3.766679326491870206e-01
3.309454672649560503e-01
2.854042650110493740e-01
2.409894560738120584e-01
2.044245614465909633e-01
1.692944981782563696e-01
1.423701990565422459e-01
1.207781225069530784e-01
1.089053189544708922e-01
9.714972057195675470e-02
8.392393814097665050e-02
7.219748328589684072e-02
6.098155352450540523e-02
5.065503091149613918e-02
4.207497414018487175e-02
3.438654167031194447e-02
2.767795027539011327e-02
2.175684930233380207e-02
1.624450234571845827e-02
1.160051971616815961e-02
8.034879927619085691e-03
5.657417044406413964e-03
4.131895677135496124e-03
1.627473744623297424e-03
2.969749790394987838e-05
0.000000000000000000e+00
0.000000000000000000e+00
0.000000000000000000e+00
0.000000000000000000e+00
0.000000000000000000e+00
0.000000000000000000e+00
0.000000000000000000e+00
0.000000000000000000e+00
0.000000000000000000e+00
0.000000000000000000e+00
