1.064314444840962715e+00
1.495740675047014179e+01
3.493121721891505871e+01
5.160284023910774920e+01
6.436686532751846812e+01
7.247411077130459489e+01
7.898679346320687955e+01
8.295275825745386555e+01
8.489348028270352131e+01
8.489973123552979928e+01
8.495393039824233483e+01
8.339577212955110497e+01
8.179191647028955003e+01
7.918308011438615779e+01
7.663672010579981020e+01
7.384046083469256416e+01
7.104301275795661752e+01
6.806489681053317042e+01
6.558200212322670097e+01
6.281583705461260791e+01
5.997086711156477179e+01
5.713707083327738445e+01
5.429339072053764426e+01
5.183659237577781198e+01
4.949567351203331356e+01
4.724997611628721472e+01
4.466935470384903795e+01
4.257742033850287555e+01
4.083062528010364645e+01
3.870015021037304592e+01
3.717188739881609649e+01
3.466981704201869263e+01
3.324048936300632562e+01
3.138521109927722108e+01
2.980133043109273672e+01
2.833552205150660086e+01
2.689218332371370934e+01
2.526677493542925745e+01
2.400639430501064453e+01
2.281656498001925470e+01
2.162672083337666251e+01
2.020006561330970030e+01
1.938540886315356104e+01
1.829027124066591270e+01
1.740516229758173239e+01
1.639219721965758936e+01
1.538787824672819760e+01
1.444363048634795099e+01
1.361991591753509567e+01
1.282940786565947100e+01
1.228416193832071635e+01
1.142534375797578861e+01
1.087399626272245712e+01
1.010618720135970605e+01
9.572458544528041458e+00
8.936737874889518096e+00
8.347320007227072125e+00
7.898732327200184145e+00
7.330645585987092261e+00
6.810379697789440634e+00
6.323005796487844776e+00
5.899361158360612478e+00
5.545704707418833479e+00
5.096687496892450930e+00
4.656344319491211081e+00
4.386878368067606004e+00
4.065521140700044889e+00
3.674155241114018366e+00
3.434186316504811654e+00
3.134253843814447382e+00
2.960701949205064132e+00
2.580964335264976928e+00
2.400144874798798345e+00
2.195806661586091391e+00
1.993241699574436865e+00
1.828445319255849855e+00
1.619153351018861375e+00
1.468202500435572100e+00
1.401787732977111789e+00
1.194391059099649599e+00
1.130934622087378383e+00
1.049196012520208443e+00
9.315236947409276658e-01
8.209447387044873645e-01
7.387601703247089757e-01
6.170269839852200455e-01
5.708150391056091566e-01
4.661883511929141299e-01
4.470189626919788828e-01
3.518515392779405504e-01
3.535469295751760832e-01
3.101812061135646448e-01
2.562033777956463365e-01
2.329360001716051232e-01
1.915247055627286588e-01
1.724617600079486057e-01
1.560560104558060268e-01
1.057901735948257038e-01
1.061266675675418408e-01
1.005208297664023365e-01
