0.000000000000000000e+00
0.000000000000000000e+00
0.000000000000000000e+00
0.000000000000000000e+00
0.000000000000000000e+00
0.000000000000000000e+00
0.000000000000000000e+00
0.000000000000000000e+00
0.000000000000000000e+00
0.000000000000000000e+00
0.000000000000000000e+00
0.000000000000000000e+00
0.000000000000000000e+00
0.000000000000000000e+00
0.000000000000000000e+00
0.000000000000000000e+00
0.000000000000000000e+00
0.000000000000000000e+00
0.000000000000000000e+00
0.000000000000000000e+00
0.000000000000000000e+00
0.000000000000000000e+00
0.000000000000000000e+00
0.000000000000000000e+00
0.000000000000000000e+00
0.000000000000000000e+00
0.000000000000000000e+00
0.000000000000000000e+00
0.000000000000000000e+00
0.000000000000000000e+00
0.000000000000000000e+00
0.000000000000000000e+00
0.000000000000000000e+00
0.000000000000000000e+00
0.000000000000000000e+00
0.000000000000000000e+00
0.000000000000000000e+00
0.000000000000000000e+00
0.000000000000000000e+00
0.000000000000000000e+00
0.000000000000000000e+00
0.000000000000000000e+00
0.000000000000000000e+00
0.000000000000000000e+00
0.000000000000000000e+00
0.000000000000000000e+00
0.000000000000000000e+00
0.000000000000000000e+00
0.000000000000000000e+00
0.000000000000000000e+00
0.000000000000000000e+00
0.000000000000000000e+00
2.689058284495305151e-05
2.983768445024875571e-05
1.299888119878249220e-04
1.183671026786883873e-04
1.315445595729106988e-04
4.632803615188194339e-04
2.445451654755274699e-04
4.425605574427718923e-04
8.503997370815451597e-04
5.789608530769290839e-04
5.898473894914796562e-04
1.149038642728187959e-03
1.425420155456317466e-03
1.588842981162345196e-03
2.774458675126654280e-03
3.694298662314316178e-03
3.947259058075879012e-03
7.179102153700489541e-03
9.550492187588020473e-03
1.288166197428201529e-02
1.730825205408068057e-02
2.143572182508976867e-02
2.725743363782374626e-02
3.178083141525027411e-02
4.048875316927810775e-02
4.944290346315409479e-02
5.616362315124608096e-02
7.046042792949859523e-02
7.680876989286865297e-02
8.896989658122320122e-02
1.021580176192776468e-01
1.128203654968977371e-01
1.280260610317401349e-01
1.373898529386171907e-01
1.468773410611727837e-01
1.619982581766411800e-01
1.789045246753812601e-01
1.868511762327193237e-01
2.047754190057682055e-01
2.157191547850227931e-01
2.286879613757918928e-01
2.448814847503284486e-01
2.500738331777831447e-01
2.739630670924022571e-01
2.908673351490810299e-01
3.097784879515687595e-01
3.244706094265435437e-01
3.605869649508159913e-01
3.747653912689106748e-01
4.014058686218475169e-01
4.327931903652876278e-01
4.631563686758035647e-01
4.917339852569555525e-01
5.128593952898944375e-01
5.470495850236541946e-01
5.742329877478097311e-01
6.156638965993225243e-01
6.468017347573719045e-01
6.805748659308406001e-01
6.964555014367418417e-01
7.440262107332079600e-01
8.872496343768879745e-01
1.018776815966218274e+00
1.073830255530063615e+00
1.124573917796730438e+00
1.129270590437881694e+00
1.132058402512621464e+00
1.120972005650235026e+00
1.100308466136329377e+00
1.060751268930213431e+00
1.073273274973524094e+00
1.037970917729831521e+00
1.035809399876895576e+00
1.071405344805551607e+00
1.117952447607089006e+00
1.135960945900832852e+00
1.130077069818708146e+00
1.152798377714930211e+00
1.160360777988772796e+00
1.154980256710055775e+00
1.142499997845727755e+00
1.113293976052743606e+00
1.113270557065590527e+00
1.091011312045660819e+00
1.069254538124874365e+00
1.047363831600750528e+00
1.028302655063921822e+00
1.003814188151287867e+00
9.739206656822879671e-01
9.453313772878579879e-01
9.127586748490940094e-01
8.951658481288432556e-01
8.616805237733025091e-01
8.137021820313381504e-01
7.700596046804762951e-01
7.311951938341068047e-01
6.817482774496359532e-01
6.490524550878068455e-01
6.168248759213099675e-01
5.794068524045340451e-01
5.430745352250695435e-01
5.063458709066964714e-01
4.699719264039798339e-01
4.377445727088861704e-01
4.166574949841816422e-01
3.797677446231289000e-01
3.445123018777241364e-01
3.075522678978567792e-01
2.779524793452606279e-01
2.502954627032462631e-01
2.268829888248065363e-01
2.001805797436644885e-01
1.776975188934548089e-01
1.540366405183314635e-01
1.359402216461196022e-01
1.136963905396816132e-01
9.632448955833602944e-02
7.997143153613708866e-02
6.618083541680315485e-02
5.327876083902333831e-02
4.257147829909376652e-02
3.453290728068815485e-02
2.724185665002267984e-02
2.190452201328317930e-02
1.703927121011176299e-02
1.221030901093117689e-02
8.309610668158218250e-03
5.472262558320587986e-03
3.565080413972380666e-03
2.581062352092359027e-03
2.127627865897610982e-03
1.652938592806996263e-03
1.144554935073805813e-03
8.378739044977587475e-04
5.750450177858884787e-04
3.899032159333947921e-04
2.572325841345890940e-04
1.183841803836719583e-04
6.192968676527208468e-07
0.000000000000000000e+00
0.000000000000000000e+00
0.000000000000000000e+00
0.000000000000000000e+00
0.000000000000000000e+00
0.000000000000000000e+00
0.000000000000000000e+00
0.000000000000000000e+00
0.000000000000000000e+00
0.000000000000000000e+00
