0.000000000000000000e+00
0.000000000000000000e+00
0.000000000000000000e+00
0.000000000000000000e+00
0.000000000000000000e+00
0.000000000000000000e+00
0.000000000000000000e+00
0.000000000000000000e+00
0.000000000000000000e+00
0.000000000000000000e+00
0.000000000000000000e+00
0.000000000000000000e+00
0.000000000000000000e+00
0.000000000000000000e+00
0.000000000000000000e+00
0.000000000000000000e+00
0.000000000000000000e+00
0.000000000000000000e+00
0.000000000000000000e+00
0.000000000000000000e+00
0.000000000000000000e+00
0.000000000000000000e+00
0.000000000000000000e+00
0.000000000000000000e+00
0.000000000000000000e+00
0.000000000000000000e+00
0.000000000000000000e+00
0.000000000000000000e+00
0.000000000000000000e+00
0.000000000000000000e+00
0.000000000000000000e+00
0.000000000000000000e+00
0.000000000000000000e+00
0.000000000000000000e+00
0.000000000000000000e+00
0.000000000000000000e+00
0.000000000000000000e+00
0.000000000000000000e+00
0.000000000000000000e+00
0.000000000000000000e+00
0.000000000000000000e+00
0.000000000000000000e+00
0.000000000000000000e+00
0.000000000000000000e+00
0.000000000000000000e+00
0.000000000000000000e+00
0.000000000000000000e+00
0.000000000000000000e+00
0.000000000000000000e+00
0.000000000000000000e+00
0.000000000000000000e+00
0.000000000000000000e+00
0.000000000000000000e+00
0.000000000000000000e+00
0.000000000000000000e+00
0.000000000000000000e+00
0.000000000000000000e+00
0.000000000000000000e+00
0.000000000000000000e+00
0.000000000000000000e+00
0.000000000000000000e+00
0.000000000000000000e+00
0.000000000000000000e+00
0.000000000000000000e+00
0.000000000000000000e+00
0.000000000000000000e+00
0.000000000000000000e+00
0.000000000000000000e+00
0.000000000000000000e+00
0.000000000000000000e+00
0.000000000000000000e+00
0.000000000000000000e+00
0.000000000000000000e+00
0.000000000000000000e+00
0.000000000000000000e+00
0.000000000000000000e+00
0.000000000000000000e+00
0.000000000000000000e+00
0.000000000000000000e+00
0.000000000000000000e+00
0.000000000000000000e+00
0.000000000000000000e+00
0.000000000000000000e+00
0.000000000000000000e+00
0.000000000000000000e+00
0.000000000000000000e+00
0.000000000000000000e+00
0.000000000000000000e+00
0.000000000000000000e+00
0.000000000000000000e+00
0.000000000000000000e+00
0.000000000000000000e+00
0.000000000000000000e+00
0.000000000000000000e+00
0.000000000000000000e+00
0.000000000000000000e+00
0.000000000000000000e+00
0.000000000000000000e+00
0.000000000000000000e+00
0.000000000000000000e+00
0.000000000000000000e+00
0.000000000000000000e+00
0.000000000000000000e+00
6.552947905821163710e-01
7.904090630923212402e+00
2.429765022586200729e+01
4.556996193559466235e+01
7.256042119056755269e+01
1.055677157011399743e+02
1.515211310976700361e+02
2.068305789736282634e+02
2.582380424363990414e+02
3.203781826863098559e+02
3.992496995268174942e+02
4.943198044156908963e+02
5.949946582258156695e+02
7.274966837543952352e+02
8.633203625826831740e+02
1.024166615265647579e+03
1.171983503106250964e+03
1.333138134272054003e+03
1.547261935102103280e+03
1.707943475774736953e+03
1.935224246951989699e+03
2.217338268010906631e+03
2.553887968156022907e+03
2.832713682584652815e+03
3.231043371241689783e+03
3.578257980898932601e+03
3.918942573271353012e+03
4.265554984520321341e+03
4.647133246233872342e+03
5.002795427588883285e+03
5.384302232773627111e+03
5.833320818066217726e+03
6.086223531566476595e+03
6.457670066059031342e+03
6.843969133409288588e+03
7.143881361337173075e+03
7.602275065096548133e+03
7.953171114711872178e+03
8.339254967158880390e+03
8.861317500208977435e+03
9.137274168215264581e+03
9.543674698829956469e+03
9.971553990948770661e+03
1.033354068291014664e+04
1.075610287108470948e+04
1.103474076464433347e+04
1.125670068503421135e+04
1.157638584547585560e+04
1.184244302125647482e+04
1.210350042213486631e+04
1.233936389032690386e+04
1.255909275757105388e+04
1.281732613910699547e+04
1.306986068044256172e+04
1.317334885176623175e+04
1.327177089712781162e+04
1.333053489400631770e+04
1.330560517554838589e+04
1.333309366120320738e+04
1.336941034882245185e+04
1.324383921542824646e+04
1.320639525507482540e+04
1.303169941083028607e+04
1.272636548983625107e+04
1.238191331611515670e+04
1.191677343948448288e+04
1.167349976289785809e+04
1.112948398310316952e+04
1.060408945515374216e+04
9.949244130041086464e+03
9.130021904972472839e+03
8.357367472720663500e+03
7.666515228289561492e+03
7.080482583111809618e+03
6.540476325304727652e+03
5.664056203794978501e+03
4.890847477527933734e+03
3.921585297597063800e+03
2.862976247360800699e+03
2.224907186562933930e+03
2.046858646686951261e+03
1.863945097164604022e+03
1.469772349252188860e+03
1.129363414547786306e+03
8.247230982315005576e+02
4.194893259438684936e+02
8.297438067945060993e+02
3.962147902490008278e+02
0.000000000000000000e+00
0.000000000000000000e+00
0.000000000000000000e+00
0.000000000000000000e+00
0.000000000000000000e+00
0.000000000000000000e+00
0.000000000000000000e+00
0.000000000000000000e+00
0.000000000000000000e+00
0.000000000000000000e+00
