0.000000000000000000e+00
0.000000000000000000e+00
0.000000000000000000e+00
0.000000000000000000e+00
0.000000000000000000e+00
0.000000000000000000e+00
0.000000000000000000e+00
0.000000000000000000e+00
0.000000000000000000e+00
0.000000000000000000e+00
0.000000000000000000e+00
0.000000000000000000e+00
0.000000000000000000e+00
0.000000000000000000e+00
0.000000000000000000e+00
0.000000000000000000e+00
0.000000000000000000e+00
0.000000000000000000e+00
0.000000000000000000e+00
0.000000000000000000e+00
0.000000000000000000e+00
0.000000000000000000e+00
0.000000000000000000e+00
0.000000000000000000e+00
0.000000000000000000e+00
0.000000000000000000e+00
0.000000000000000000e+00
0.000000000000000000e+00
0.000000000000000000e+00
0.000000000000000000e+00
0.000000000000000000e+00
0.000000000000000000e+00
0.000000000000000000e+00
0.000000000000000000e+00
0.000000000000000000e+00
0.000000000000000000e+00
0.000000000000000000e+00
0.000000000000000000e+00
0.000000000000000000e+00
0.000000000000000000e+00
0.000000000000000000e+00
0.000000000000000000e+00
0.000000000000000000e+00
0.000000000000000000e+00
0.000000000000000000e+00
0.000000000000000000e+00
0.000000000000000000e+00
0.000000000000000000e+00
0.000000000000000000e+00
0.000000000000000000e+00
0.000000000000000000e+00
0.000000000000000000e+00
0.000000000000000000e+00
0.000000000000000000e+00
0.000000000000000000e+00
0.000000000000000000e+00
0.000000000000000000e+00
0.000000000000000000e+00
0.000000000000000000e+00
0.000000000000000000e+00
0.000000000000000000e+00
0.000000000000000000e+00
0.000000000000000000e+00
0.000000000000000000e+00
0.000000000000000000e+00
0.000000000000000000e+00
0.000000000000000000e+00
0.000000000000000000e+00
0.000000000000000000e+00
0.000000000000000000e+00
0.000000000000000000e+00
0.000000000000000000e+00
0.000000000000000000e+00
0.000000000000000000e+00
0.000000000000000000e+00
0.000000000000000000e+00
0.000000000000000000e+00
0.000000000000000000e+00
0.000000000000000000e+00
0.000000000000000000e+00
0.000000000000000000e+00
0.000000000000000000e+00
0.000000000000000000e+00
0.000000000000000000e+00
0.000000000000000000e+00
0.000000000000000000e+00
0.000000000000000000e+00
0.000000000000000000e+00
0.000000000000000000e+00
0.000000000000000000e+00
0.000000000000000000e+00
0.000000000000000000e+00
0.000000000000000000e+00
0.000000000000000000e+00
0.000000000000000000e+00
0.000000000000000000e+00
0.000000000000000000e+00
0.000000000000000000e+00
0.000000000000000000e+00
0.000000000000000000e+00
0.000000000000000000e+00
0.000000000000000000e+00
4.013411840693703603e-02
3.303175238648383694e-01
8.173198839220534584e-01
3.547990209467968725e+00
9.328599003971209669e+00
2.135300919993742497e+01
3.518857072391755736e+01
5.274313846532117367e+01
7.537072791644885683e+01
9.825995152914107678e+01
1.229773997504813678e+02
1.435617031362477576e+02
1.774189245571288609e+02
2.072348103924867360e+02
2.380227984701454602e+02
2.757097597550465480e+02
3.147106085341814605e+02
3.572666367374143306e+02
3.988190596810188140e+02
4.532222824018941196e+02
5.080508125438381057e+02
5.770909255041588040e+02
6.518214287047339894e+02
7.200920139655282810e+02
8.141995463801164306e+02
8.982509523306279107e+02
9.657580574328378589e+02
1.057169149049605039e+03
1.127413774246329012e+03
1.225588009317807064e+03
1.298911692892682595e+03
1.372698262522167170e+03
1.476795743032272640e+03
1.546904184376942794e+03
1.651384884944277928e+03
1.776105877027306406e+03
1.838069494708367984e+03
1.957120389245226306e+03
2.068175120920381232e+03
2.146517936245184501e+03
2.261503329420196678e+03
2.340593677341833882e+03
2.447919002338432165e+03
2.520415908698643761e+03
2.637463401276870172e+03
2.754555296072479905e+03
2.793359636145723925e+03
2.865682155680676260e+03
2.917963335624822321e+03
3.006941391981165452e+03
3.042304990126968733e+03
3.119904109588026131e+03
3.136524923381340159e+03
3.177321451524455370e+03
3.210655475509571716e+03
3.213805472622572324e+03
3.208465831036780401e+03
3.182148907876587600e+03
3.167685480961034955e+03
3.135002201611490364e+03
3.084844299192441213e+03
3.059021775006505777e+03
2.989667940620663103e+03
2.891828957743486171e+03
2.792377586995773527e+03
2.672600639574156048e+03
2.526599267445852547e+03
2.444180600563513053e+03
2.339137802196968551e+03
2.185816878455067581e+03
2.014163009211289136e+03
1.817803908580337975e+03
1.588622477880247061e+03
1.431891936838871061e+03
1.344933974722095627e+03
1.252148286889945211e+03
1.094300702502533341e+03
9.306491488352556871e+02
7.457070008079012950e+02
5.349664602515248362e+02
4.133280710189076785e+02
3.893234367496913819e+02
3.625454770400315851e+02
2.910488551552488161e+02
2.291110910933276159e+02
1.762406977581819945e+02
1.040821986197176585e+02
1.891249542104498289e+02
8.974335571780895293e+01
0.000000000000000000e+00
0.000000000000000000e+00
0.000000000000000000e+00
0.000000000000000000e+00
0.000000000000000000e+00
0.000000000000000000e+00
0.000000000000000000e+00
0.000000000000000000e+00
0.000000000000000000e+00
0.000000000000000000e+00
