0.000000000000000000e+00
0.000000000000000000e+00
0.000000000000000000e+00
0.000000000000000000e+00
0.000000000000000000e+00
0.000000000000000000e+00
0.000000000000000000e+00
0.000000000000000000e+00
0.000000000000000000e+00
0.000000000000000000e+00
0.000000000000000000e+00
0.000000000000000000e+00
0.000000000000000000e+00
0.000000000000000000e+00
0.000000000000000000e+00
0.000000000000000000e+00
0.000000000000000000e+00
0.000000000000000000e+00
0.000000000000000000e+00
0.000000000000000000e+00
0.000000000000000000e+00
0.000000000000000000e+00
0.000000000000000000e+00
0.000000000000000000e+00
0.000000000000000000e+00
0.000000000000000000e+00
0.000000000000000000e+00
0.000000000000000000e+00
0.000000000000000000e+00
0.000000000000000000e+00
0.000000000000000000e+00
0.000000000000000000e+00
0.000000000000000000e+00
0.000000000000000000e+00
0.000000000000000000e+00
0.000000000000000000e+00
0.000000000000000000e+00
0.000000000000000000e+00
0.000000000000000000e+00
0.000000000000000000e+00
0.000000000000000000e+00
0.000000000000000000e+00
0.000000000000000000e+00
0.000000000000000000e+00
0.000000000000000000e+00
0.000000000000000000e+00
0.000000000000000000e+00
0.000000000000000000e+00
0.000000000000000000e+00
0.000000000000000000e+00
0.000000000000000000e+00
0.000000000000000000e+00
7.377357007744682338e-02
4.873318119445257252e-02
2.828502121041313044e-01
2.644998557045936671e-01
2.014324398753408463e-01
9.942993140187272871e-01
5.993976548574425633e-01
8.837641844113258704e-01
1.827693304008438657e+00
1.227480188200701594e+00
1.038656574703577862e+00
2.516074103862685707e+00
2.907082209655291738e+00
3.454436768671764746e+00
5.822658086606269379e+00
7.518178763363306594e+00
8.127075975431448995e+00
1.437716201595388377e+01
1.954209297547982516e+01
2.568773549106822429e+01
3.480406668211933408e+01
4.332604361833995199e+01
5.586191348354033437e+01
6.548166267560293363e+01
8.185024884739850393e+01
1.002682861975529818e+02
1.136917339168358154e+02
1.402824178723996340e+02
1.525264718355979880e+02
1.781470448217725959e+02
2.010194300462785009e+02
2.234439179447883532e+02
2.501987181165024765e+02
2.689632079617137492e+02
2.841919573676615869e+02
3.142501996751817046e+02
3.446506303374226832e+02
3.592599987590921842e+02
3.907036081261016989e+02
4.071005319457995597e+02
4.277315245372116124e+02
4.590741650109732745e+02
4.643469775554374337e+02
5.038517464281420644e+02
5.332762653441636758e+02
5.600227701847444450e+02
5.813359097480329183e+02
6.430675596892507428e+02
6.625128072493399713e+02
7.045652192837696930e+02
7.533331777140361964e+02
7.983459367763445016e+02
8.410433720291696318e+02
8.696274206464902363e+02
9.173288841386836339e+02
9.563932497705378637e+02
1.016892754100463549e+03
1.058892922637515994e+03
1.105906026999539563e+03
1.120302814579038795e+03
1.178015547853124644e+03
1.390400977411324448e+03
1.584752150622163299e+03
1.655449443374413249e+03
1.716978472506868002e+03
1.705629472447608350e+03
1.700253490098255725e+03
1.666367794809514180e+03
1.615793448331662830e+03
1.542592301636093453e+03
1.538781574114585737e+03
1.461045393300371188e+03
1.435992776928795138e+03
1.459926022698268071e+03
1.506667198802159646e+03
1.515513700416871416e+03
1.482236801841626175e+03
1.498877121001175965e+03
1.488762324720494689e+03
1.460539444036228133e+03
1.431484138231781571e+03
1.366855617417199483e+03
1.349473819411780141e+03
1.306294101204439130e+03
1.261172148028950005e+03
1.215301510675992859e+03
1.175555626141062476e+03
1.131318159967405791e+03
1.082179093789440003e+03
1.034650918043315642e+03
9.843511398355261690e+02
9.537136301614252716e+02
9.079919187177625872e+02
8.463591264731561523e+02
7.908011797666160874e+02
7.410562442432524222e+02
6.818194024690319566e+02
6.424239548244344178e+02
6.027548365460490913e+02
5.609246342837251404e+02
5.210663149330302986e+02
4.817715307746228746e+02
4.440144285768189434e+02
4.110252952666533588e+02
3.890275274062728954e+02
3.541845433200006710e+02
3.221762754332327177e+02
2.897869468031355495e+02
2.649529948293033499e+02
2.421383717613120439e+02
2.218961377531293806e+02
1.987828567326655218e+02
1.795660542512516997e+02
1.584879283555492577e+02
1.422645015249315179e+02
1.220229468847645080e+02
1.059516305405660006e+02
9.074227020893428630e+01
7.809957023154639444e+01
6.579587655443535255e+01
5.549735522850316016e+01
4.769956663216702708e+01
4.029738307908198180e+01
3.474758399008936749e+01
2.941501782117257591e+01
2.389521311975819629e+01
1.900802289292303016e+01
1.526529723586296328e+01
1.221784396992405597e+01
9.759756965631114056e+00
7.797795727505110186e+00
5.879820907671287067e+00
4.233585850348243085e+00
3.133738095411140012e+00
2.155424741718592774e+00
1.461931262855192371e+00
9.644864192031289418e-01
4.438781914533965756e-01
2.322036379316416797e-03
0.000000000000000000e+00
0.000000000000000000e+00
0.000000000000000000e+00
0.000000000000000000e+00
0.000000000000000000e+00
0.000000000000000000e+00
0.000000000000000000e+00
0.000000000000000000e+00
0.000000000000000000e+00
0.000000000000000000e+00
