0.000000000000000000e+00
0.000000000000000000e+00
0.000000000000000000e+00
0.000000000000000000e+00
0.000000000000000000e+00
0.000000000000000000e+00
0.000000000000000000e+00
0.000000000000000000e+00
0.000000000000000000e+00
0.000000000000000000e+00
0.000000000000000000e+00
0.000000000000000000e+00
0.000000000000000000e+00
0.000000000000000000e+00
0.000000000000000000e+00
0.000000000000000000e+00
0.000000000000000000e+00
0.000000000000000000e+00
0.000000000000000000e+00
0.000000000000000000e+00
0.000000000000000000e+00
0.000000000000000000e+00
0.000000000000000000e+00
0.000000000000000000e+00
0.000000000000000000e+00
0.000000000000000000e+00
0.000000000000000000e+00
0.000000000000000000e+00
0.000000000000000000e+00
0.000000000000000000e+00
0.000000000000000000e+00
0.000000000000000000e+00
0.000000000000000000e+00
0.000000000000000000e+00
0.000000000000000000e+00
0.000000000000000000e+00
0.000000000000000000e+00
0.000000000000000000e+00
0.000000000000000000e+00
0.000000000000000000e+00
0.000000000000000000e+00
0.000000000000000000e+00
0.000000000000000000e+00
0.000000000000000000e+00
0.000000000000000000e+00
0.000000000000000000e+00
0.000000000000000000e+00
0.000000000000000000e+00
0.000000000000000000e+00
0.000000000000000000e+00
0.000000000000000000e+00
0.000000000000000000e+00
0.000000000000000000e+00
0.000000000000000000e+00
0.000000000000000000e+00
0.000000000000000000e+00
0.000000000000000000e+00
0.000000000000000000e+00
0.000000000000000000e+00
0.000000000000000000e+00
0.000000000000000000e+00
0.000000000000000000e+00
0.000000000000000000e+00
0.000000000000000000e+00
0.000000000000000000e+00
0.000000000000000000e+00
0.000000000000000000e+00
0.000000000000000000e+00
0.000000000000000000e+00
0.000000000000000000e+00
0.000000000000000000e+00
0.000000000000000000e+00
0.000000000000000000e+00
0.000000000000000000e+00
0.000000000000000000e+00
0.000000000000000000e+00
0.000000000000000000e+00
0.000000000000000000e+00
0.000000000000000000e+00
0.000000000000000000e+00
0.000000000000000000e+00
0.000000000000000000e+00
0.000000000000000000e+00
0.000000000000000000e+00
0.000000000000000000e+00
0.000000000000000000e+00
0.000000000000000000e+00
0.000000000000000000e+00
0.000000000000000000e+00
0.000000000000000000e+00
0.000000000000000000e+00
0.000000000000000000e+00
0.000000000000000000e+00
0.000000000000000000e+00
0.000000000000000000e+00
0.000000000000000000e+00
0.000000000000000000e+00
0.000000000000000000e+00
0.000000000000000000e+00
0.000000000000000000e+00
4.636991026930646512e+03
4.750288506782059812e+03
4.874047972558994843e+03
5.023312512667974261e+03
5.211868520960372734e+03
5.449729681842501122e+03
5.579772108969441433e+03
5.618251895570346278e+03
5.871554896493915294e+03
6.003401323389399295e+03
6.103165360227895690e+03
6.318823641866668368e+03
6.488088950101920091e+03
6.559915947771622996e+03
6.837423283946950505e+03
6.956283454417323810e+03
7.170311725184526040e+03
7.225248355850453663e+03
7.431497261592816358e+03
7.559929524166810552e+03
7.781452085722037737e+03
7.947070653218431289e+03
8.096728449761725642e+03
8.262035422839222520e+03
8.407180159635530799e+03
8.544418509798633750e+03
8.552152244642145888e+03
8.726027922284962187e+03
8.816822453464337741e+03
8.966134871297326754e+03
9.088875834349146317e+03
9.188350803607490889e+03
9.303180868495559480e+03
9.378231231475907407e+03
9.339454805274115643e+03
9.432799314768812110e+03
9.510214713882303840e+03
9.553580506816235356e+03
9.651843037424068825e+03
9.662966703516829511e+03
9.629248260857053538e+03
9.560080193429064821e+03
9.473350780854900222e+03
9.463947838859154217e+03
9.450951101195163574e+03
9.357687925518765041e+03
9.279416240265720262e+03
9.187732504598228843e+03
9.058171272818723082e+03
8.949767901463710587e+03
8.766287882602911850e+03
8.613290461622074872e+03
8.500881404120083971e+03
8.189952669103859989e+03
7.980362966661983592e+03
7.829599401107035192e+03
7.506430240347007384e+03
7.229736787920649476e+03
7.009575565555333014e+03
6.767064872628156991e+03
6.408383274441462163e+03
6.146049651158039524e+03
5.819884368364584589e+03
5.494008407727088525e+03
5.104698123233398292e+03
4.755925970531589883e+03
4.402732795376834474e+03
4.098729684514750261e+03
3.764952054214214968e+03
3.385680847409895705e+03
3.051238539050440977e+03
2.731031307738424402e+03
2.403698391854706642e+03
2.121770743035612668e+03
1.823972774880649467e+03
1.562202800753027987e+03
1.321263871586503228e+03
1.071425876385809943e+03
8.841956369104627811e+02
7.005938755538409168e+02
5.585551176258614987e+02
4.621272585723445445e+02
3.684019904375488750e+02
2.935419492488708784e+02
2.181503320532369798e+02
1.574399093332218627e+02
1.123303376596164895e+02
7.401733620196647223e+01
5.355110271423209412e+01
1.945310163489869382e+01
6.803245556828615426e-01
0.000000000000000000e+00
0.000000000000000000e+00
0.000000000000000000e+00
0.000000000000000000e+00
0.000000000000000000e+00
0.000000000000000000e+00
0.000000000000000000e+00
0.000000000000000000e+00
0.000000000000000000e+00
0.000000000000000000e+00
