2.408940191668818009e+00
1.985176343858167769e+01
3.500960989724831052e+01
4.327513232806797561e+01
4.703456291191703542e+01
4.759633921936457313e+01
4.657217591739626528e+01
4.467248405188146165e+01
4.184739867840082184e+01
3.891108656460639992e+01
3.582029950339999402e+01
3.288731833294416163e+01
3.028955266990990935e+01
2.757472455890251339e+01
2.494896306499958882e+01
2.300909002836636219e+01
2.104114252559910270e+01
1.918832539911553070e+01
1.723643538570287603e+01
1.575323493971934141e+01
1.449393049245874465e+01
1.324057723673891296e+01
1.208765091044357121e+01
1.105840462301726390e+01
1.008384783627407977e+01
9.184316404722615346e+00
8.435319265492168483e+00
7.686735347303294219e+00
7.052702280685132052e+00
6.495026181356393202e+00
5.914084718713445099e+00
5.438596621753848837e+00
4.935007527125082838e+00
4.672275241417527702e+00
4.225245837173376984e+00
3.947641053049385729e+00
3.530519087835120029e+00
3.270566477720739496e+00
3.041414413891345703e+00
2.714140117214249859e+00
2.542733128500614725e+00
2.289976327149358504e+00
2.171674974396198721e+00
1.955629266684364653e+00
1.754405092801144095e+00
1.668409968903308283e+00
1.446508001622291983e+00
1.378612482311622145e+00
1.278924777559002246e+00
1.179535374389425462e+00
1.096422412479355790e+00
9.643045727672523437e-01
8.818829189413633918e-01
7.956994507156653906e-01
7.118334497565050878e-01
6.797158775470977243e-01
6.094815842413228157e-01
5.215086865536919802e-01
5.074137595775026766e-01
4.735556630019678859e-01
4.082343670320899842e-01
3.517825477710990745e-01
3.498489049686058228e-01
3.105808124492336342e-01
2.777236857814685544e-01
2.538147134638523150e-01
2.469761206911286200e-01
1.990125624013154848e-01
1.957746227855468035e-01
1.816917283067352729e-01
1.656588014502033690e-01
1.344501349493797404e-01
1.292245446644398887e-01
1.081973747473995856e-01
8.875253385866255229e-02
8.901092323123491190e-02
8.305224115918775907e-02
8.089597360322764441e-02
6.241119138471195454e-02
5.200280072672645165e-02
5.441294463523410618e-02
4.451222128613618184e-02
3.987518999113601192e-02
4.126114524269195588e-02
3.360500053819417271e-02
2.702734127525334776e-02
2.463107275613601529e-02
1.936846467668589672e-02
1.502973596908733188e-02
1.759092404751170027e-02
1.359052192737691261e-02
1.669212851115709634e-02
1.252215137392303362e-02
1.097134111710037704e-02
1.035630091938951301e-02
9.701460739817275442e-03
4.588938502370418573e-03
4.961803325590591687e-03
6.718674950176219823e-03
4.293675334300878048e-03
