0.000000000000000000e+00
0.000000000000000000e+00
0.000000000000000000e+00
0.000000000000000000e+00
0.000000000000000000e+00
0.000000000000000000e+00
0.000000000000000000e+00
0.000000000000000000e+00
0.000000000000000000e+00
0.000000000000000000e+00
0.000000000000000000e+00
0.000000000000000000e+00
0.000000000000000000e+00
0.000000000000000000e+00
0.000000000000000000e+00
0.000000000000000000e+00
0.000000000000000000e+00
0.000000000000000000e+00
0.000000000000000000e+00
0.000000000000000000e+00
0.000000000000000000e+00
0.000000000000000000e+00
0.000000000000000000e+00
0.000000000000000000e+00
0.000000000000000000e+00
0.000000000000000000e+00
0.000000000000000000e+00
0.000000000000000000e+00
0.000000000000000000e+00
0.000000000000000000e+00
0.000000000000000000e+00
0.000000000000000000e+00
0.000000000000000000e+00
0.000000000000000000e+00
0.000000000000000000e+00
0.000000000000000000e+00
0.000000000000000000e+00
0.000000000000000000e+00
0.000000000000000000e+00
0.000000000000000000e+00
0.000000000000000000e+00
0.000000000000000000e+00
0.000000000000000000e+00
0.000000000000000000e+00
0.000000000000000000e+00
0.000000000000000000e+00
0.000000000000000000e+00
0.000000000000000000e+00
0.000000000000000000e+00
0.000000000000000000e+00
0.000000000000000000e+00
0.000000000000000000e+00
0.000000000000000000e+00
0.000000000000000000e+00
1.860158934954334704e-04
0.000000000000000000e+00
1.641247254686732399e-03
-7.983580794290788627e-04
2.469716506481074367e-03
1.820948133578416525e-03
3.480192142399756491e-03
9.658027866807373726e-03
2.152118873687317024e-02
4.720377524147564147e-02
8.519598757340608730e-02
1.516645931749916465e-01
2.250760532131332314e-01
2.875173320858054327e-01
3.379463825627218587e-01
4.799327200148345574e-01
5.574428287306872898e-01
6.545250442926187073e-01
7.518219914999154652e-01
8.594514633267862358e-01
1.150723791345494851e+00
1.238037982731678088e+00
1.332806513821970462e+00
1.460872784267160940e+00
1.600973846224907904e+00
1.668849927231412789e+00
1.873984719215334716e+00
2.141463776754227055e+00
2.369043059019827258e+00
2.669543105078179490e+00
3.100251467336506916e+00
3.389719296333904452e+00
3.695588865901516584e+00
3.863338014573860502e+00
4.176610338288743840e+00
4.551348398490127067e+00
4.819563088177409860e+00
5.326030157113035735e+00
5.741011205879983592e+00
6.169378613307398673e+00
6.775787153357066828e+00
7.346193469051495839e+00
8.086461750607778498e+00
8.864519445704910794e+00
9.574112707171027026e+00
1.061094629489797647e+01
1.174068311480294824e+01
1.243675506148198195e+01
1.330409467108733779e+01
1.451104065299347035e+01
1.540586560145531259e+01
1.616584327004380128e+01
1.745685920079663944e+01
1.835158253676384987e+01
1.952149876119209893e+01
2.136592056240958470e+01
2.253878273523310583e+01
2.394385780611652592e+01
2.565194406511093561e+01
3.044155829103406674e+01
3.368396266159776786e+01
3.717880750732538786e+01
3.994175100903494524e+01
4.266250992814357090e+01
4.475880589612032878e+01
4.597862377505435205e+01
4.752810171140369988e+01
4.928006394115389810e+01
5.091264109407267568e+01
5.066525063273257246e+01
5.041274069358632204e+01
5.202426047633634454e+01
5.275531680870835771e+01
5.379299614592306966e+01
5.436591496115159572e+01
5.502905937627591726e+01
5.583413109822820530e+01
5.679852932910321783e+01
5.838479529733333351e+01
5.939804197513792872e+01
5.999433976785598333e+01
5.999473639148568083e+01
6.104146547767414432e+01
6.147267583078214415e+01
6.258578462418309130e+01
6.272176187789795421e+01
6.299756469001128778e+01
6.306257462335927499e+01
6.435600804834741950e+01
6.478214635242682107e+01
6.510704257234677073e+01
6.478162072534429683e+01
6.479752150821740031e+01
6.383133869034919172e+01
6.324854722998053802e+01
6.173386209487175336e+01
6.123363127993675192e+01
6.127771032521835792e+01
5.997850951497393623e+01
5.961690393974572544e+01
5.797913680901619671e+01
5.631485278215194512e+01
5.500818883384284419e+01
5.292063495299134956e+01
5.051579271546189176e+01
4.854854731442033255e+01
4.661444090482745395e+01
4.425697930715454476e+01
4.130447439037661894e+01
3.858255158353019709e+01
3.638691323303621772e+01
3.392829464929407379e+01
3.127842500938204395e+01
2.833619617035859761e+01
2.596235924918823912e+01
2.348528801242845887e+01
2.094309657093993948e+01
1.840085435768474298e+01
1.660070893770199163e+01
1.439003821790781679e+01
1.232211912516359753e+01
1.055816656971714984e+01
8.789159333203961921e+00
7.145434869828452662e+00
5.789204479903165002e+00
4.617715495513843749e+00
3.615866827574353515e+00
2.928741349087666368e+00
2.286539467232165279e+00
1.738801294717680967e+00
1.285651445517353553e+00
9.301474383573811178e-01
6.393434542632971951e-01
4.372188037408110683e-01
3.113588487129869686e-01
1.464747663333250682e-01
-6.613845062617435683e-04
0.000000000000000000e+00
0.000000000000000000e+00
0.000000000000000000e+00
0.000000000000000000e+00
0.000000000000000000e+00
0.000000000000000000e+00
0.000000000000000000e+00
0.000000000000000000e+00
0.000000000000000000e+00
0.000000000000000000e+00
