8.676162670077026684e-01
1.138231521381541533e+01
2.596688832126132240e+01
3.794067643936355694e+01
4.749684603431356322e+01
5.418950622273877116e+01
5.912089412267508948e+01
6.238331724562119973e+01
6.410416217221296620e+01
6.536067452724016391e+01
6.522880782319434445e+01
6.483946304170237340e+01
6.382781381958413647e+01
6.281055021231129842e+01
6.096230009269911676e+01
5.851447471974143610e+01
5.730057822400792134e+01
5.496725961948391870e+01
5.316653462326473090e+01
5.068617041201537177e+01
4.906730651261320020e+01
4.732934191017280767e+01
4.502033780798478801e+01
4.341122746169141067e+01
4.125141442904030242e+01
3.951062111384087672e+01
3.808565432691428754e+01
3.650200967707315414e+01
3.437053389112320900e+01
3.320171034335468363e+01
3.140198764521001706e+01
2.989738791556816366e+01
2.867822369084372980e+01
2.738588385642391643e+01
2.610266261342147232e+01
2.474590488684985345e+01
2.325447722283120555e+01
2.238105253053931065e+01
2.134098323319423329e+01
2.041996224341051303e+01
1.916233271749393552e+01
1.826555830951856763e+01
1.735725755256472524e+01
1.650692296251602187e+01
1.546396173917496597e+01
1.495947253305495472e+01
1.417671652603521437e+01
1.327173098416758101e+01
1.253660276668616191e+01
1.199422974274049736e+01
1.115941549209515138e+01
1.043616023671394899e+01
9.841581872561420141e+00
9.311260063290374589e+00
8.806821712958978310e+00
8.162144581241575381e+00
7.629361601305278739e+00
7.231198303776521286e+00
6.588731146250681014e+00
6.480695987228431321e+00
6.054738852778743130e+00
5.730681113355275969e+00
5.137783997283647430e+00
4.650753066388190859e+00
4.413967404835863917e+00
4.071968195237739785e+00
3.751937943200248426e+00
3.541491175939853076e+00
3.377499032649315058e+00
3.113625471609846151e+00
2.823902558550083874e+00
2.447404429632916045e+00
2.302498316476731866e+00
2.096304608584516949e+00
2.017194216676140961e+00
1.855138935968587699e+00
1.604887945939172056e+00
1.538114592607218167e+00
1.350234242263541828e+00
1.142837265940767288e+00
1.068133484914585818e+00
9.600803896823386641e-01
8.484703961213621026e-01
7.801365501305611572e-01
6.931180453589566026e-01
6.022319117572514369e-01
5.364974206600331419e-01
4.432707349724851476e-01
4.072144837509718007e-01
3.387465463799272936e-01
3.247098592787392990e-01
2.971113830077649065e-01
2.617898099481210661e-01
2.082204001079949185e-01
2.033155874217293657e-01
1.660409252073924979e-01
1.436692894910802099e-01
1.083212571812313257e-01
9.918595161375295954e-02
8.378977895946555787e-02
