0.000000000000000000e+00
0.000000000000000000e+00
0.000000000000000000e+00
0.000000000000000000e+00
0.000000000000000000e+00
0.000000000000000000e+00
0.000000000000000000e+00
0.000000000000000000e+00
0.000000000000000000e+00
0.000000000000000000e+00
2.418178461160330403e-03
3.301437210866323829e-02
2.467142671171288493e-01
1.978430999795760981e+00
5.577912387291106278e+00
1.135595947792943861e+01
1.966966807040784460e+01
3.130763190962954567e+01
4.397075907002709272e+01
6.347681820801096109e+01
9.188475962804007224e+01
1.208804831618182760e+02
1.659050233363762459e+02
2.353783684862807775e+02
2.508199840426791525e+02
2.488521952909803474e+02
2.420567018523232719e+02
2.253121641666006667e+02
2.008798062907001736e+02
1.656467398179272266e+02
1.256392082142574225e+02
8.767969603177880344e+01
5.342013717548695695e+01
2.830879784313760439e+01
1.228949603828537995e+01
3.918403295424312205e+00
7.652849490390372100e-01
7.422126308303940434e-02
0.000000000000000000e+00
0.000000000000000000e+00
0.000000000000000000e+00
