0.000000000000000000e+00
0.000000000000000000e+00
0.000000000000000000e+00
0.000000000000000000e+00
0.000000000000000000e+00
0.000000000000000000e+00
0.000000000000000000e+00
0.000000000000000000e+00
0.000000000000000000e+00
0.000000000000000000e+00
0.000000000000000000e+00
0.000000000000000000e+00
0.000000000000000000e+00
0.000000000000000000e+00
0.000000000000000000e+00
0.000000000000000000e+00
0.000000000000000000e+00
0.000000000000000000e+00
0.000000000000000000e+00
0.000000000000000000e+00
0.000000000000000000e+00
0.000000000000000000e+00
0.000000000000000000e+00
0.000000000000000000e+00
0.000000000000000000e+00
0.000000000000000000e+00
0.000000000000000000e+00
0.000000000000000000e+00
0.000000000000000000e+00
0.000000000000000000e+00
0.000000000000000000e+00
0.000000000000000000e+00
0.000000000000000000e+00
0.000000000000000000e+00
0.000000000000000000e+00
0.000000000000000000e+00
0.000000000000000000e+00
0.000000000000000000e+00
0.000000000000000000e+00
0.000000000000000000e+00
0.000000000000000000e+00
0.000000000000000000e+00
0.000000000000000000e+00
0.000000000000000000e+00
0.000000000000000000e+00
0.000000000000000000e+00
0.000000000000000000e+00
0.000000000000000000e+00
0.000000000000000000e+00
0.000000000000000000e+00
0.000000000000000000e+00
0.000000000000000000e+00
0.000000000000000000e+00
0.000000000000000000e+00
0.000000000000000000e+00
0.000000000000000000e+00
0.000000000000000000e+00
0.000000000000000000e+00
0.000000000000000000e+00
0.000000000000000000e+00
0.000000000000000000e+00
0.000000000000000000e+00
0.000000000000000000e+00
0.000000000000000000e+00
0.000000000000000000e+00
0.000000000000000000e+00
0.000000000000000000e+00
0.000000000000000000e+00
0.000000000000000000e+00
0.000000000000000000e+00
0.000000000000000000e+00
0.000000000000000000e+00
0.000000000000000000e+00
0.000000000000000000e+00
0.000000000000000000e+00
0.000000000000000000e+00
0.000000000000000000e+00
0.000000000000000000e+00
0.000000000000000000e+00
0.000000000000000000e+00
0.000000000000000000e+00
0.000000000000000000e+00
0.000000000000000000e+00
0.000000000000000000e+00
0.000000000000000000e+00
0.000000000000000000e+00
0.000000000000000000e+00
0.000000000000000000e+00
0.000000000000000000e+00
0.000000000000000000e+00
0.000000000000000000e+00
0.000000000000000000e+00
0.000000000000000000e+00
0.000000000000000000e+00
0.000000000000000000e+00
0.000000000000000000e+00
0.000000000000000000e+00
0.000000000000000000e+00
0.000000000000000000e+00
0.000000000000000000e+00
3.385654753602315381e+00
3.567729251574612626e+00
3.730087837857689159e+00
3.874704614479317133e+00
3.975218455590159294e+00
4.135711687462992892e+00
4.332266361329114801e+00
4.550487744170868432e+00
4.677461910445292581e+00
4.788429231021178012e+00
4.990193125541137142e+00
5.118895918873558770e+00
5.415186211782247128e+00
5.431205831352022173e+00
5.748406814013474531e+00
5.887737708019426641e+00
5.985146114796192407e+00
6.170915431902111337e+00
6.424199591540536325e+00
6.519113871272633531e+00
6.687161917294574209e+00
6.887109061908601504e+00
7.025504340951386872e+00
7.244099247040486134e+00
7.311769962107634413e+00
7.324307835708810721e+00
7.532613343874372092e+00
7.623371176088529211e+00
7.707272456052717047e+00
7.836362033910516445e+00
7.903411027586567883e+00
7.946318092878239980e+00
8.045814153401181557e+00
8.041299283372598694e+00
8.075900256799993571e+00
7.999236296493587695e+00
7.985064265673368133e+00
7.937034574108384533e+00
7.811933260242725829e+00
7.837556604743866728e+00
7.741107675416269096e+00
7.612423023915172671e+00
7.427895592872409303e+00
7.277112400842919548e+00
7.169851231122190249e+00
6.903663130215972998e+00
6.771189752231310699e+00
6.550281204447117034e+00
6.341872982818148152e+00
6.077386098292314465e+00
5.809283385713934322e+00
5.515436324070614127e+00
5.265281761888995327e+00
4.951926200503789843e+00
4.682906734367698220e+00
4.345067675151746300e+00
4.047934769881722517e+00
3.782313948939864723e+00
3.471027293570843497e+00
3.192934088706122164e+00
2.924466230685350610e+00
2.625000670385497337e+00
2.384178323329229521e+00
2.112885074828850129e+00
1.872896740109819325e+00
1.640713440445729310e+00
1.446217938590580898e+00
1.263698166595491168e+00
1.088631330998584223e+00
9.122104577142384763e-01
7.623898424904350657e-01
6.169898731156077121e-01
4.994702697739364372e-01
4.008491860852455568e-01
3.356026949077443589e-01
2.729948600643338219e-01
2.094757423476477642e-01
1.559803692312123347e-01
1.094440713972336943e-01
7.281767231190092171e-02
4.996615181105572984e-02
3.763552738941039477e-02
3.107877168481524774e-02
2.473921627932051601e-02
1.797882710308248283e-02
1.269647758126891263e-02
8.779686335333946462e-03
6.179621179044368466e-03
4.513287571980192751e-03
1.777696631107737301e-03
3.243870578594220566e-05
0.000000000000000000e+00
0.000000000000000000e+00
0.000000000000000000e+00
0.000000000000000000e+00
0.000000000000000000e+00
0.000000000000000000e+00
0.000000000000000000e+00
0.000000000000000000e+00
0.000000000000000000e+00
0.000000000000000000e+00
