0.000000000000000000e+00
0.000000000000000000e+00
0.000000000000000000e+00
0.000000000000000000e+00
0.000000000000000000e+00
0.000000000000000000e+00
0.000000000000000000e+00
0.000000000000000000e+00
0.000000000000000000e+00
0.000000000000000000e+00
1.845378465812431545e-03
1.142106059981740432e-02
4.341093983985581245e-02
2.199555513732959211e-01
9.476259771185815417e-01
2.773110496725146312e+00
5.596298708885337980e+00
8.891207342015782444e+00
1.262926940476937610e+01
1.709973174401613250e+01
2.388743175129581786e+01
3.256712572272098072e+01
4.640459377612248204e+01
6.482622074273217549e+01
6.423155528815475179e+01
7.079951201273595984e+01
7.511058558780452188e+01
7.328738232495214788e+01
6.924634614310684810e+01
6.021439215627584218e+01
5.027746397325855554e+01
3.989762706504317435e+01
2.819732779176995408e+01
1.774256958770134318e+01
9.213117719724010612e+00
3.912338361499086314e+00
1.149902302985591485e+00
1.579604313820746342e-01
1.536819552608789056e-03
0.000000000000000000e+00
0.000000000000000000e+00
