1.367052211574994569e+00
1.463578090272131149e+01
3.160813287224623025e+01
4.529399529858153528e+01
5.573313298625333800e+01
6.195982570575039006e+01
6.705975248273496447e+01
6.972148539058326833e+01
7.111724336988847028e+01
7.131343013539218134e+01
7.126175418975546449e+01
7.041541100555984656e+01
6.869044969646803622e+01
6.755640374236246259e+01
6.539569932232944893e+01
6.367749685125907178e+01
6.136169160665208011e+01
5.880826438652805166e+01
5.662082549805676734e+01
5.392817698126551562e+01
5.238418050348386856e+01
4.982242424551483850e+01
4.764750159230244719e+01
4.566787427861915916e+01
4.375091801713293904e+01
4.186092193602426192e+01
3.996959327133446038e+01
3.825683933955949101e+01
3.625967743157401912e+01
3.427395130523488120e+01
3.321644209770701650e+01
3.152737581841915215e+01
2.995099128048581605e+01
2.865368603516735035e+01
2.700656553034963991e+01
2.588088498094170120e+01
2.464937627375696039e+01
2.358908271635619514e+01
2.229562357048165921e+01
2.130462486850150228e+01
1.993333791975684832e+01
1.889971715951982034e+01
1.814276311690806764e+01
1.733343481651555251e+01
1.607727749450056010e+01
1.534471970945721608e+01
1.436476344300774954e+01
1.377107036900460280e+01
1.289429854123203434e+01
1.232706510943004297e+01
1.153485294327066057e+01
1.087963682617559513e+01
1.038631348151126588e+01
9.901681862941231316e+00
9.013489061840598282e+00
8.615706681437339753e+00
8.084195164203865858e+00
7.585914215615918721e+00
7.081284255757387847e+00
6.535504424734017270e+00
6.146137139812704930e+00
5.722035446405130621e+00
5.345741324492834678e+00
4.893749215434757716e+00
4.515984003531118063e+00
4.219822177928080009e+00
3.926651740570658689e+00
3.620765288349467870e+00
3.309412038488560359e+00
3.123684657962418676e+00
2.960793668750835828e+00
2.581938192819084321e+00
2.441807187072187801e+00
2.152838970295894327e+00
2.015760778364637407e+00
1.895097239501553288e+00
1.703465657234777275e+00
1.519198242049203396e+00
1.335293880051218407e+00
1.184520515423743037e+00
1.078398943299893720e+00
1.002554904003150726e+00
8.785551117045603542e-01
7.826991555153993696e-01
7.263344442962967884e-01
6.338424635222332792e-01
6.126841408915753018e-01
5.337934453832342552e-01
4.708467831059469089e-01
4.104209363210580830e-01
3.373492473974905592e-01
2.818217828051016727e-01
2.335172378340377997e-01
2.361910807007337743e-01
2.092005811990421404e-01
1.522524718591533599e-01
1.352936624472519112e-01
1.327838653621032927e-01
1.183755079008241423e-01
7.926132331204641113e-02
