0.000000000000000000e+00
0.000000000000000000e+00
0.000000000000000000e+00
0.000000000000000000e+00
0.000000000000000000e+00
0.000000000000000000e+00
0.000000000000000000e+00
0.000000000000000000e+00
0.000000000000000000e+00
0.000000000000000000e+00
6.665046340961173566e-04
1.537570103542309878e-02
1.865903608625686938e-01
1.757554613872135407e+00
4.486971120401527457e+00
8.055606891753679832e+00
1.334737274822603403e+01
2.128512053373237123e+01
3.061413780695363229e+01
4.630801212482874973e+01
6.975122433080724704e+01
9.287907530936200828e+01
1.306100265427505462e+02
1.922973521539667843e+02
2.141740851122953870e+02
2.151872202431662799e+02
2.128348381085473022e+02
2.024774575417411313e+02
1.862257838806213215e+02
1.600541954261334183e+02
1.266682449392661169e+02
9.299665516746247818e+01
6.305701704670813967e+01
3.739058319213590664e+01
1.800359228067649298e+01
6.191143236311094533e+00
1.317288623737453035e+00
1.140585024835546607e-01
0.000000000000000000e+00
0.000000000000000000e+00
0.000000000000000000e+00
