0.000000000000000000e+00
0.000000000000000000e+00
0.000000000000000000e+00
0.000000000000000000e+00
0.000000000000000000e+00
0.000000000000000000e+00
0.000000000000000000e+00
0.000000000000000000e+00
0.000000000000000000e+00
0.000000000000000000e+00
1.904131843382297472e-03
1.477984330450886688e-02
5.587834910965874119e-02
2.513062717205526986e-01
1.054804334749817496e+00
2.915594786347871725e+00
5.899945219456944834e+00
9.204515494449434954e+00
1.264919454166873791e+01
1.656210264036618440e+01
2.210694373619410769e+01
2.829923073175551096e+01
3.787329876552655605e+01
4.978399598859649444e+01
4.502585240781745313e+01
4.452792171935186616e+01
4.251664030573575559e+01
3.673201773358302091e+01
2.999038633526138398e+01
2.259757680999770812e+01
1.587720383921570289e+01
1.072390416389040446e+01
6.876759377470630596e+00
3.851499776249777796e+00
1.764236524619926527e+00
7.111903311518026349e-01
2.046643184674200866e-01
2.148645903053927886e-02
0.000000000000000000e+00
0.000000000000000000e+00
0.000000000000000000e+00
