0.000000000000000000e+00
0.000000000000000000e+00
0.000000000000000000e+00
0.000000000000000000e+00
0.000000000000000000e+00
0.000000000000000000e+00
0.000000000000000000e+00
0.000000000000000000e+00
0.000000000000000000e+00
0.000000000000000000e+00
0.000000000000000000e+00
0.000000000000000000e+00
0.000000000000000000e+00
0.000000000000000000e+00
0.000000000000000000e+00
0.000000000000000000e+00
0.000000000000000000e+00
0.000000000000000000e+00
0.000000000000000000e+00
0.000000000000000000e+00
0.000000000000000000e+00
0.000000000000000000e+00
0.000000000000000000e+00
0.000000000000000000e+00
0.000000000000000000e+00
0.000000000000000000e+00
0.000000000000000000e+00
0.000000000000000000e+00
0.000000000000000000e+00
0.000000000000000000e+00
0.000000000000000000e+00
0.000000000000000000e+00
0.000000000000000000e+00
0.000000000000000000e+00
0.000000000000000000e+00
0.000000000000000000e+00
0.000000000000000000e+00
0.000000000000000000e+00
0.000000000000000000e+00
0.000000000000000000e+00
0.000000000000000000e+00
0.000000000000000000e+00
0.000000000000000000e+00
0.000000000000000000e+00
0.000000000000000000e+00
0.000000000000000000e+00
0.000000000000000000e+00
0.000000000000000000e+00
0.000000000000000000e+00
0.000000000000000000e+00
0.000000000000000000e+00
0.000000000000000000e+00
5.399730231992967699e-02
6.385973458611028664e-02
2.330127937739107091e-01
2.510401429636780479e-01
2.646162846123415457e-01
8.299185892913620854e-01
4.711165041450093849e-01
8.609826385627585843e-01
1.597255719064793800e+00
1.124185971346372659e+00
1.134344816048672655e+00
2.156408061616438498e+00
2.693582511683848768e+00
3.043817970997481748e+00
5.216916104288098488e+00
6.871742136006862900e+00
7.584126424229797436e+00
1.344371071662480688e+01
1.791354493027798966e+01
2.426418033648973704e+01
3.249013461443553297e+01
4.027546144603993383e+01
5.169659605925286172e+01
5.950457011344985148e+01
7.618447105593830315e+01
9.282659290394137486e+01
1.053097510455584285e+02
1.315259060927825772e+02
1.436265396547364901e+02
1.665104425035376039e+02
1.914945233437791785e+02
2.108682440460154908e+02
2.391370858227900271e+02
2.569843155336702125e+02
2.744460202806556595e+02
3.019897130541239676e+02
3.347063551796645697e+02
3.482662559983372148e+02
3.816490927714189638e+02
4.038266073015839197e+02
4.277307643742075811e+02
4.574477096963816507e+02
4.685738833175345803e+02
5.118678351780640128e+02
5.432101036247574939e+02
5.781584056129157716e+02
6.070268247969972890e+02
6.731959706954064586e+02
7.016918585218251110e+02
7.539930737389312299e+02
8.113930360658868040e+02
8.707699550118885554e+02
9.253751348671681853e+02
9.680551102101043170e+02
1.032967804009882684e+03
1.085432612826609329e+03
1.167364518469639506e+03
1.228695217234377878e+03
1.295308801862154041e+03
1.330462597193499505e+03
1.432448504736552195e+03
1.714187103599197599e+03
1.971557444559491614e+03
2.085174577126047552e+03
2.191265743108737297e+03
2.213031182820831873e+03
2.222522636849971150e+03
2.211782523691963888e+03
2.184604987814618198e+03
2.118326008899004592e+03
2.157655631852333499e+03
2.111882382819459963e+03
2.127598601008151491e+03
2.220090028164141131e+03
2.331546798863651020e+03
2.383707233057158192e+03
2.396022847712993098e+03
2.458889834517444797e+03
2.492273534077738077e+03
2.502285405773330240e+03
2.492807964437150076e+03
2.464680878057983591e+03
2.489064713402508460e+03
2.459877868410080282e+03
2.442080055200883180e+03
2.419868354784094208e+03
2.406193416173298829e+03
2.379164102827829538e+03
2.342331746920971455e+03
2.306035237832007169e+03
2.262326160815969160e+03
2.254095797703729204e+03
2.198735984088169062e+03
2.111215604912259096e+03
2.035664043327850322e+03
1.967122795115117242e+03
1.878062478420248908e+03
1.815155300241330906e+03
1.766038325929818711e+03
1.693728210167007774e+03
1.626982677800920101e+03
1.554577027198640508e+03
1.480668313855392626e+03
1.416260383582489339e+03
1.380077201878756341e+03
1.296077984703295442e+03
1.209122183383858328e+03
1.111132355468701235e+03
1.035511429329743805e+03
9.669586578389081524e+02
9.021461125908505210e+02
8.282138103508102631e+02
7.658565947228737514e+02
6.905907884049232734e+02
6.329739065070510833e+02
5.567549364175769142e+02
4.930450193838232735e+02
4.331474282199325216e+02
3.828151022400888337e+02
3.306029455128248742e+02
2.847756443267450095e+02
2.476152498870304726e+02
2.087796191861401951e+02
1.782358633092616458e+02
1.497209201917016514e+02
1.208097827782585512e+02
9.543255863370185921e+01
7.612989493998232149e+01
6.084718921037701023e+01
4.914824271664397060e+01
4.001930419619511525e+01
3.106134722442136820e+01
2.315073168699635886e+01
1.761187318076746067e+01
1.266607679833111710e+01
8.910229224054685204e+00
5.837891712878265693e+00
2.567093012431093779e+00
2.031391485040761474e-02
0.000000000000000000e+00
0.000000000000000000e+00
0.000000000000000000e+00
0.000000000000000000e+00
0.000000000000000000e+00
0.000000000000000000e+00
0.000000000000000000e+00
0.000000000000000000e+00
0.000000000000000000e+00
0.000000000000000000e+00
