0.000000000000000000e+00
0.000000000000000000e+00
0.000000000000000000e+00
0.000000000000000000e+00
0.000000000000000000e+00
0.000000000000000000e+00
0.000000000000000000e+00
0.000000000000000000e+00
0.000000000000000000e+00
0.000000000000000000e+00
0.000000000000000000e+00
0.000000000000000000e+00
0.000000000000000000e+00
0.000000000000000000e+00
0.000000000000000000e+00
0.000000000000000000e+00
0.000000000000000000e+00
0.000000000000000000e+00
0.000000000000000000e+00
0.000000000000000000e+00
1.463354231744401375e+02
1.630044681517064191e+02
1.786878634608864900e+02
1.908523196526716106e+02
1.984418972028611563e+02
1.999442662577645251e+02
1.923743203293030035e+02
1.780228758868047692e+02
1.560234816549956065e+02
1.295019832508079958e+02
9.825859463064571742e+01
6.987985268306506725e+01
4.426720206443648209e+01
2.434881118185345628e+01
1.103129363565739318e+01
3.676039127525238204e+00
7.607624541209213609e-01
7.004504398225996908e-02
0.000000000000000000e+00
0.000000000000000000e+00
0.000000000000000000e+00
