4.529034116634502727e-01
4.861913812721497585e+00
1.068884101044016255e+01
1.535946804665849186e+01
1.811429229885639458e+01
1.990314785746459236e+01
2.085539431400393440e+01
2.115520770940251438e+01
2.090486278278118348e+01
2.048638531142460906e+01
1.979670235839178360e+01
1.889642236328078440e+01
1.797210668655111832e+01
1.697190224653353496e+01
1.599090900733611775e+01
1.496596022030362150e+01
1.397713136742611084e+01
1.296829495583744141e+01
1.221636072618137803e+01
1.132689769528755264e+01
1.052355429003468856e+01
9.810211974218519870e+00
9.186584815362948575e+00
8.471541191123296954e+00
7.829845757573733245e+00
7.320695156639685841e+00
6.825771332683186365e+00
6.227387153060715441e+00
5.819723347635687993e+00
5.373297559367198772e+00
5.003516246859402550e+00
4.605451636694429141e+00
4.301353473672714145e+00
3.924016676375052359e+00
3.660097706359140002e+00
3.383128940687903263e+00
3.149835974264385108e+00
2.896503739875171846e+00
2.677364324678800145e+00
2.499098910640635829e+00
2.299508141041848752e+00
2.053716362370700210e+00
1.952138120797448195e+00
1.760991423786468335e+00
1.648878910152616895e+00
1.455910634557990413e+00
1.376269235717333617e+00
1.275080209561851197e+00
1.153502081743812857e+00
1.077625052987865262e+00
9.720784536332006676e-01
8.759676826261406646e-01
8.278049204340127698e-01
7.614934307744422037e-01
6.723849510759447590e-01
6.262755290782672235e-01
5.737753051026256434e-01
5.203746680068430663e-01
4.655185893962037191e-01
4.369321774485981913e-01
4.027581731499402795e-01
3.531622481402035829e-01
3.155881330566888132e-01
3.061871583504505168e-01
2.701959966311630601e-01
2.485108172823444761e-01
2.237136272239072798e-01
1.936523062447852994e-01
1.873970581555732817e-01
1.673260306642646023e-01
1.457669011703490447e-01
1.291779102473029628e-01
1.162077744309580329e-01
1.010145736701022756e-01
8.274048616244861210e-02
8.392815812039614021e-02
7.915475205908827083e-02
7.142640455118541565e-02
5.458872277112452459e-02
5.092076600056015534e-02
4.568773235166081331e-02
3.699476550516702517e-02
3.913848952541981036e-02
2.967473582193685955e-02
3.242373376145685909e-02
2.582049980893245250e-02
2.041355493951515013e-02
2.280678165724973547e-02
1.859232386757346880e-02
1.156679187024958408e-02
1.242797142952469826e-02
1.065593048533763736e-02
8.768160155939950726e-03
8.536346507762183206e-03
4.852040546115578279e-03
6.292613110001918884e-03
6.354680608943568884e-03
4.913849193442463084e-03
4.744250677883676479e-03
2.521164571013554366e-03
