0.000000000000000000e+00
0.000000000000000000e+00
0.000000000000000000e+00
0.000000000000000000e+00
0.000000000000000000e+00
0.000000000000000000e+00
0.000000000000000000e+00
0.000000000000000000e+00
0.000000000000000000e+00
0.000000000000000000e+00
0.000000000000000000e+00
0.000000000000000000e+00
0.000000000000000000e+00
0.000000000000000000e+00
0.000000000000000000e+00
0.000000000000000000e+00
0.000000000000000000e+00
0.000000000000000000e+00
0.000000000000000000e+00
0.000000000000000000e+00
0.000000000000000000e+00
0.000000000000000000e+00
0.000000000000000000e+00
0.000000000000000000e+00
0.000000000000000000e+00
0.000000000000000000e+00
0.000000000000000000e+00
0.000000000000000000e+00
0.000000000000000000e+00
0.000000000000000000e+00
0.000000000000000000e+00
0.000000000000000000e+00
0.000000000000000000e+00
0.000000000000000000e+00
0.000000000000000000e+00
0.000000000000000000e+00
0.000000000000000000e+00
0.000000000000000000e+00
0.000000000000000000e+00
0.000000000000000000e+00
0.000000000000000000e+00
0.000000000000000000e+00
0.000000000000000000e+00
0.000000000000000000e+00
0.000000000000000000e+00
0.000000000000000000e+00
0.000000000000000000e+00
0.000000000000000000e+00
0.000000000000000000e+00
0.000000000000000000e+00
0.000000000000000000e+00
0.000000000000000000e+00
0.000000000000000000e+00
0.000000000000000000e+00
0.000000000000000000e+00
0.000000000000000000e+00
0.000000000000000000e+00
0.000000000000000000e+00
0.000000000000000000e+00
0.000000000000000000e+00
0.000000000000000000e+00
0.000000000000000000e+00
0.000000000000000000e+00
0.000000000000000000e+00
0.000000000000000000e+00
0.000000000000000000e+00
0.000000000000000000e+00
0.000000000000000000e+00
0.000000000000000000e+00
0.000000000000000000e+00
0.000000000000000000e+00
0.000000000000000000e+00
0.000000000000000000e+00
0.000000000000000000e+00
0.000000000000000000e+00
0.000000000000000000e+00
0.000000000000000000e+00
0.000000000000000000e+00
0.000000000000000000e+00
0.000000000000000000e+00
0.000000000000000000e+00
0.000000000000000000e+00
0.000000000000000000e+00
0.000000000000000000e+00
0.000000000000000000e+00
0.000000000000000000e+00
0.000000000000000000e+00
0.000000000000000000e+00
0.000000000000000000e+00
0.000000000000000000e+00
0.000000000000000000e+00
0.000000000000000000e+00
0.000000000000000000e+00
0.000000000000000000e+00
0.000000000000000000e+00
0.000000000000000000e+00
0.000000000000000000e+00
0.000000000000000000e+00
0.000000000000000000e+00
0.000000000000000000e+00
2.436902269777205277e+01
2.495910052531854362e+01
2.556096317545922858e+01
2.635139841770740787e+01
2.729070643144337183e+01
2.854094512886741342e+01
2.916528954151469577e+01
2.930710214053602769e+01
3.056620604891414317e+01
3.123299429374829117e+01
3.164795199699253558e+01
3.273157020412688922e+01
3.356971202392045228e+01
3.384520650429467281e+01
3.515932302516238650e+01
3.576018166341757620e+01
3.667486908966951376e+01
3.695807971962606331e+01
3.778486501757540594e+01
3.829388322011548240e+01
3.931053991116955615e+01
3.999602993766566783e+01
4.060366710039767923e+01
4.125210884232205899e+01
4.175868358747811016e+01
4.221486841501916842e+01
4.209917179707414192e+01
4.268317923014740245e+01
4.281471323359399150e+01
4.327531483043887306e+01
4.358449492386750990e+01
4.375076751651070595e+01
4.400591969192832664e+01
4.403127488641192144e+01
4.346324299628383159e+01
4.349263153827975970e+01
4.344236010943112802e+01
4.328813843554313934e+01
4.326280357906457397e+01
4.280078440464004785e+01
4.212944142919108970e+01
4.134807033617548200e+01
4.037312810148807785e+01
3.988303174514625482e+01
3.920768038804262545e+01
3.827484635734639085e+01
3.735556894616411938e+01
3.635342577004031739e+01
3.526084999787917695e+01
3.418228121208031212e+01
3.286315753805576634e+01
3.172775417167363798e+01
3.067650254061105741e+01
2.893407245507256320e+01
2.760931302081988292e+01
2.651053841058087102e+01
2.488442096882076271e+01
2.345147602266107256e+01
2.230006698164507384e+01
2.112460150607821063e+01
1.964273675655962847e+01
1.849740967177135431e+01
1.717316041952026495e+01
1.588173477385197430e+01
1.450550315879159591e+01
1.329379779748973434e+01
1.215151215046682154e+01
1.119534616327896792e+01
1.017797773703675901e+01
9.033900647779836035e+00
8.040444010593891022e+00
7.111087312051810549e+00
6.185782152536293488e+00
5.414835171140827796e+00
4.625065439487122454e+00
3.938575605262581991e+00
3.305775554707817143e+00
2.654291228473078412e+00
2.167002796708429546e+00
1.696612369367124229e+00
1.335954714054809145e+00
1.097418389165426333e+00
8.698810286347844478e-01
6.879365281867922954e-01
5.053381313636765571e-01
3.596129719519926549e-01
2.532435006555446844e-01
1.648362188708708542e-01
1.209334328695137323e-01
4.420486133729031181e-02
1.545963881108748487e-03
0.000000000000000000e+00
0.000000000000000000e+00
0.000000000000000000e+00
0.000000000000000000e+00
0.000000000000000000e+00
0.000000000000000000e+00
0.000000000000000000e+00
0.000000000000000000e+00
0.000000000000000000e+00
0.000000000000000000e+00
