0.000000000000000000e+00
0.000000000000000000e+00
0.000000000000000000e+00
0.000000000000000000e+00
0.000000000000000000e+00
0.000000000000000000e+00
0.000000000000000000e+00
0.000000000000000000e+00
0.000000000000000000e+00
0.000000000000000000e+00
0.000000000000000000e+00
0.000000000000000000e+00
0.000000000000000000e+00
0.000000000000000000e+00
0.000000000000000000e+00
0.000000000000000000e+00
0.000000000000000000e+00
0.000000000000000000e+00
0.000000000000000000e+00
0.000000000000000000e+00
0.000000000000000000e+00
0.000000000000000000e+00
0.000000000000000000e+00
0.000000000000000000e+00
0.000000000000000000e+00
0.000000000000000000e+00
0.000000000000000000e+00
0.000000000000000000e+00
0.000000000000000000e+00
0.000000000000000000e+00
0.000000000000000000e+00
0.000000000000000000e+00
0.000000000000000000e+00
0.000000000000000000e+00
0.000000000000000000e+00
0.000000000000000000e+00
0.000000000000000000e+00
0.000000000000000000e+00
0.000000000000000000e+00
0.000000000000000000e+00
0.000000000000000000e+00
0.000000000000000000e+00
0.000000000000000000e+00
0.000000000000000000e+00
0.000000000000000000e+00
0.000000000000000000e+00
0.000000000000000000e+00
0.000000000000000000e+00
0.000000000000000000e+00
0.000000000000000000e+00
0.000000000000000000e+00
0.000000000000000000e+00
0.000000000000000000e+00
0.000000000000000000e+00
0.000000000000000000e+00
0.000000000000000000e+00
0.000000000000000000e+00
0.000000000000000000e+00
0.000000000000000000e+00
0.000000000000000000e+00
0.000000000000000000e+00
0.000000000000000000e+00
0.000000000000000000e+00
0.000000000000000000e+00
0.000000000000000000e+00
0.000000000000000000e+00
0.000000000000000000e+00
0.000000000000000000e+00
0.000000000000000000e+00
0.000000000000000000e+00
0.000000000000000000e+00
0.000000000000000000e+00
0.000000000000000000e+00
0.000000000000000000e+00
0.000000000000000000e+00
0.000000000000000000e+00
0.000000000000000000e+00
0.000000000000000000e+00
0.000000000000000000e+00
0.000000000000000000e+00
0.000000000000000000e+00
0.000000000000000000e+00
0.000000000000000000e+00
0.000000000000000000e+00
0.000000000000000000e+00
0.000000000000000000e+00
0.000000000000000000e+00
0.000000000000000000e+00
0.000000000000000000e+00
0.000000000000000000e+00
0.000000000000000000e+00
0.000000000000000000e+00
0.000000000000000000e+00
0.000000000000000000e+00
0.000000000000000000e+00
0.000000000000000000e+00
0.000000000000000000e+00
0.000000000000000000e+00
0.000000000000000000e+00
0.000000000000000000e+00
2.795821757634828941e+01
2.847285476201973964e+01
2.896466170574189647e+01
2.979221785769098219e+01
3.067193072753121186e+01
3.200797982967552713e+01
3.245231113531355049e+01
3.240336579076919321e+01
3.359198841625083531e+01
3.416484417736479173e+01
3.437980494752920890e+01
3.536316649337484819e+01
3.602184107613700803e+01
3.604897200463773999e+01
3.717068184646724660e+01
3.762638357032825809e+01
3.817155121883334346e+01
3.827114049999601519e+01
3.871282386921601670e+01
3.885969594941250449e+01
3.952858802092175949e+01
3.992016337548398752e+01
4.013912421155391996e+01
4.043454315848802594e+01
4.047842355529429881e+01
4.050502106621578946e+01
4.000394707761100932e+01
4.011449578010241623e+01
3.972803785963272105e+01
3.977485550145821236e+01
3.958751874904243095e+01
3.926921290567445766e+01
3.902478423286009956e+01
3.854403530299290281e+01
3.754477194150969410e+01
3.704743574949228702e+01
3.654182541977229448e+01
3.595894974477577932e+01
3.543561943953127269e+01
3.450187783117415563e+01
3.345921618000560471e+01
3.239021948804300877e+01
3.110506796298239962e+01
3.032040386234898577e+01
2.930930306448052747e+01
2.818303501574220249e+01
2.706490760317925037e+01
2.588447616851037481e+01
2.469897245313289602e+01
2.351337644975512475e+01
2.222049982973679860e+01
2.111359882723509429e+01
2.003912073735737920e+01
1.854003273533563956e+01
1.734587033551894919e+01
1.630318145750204550e+01
1.496829832814449901e+01
1.377406695708815221e+01
1.280743765345180663e+01
1.186102007348633514e+01
1.076891770274524340e+01
9.887843966695633924e+00
8.917466586197605238e+00
7.977026820727653345e+00
7.061376300948709606e+00
6.257081959008005789e+00
5.544434692580919588e+00
4.957572541395935062e+00
4.358571222693158553e+00
3.704552416480908938e+00
3.153859583429068358e+00
2.659684652995733423e+00
2.196169316596168652e+00
1.839391779850656938e+00
1.504960544689379898e+00
1.224506250063492896e+00
9.693878743687299737e-01
7.206239135960662567e-01
5.367986375798260434e-01
3.782507849261854682e-01
2.691715095160772120e-01
2.158489525880699089e-01
1.736387380830026472e-01
1.387202362420769108e-01
1.010400201852998392e-01
7.200227342846649004e-02
5.097850013658444118e-02
3.336797242327144836e-02
2.432057260765067494e-02
8.864061787035743337e-03
3.099996060066036608e-04
0.000000000000000000e+00
0.000000000000000000e+00
0.000000000000000000e+00
0.000000000000000000e+00
0.000000000000000000e+00
0.000000000000000000e+00
0.000000000000000000e+00
0.000000000000000000e+00
0.000000000000000000e+00
0.000000000000000000e+00
