0.000000000000000000e+00
0.000000000000000000e+00
0.000000000000000000e+00
0.000000000000000000e+00
0.000000000000000000e+00
0.000000000000000000e+00
0.000000000000000000e+00
0.000000000000000000e+00
0.000000000000000000e+00
0.000000000000000000e+00
0.000000000000000000e+00
0.000000000000000000e+00
0.000000000000000000e+00
0.000000000000000000e+00
0.000000000000000000e+00
0.000000000000000000e+00
0.000000000000000000e+00
0.000000000000000000e+00
0.000000000000000000e+00
0.000000000000000000e+00
0.000000000000000000e+00
0.000000000000000000e+00
0.000000000000000000e+00
0.000000000000000000e+00
0.000000000000000000e+00
0.000000000000000000e+00
0.000000000000000000e+00
0.000000000000000000e+00
0.000000000000000000e+00
0.000000000000000000e+00
0.000000000000000000e+00
0.000000000000000000e+00
0.000000000000000000e+00
0.000000000000000000e+00
0.000000000000000000e+00
0.000000000000000000e+00
0.000000000000000000e+00
0.000000000000000000e+00
0.000000000000000000e+00
0.000000000000000000e+00
0.000000000000000000e+00
0.000000000000000000e+00
0.000000000000000000e+00
0.000000000000000000e+00
0.000000000000000000e+00
0.000000000000000000e+00
0.000000000000000000e+00
0.000000000000000000e+00
0.000000000000000000e+00
0.000000000000000000e+00
0.000000000000000000e+00
0.000000000000000000e+00
3.105707427662856819e-04
3.794532340581134133e-04
1.368362992509255692e-03
1.477669447380392962e-03
1.583518771196116420e-03
4.865293056946108120e-03
2.751490029012421470e-03
5.072305087453104697e-03
9.385581763561964136e-03
6.622197370014396532e-03
6.744986777153206929e-03
1.265496053568361014e-02
1.589861375243729197e-02
1.787229693376266373e-02
3.075027344157504894e-02
4.049205242065802984e-02
4.475745624972520681e-02
7.946770127175012410e-02
1.056799002323774023e-01
1.433860043274406693e-01
1.919261622060920713e-01
2.378128745988384030e-01
3.052236234948334515e-01
3.508683695408181813e-01
4.501063600770609519e-01
5.478586720488548556e-01
6.219198498698081945e-01
7.774223306327363581e-01
8.492207846240972247e-01
9.842416342398432327e-01
1.132873351467051481e+00
1.246970112057944613e+00
1.414998348451899535e+00
1.521135561161284011e+00
1.625279338741222102e+00
1.788394511984621849e+00
1.983273190802715025e+00
2.064070143607816821e+00
2.263200099164209611e+00
2.396300970004535014e+00
2.539733899453851418e+00
2.716241495217608826e+00
2.784124444016289335e+00
3.042780003498463337e+00
3.229649768009169364e+00
3.439760668007169730e+00
3.613851967504257967e+00
4.008705191504008170e+00
4.181295787966411659e+00
4.495106535475809295e+00
4.838002736568213891e+00
5.195464573129464192e+00
5.522778910033310673e+00
5.781202077078805956e+00
6.170918798120033522e+00
6.486103225472733769e+00
6.980112698868659926e+00
7.348979127266898281e+00
7.750594862342808256e+00
7.965356478507982452e+00
8.584235773055342023e+00
1.027749565922864150e+01
1.182378570851036237e+01
1.250978590695996218e+01
1.315134298296569959e+01
1.328935285262188692e+01
1.334869090695116611e+01
1.329051799488832586e+01
1.313517106485042163e+01
1.274408622503843347e+01
1.298819097587266924e+01
1.272717670295762815e+01
1.283318961995172458e+01
1.340027251600129965e+01
1.408101912709467207e+01
1.440374775610220404e+01
1.449040184896070826e+01
1.487849120054424823e+01
1.508893702155333827e+01
1.515994129948931146e+01
1.511204762223138154e+01
1.495966702977782603e+01
1.512023875205067647e+01
1.495270402642174545e+01
1.486109601044058515e+01
1.473911541660573121e+01
1.467174531143611027e+01
1.452322724749363836e+01
1.431730591866984525e+01
1.411313386206351517e+01
1.386586418940645871e+01
1.383629495934922282e+01
1.351320244962965411e+01
1.299527526632717667e+01
1.255163481549714000e+01
1.214732758742772312e+01
1.162145352880858340e+01
1.124628907746381934e+01
1.096278988043679270e+01
1.053184185384958482e+01
1.013650525990412987e+01
9.703835083877306644e+00
9.261146753022401867e+00
8.876385242710769674e+00
8.665168310983283106e+00
8.156848963052578227e+00
7.626489155800030950e+00
7.024257529668218147e+00
6.562392941109904676e+00
6.144803058853359978e+00
5.744814012341979748e+00
5.288542984656986690e+00
4.903045260923429183e+00
4.431255074816013995e+00
4.069976450895252285e+00
3.588432138729275245e+00
3.183547738716458131e+00
2.803191267814489684e+00
2.483383043261303769e+00
2.149425799300950679e+00
1.855012079772459188e+00
1.614974668445137151e+00
1.362148696548088900e+00
1.162596062318090429e+00
9.765409450299825656e-01
7.881306810702305432e-01
6.226181803566956940e-01
4.967006097114528007e-01
3.970082234852220227e-01
3.206966910345723787e-01
2.611466658202521440e-01
2.027118588698094692e-01
1.511056373974091482e-01
1.149644715090195474e-01
8.269232879441452966e-02
5.817855939634294926e-02
3.811716695382202924e-02
1.675875919235718034e-02
1.327648881760940913e-04
0.000000000000000000e+00
0.000000000000000000e+00
0.000000000000000000e+00
0.000000000000000000e+00
0.000000000000000000e+00
0.000000000000000000e+00
0.000000000000000000e+00
0.000000000000000000e+00
0.000000000000000000e+00
0.000000000000000000e+00
