0.000000000000000000e+00
0.000000000000000000e+00
0.000000000000000000e+00
0.000000000000000000e+00
0.000000000000000000e+00
0.000000000000000000e+00
0.000000000000000000e+00
0.000000000000000000e+00
0.000000000000000000e+00
0.000000000000000000e+00
0.000000000000000000e+00
0.000000000000000000e+00
0.000000000000000000e+00
0.000000000000000000e+00
0.000000000000000000e+00
0.000000000000000000e+00
0.000000000000000000e+00
0.000000000000000000e+00
0.000000000000000000e+00
0.000000000000000000e+00
0.000000000000000000e+00
0.000000000000000000e+00
0.000000000000000000e+00
0.000000000000000000e+00
0.000000000000000000e+00
0.000000000000000000e+00
0.000000000000000000e+00
0.000000000000000000e+00
0.000000000000000000e+00
0.000000000000000000e+00
0.000000000000000000e+00
0.000000000000000000e+00
0.000000000000000000e+00
0.000000000000000000e+00
0.000000000000000000e+00
0.000000000000000000e+00
0.000000000000000000e+00
0.000000000000000000e+00
0.000000000000000000e+00
0.000000000000000000e+00
0.000000000000000000e+00
0.000000000000000000e+00
0.000000000000000000e+00
0.000000000000000000e+00
0.000000000000000000e+00
0.000000000000000000e+00
0.000000000000000000e+00
0.000000000000000000e+00
0.000000000000000000e+00
0.000000000000000000e+00
0.000000000000000000e+00
0.000000000000000000e+00
0.000000000000000000e+00
0.000000000000000000e+00
0.000000000000000000e+00
0.000000000000000000e+00
0.000000000000000000e+00
0.000000000000000000e+00
0.000000000000000000e+00
0.000000000000000000e+00
0.000000000000000000e+00
0.000000000000000000e+00
0.000000000000000000e+00
0.000000000000000000e+00
0.000000000000000000e+00
0.000000000000000000e+00
0.000000000000000000e+00
0.000000000000000000e+00
0.000000000000000000e+00
0.000000000000000000e+00
0.000000000000000000e+00
0.000000000000000000e+00
0.000000000000000000e+00
0.000000000000000000e+00
0.000000000000000000e+00
0.000000000000000000e+00
0.000000000000000000e+00
0.000000000000000000e+00
0.000000000000000000e+00
0.000000000000000000e+00
0.000000000000000000e+00
0.000000000000000000e+00
0.000000000000000000e+00
0.000000000000000000e+00
0.000000000000000000e+00
0.000000000000000000e+00
0.000000000000000000e+00
0.000000000000000000e+00
0.000000000000000000e+00
0.000000000000000000e+00
0.000000000000000000e+00
0.000000000000000000e+00
0.000000000000000000e+00
0.000000000000000000e+00
0.000000000000000000e+00
0.000000000000000000e+00
0.000000000000000000e+00
0.000000000000000000e+00
0.000000000000000000e+00
0.000000000000000000e+00
4.454270264495896470e+00
4.696972466631692100e+00
4.926727300161648948e+00
5.119216553373565404e+00
5.256662398712979467e+00
5.510556571437484230e+00
5.770601172139761204e+00
6.059906860317233246e+00
6.270989724742817906e+00
6.462606845387051990e+00
6.739014798237576542e+00
6.948691982646119314e+00
7.387501808933413905e+00
7.451371217219803000e+00
7.898365035773349696e+00
8.151129410732739444e+00
8.356758647395196249e+00
8.648640967009677993e+00
9.074076145181557251e+00
9.267679835245353104e+00
9.581753092569270436e+00
9.952736020070386047e+00
1.023780037839948598e+01
1.065815102384459578e+01
1.084798824960579111e+01
1.097711315561413237e+01
1.144295299785954612e+01
1.165282019343866615e+01
1.196301989118399867e+01
1.230590561167049657e+01
1.257382833470319383e+01
1.284360733895780982e+01
1.314156600599301328e+01
1.339176785817153537e+01
1.364685625644617772e+01
1.377618327699826395e+01
1.402140507944546677e+01
1.421920192560359197e+01
1.429025020862810713e+01
1.464553987132176438e+01
1.477194652267689889e+01
1.486671668764633658e+01
1.488982546016358199e+01
1.495807415333891832e+01
1.509154863486835652e+01
1.499144421690727924e+01
1.507983484660428175e+01
1.500302251215529736e+01
1.501716669062619935e+01
1.485554621357895400e+01
1.468170695097463785e+01
1.441780026686772764e+01
1.426312430426412803e+01
1.395768574397289896e+01
1.370769352940511610e+01
1.327908605407845855e+01
1.290668781444927049e+01
1.261773886587764970e+01
1.211420598957180061e+01
1.163877819385980317e+01
1.119322099095382761e+01
1.058641239164130354e+01
1.014911210394533470e+01
9.513685948657821356e+00
8.963074528571222999e+00
8.333443560605115152e+00
7.766122278303456916e+00
7.185931412785262928e+00
6.558002899152704401e+00
5.912037706924504477e+00
5.358961190331234192e+00
4.735551653210735346e+00
4.204900929018995370e+00
3.661385193392228121e+00
3.247771377714983476e+00
2.797841145181334976e+00
2.338074525267480830e+00
1.949506025557536049e+00
1.586762610174399457e+00
1.270894273836068900e+00
1.035196113469463164e+00
8.502248956542409752e-01
7.032277754273991155e-01
5.694144103125279299e-01
4.392081075399637546e-01
3.277945565420044005e-01
2.386153860916312708e-01
1.725770998239144760e-01
1.212016343134765389e-01
4.622613206709759448e-02
9.499295290732518620e-04
0.000000000000000000e+00
0.000000000000000000e+00
0.000000000000000000e+00
0.000000000000000000e+00
0.000000000000000000e+00
0.000000000000000000e+00
0.000000000000000000e+00
0.000000000000000000e+00
0.000000000000000000e+00
0.000000000000000000e+00
