0.000000000000000000e+00
0.000000000000000000e+00
0.000000000000000000e+00
0.000000000000000000e+00
0.000000000000000000e+00
0.000000000000000000e+00
0.000000000000000000e+00
0.000000000000000000e+00
0.000000000000000000e+00
0.000000000000000000e+00
0.000000000000000000e+00
0.000000000000000000e+00
0.000000000000000000e+00
0.000000000000000000e+00
0.000000000000000000e+00
0.000000000000000000e+00
0.000000000000000000e+00
0.000000000000000000e+00
0.000000000000000000e+00
0.000000000000000000e+00
0.000000000000000000e+00
0.000000000000000000e+00
0.000000000000000000e+00
0.000000000000000000e+00
0.000000000000000000e+00
0.000000000000000000e+00
0.000000000000000000e+00
0.000000000000000000e+00
0.000000000000000000e+00
0.000000000000000000e+00
0.000000000000000000e+00
0.000000000000000000e+00
0.000000000000000000e+00
0.000000000000000000e+00
0.000000000000000000e+00
0.000000000000000000e+00
0.000000000000000000e+00
0.000000000000000000e+00
0.000000000000000000e+00
0.000000000000000000e+00
0.000000000000000000e+00
0.000000000000000000e+00
0.000000000000000000e+00
0.000000000000000000e+00
0.000000000000000000e+00
0.000000000000000000e+00
0.000000000000000000e+00
0.000000000000000000e+00
0.000000000000000000e+00
0.000000000000000000e+00
0.000000000000000000e+00
0.000000000000000000e+00
0.000000000000000000e+00
0.000000000000000000e+00
1.719923318071252217e-04
0.000000000000000000e+00
1.416045524449354061e-03
-7.323889154607006761e-04
2.216718008367655427e-03
1.938384757088331290e-03
3.074359058618435659e-03
8.820301793102504687e-03
1.973483638459578443e-02
4.300956362500463204e-02
7.679354871211330202e-02
1.358026325199539752e-01
2.016191018718704042e-01
2.588575748925071585e-01
3.024184155364793014e-01
4.334725326615394558e-01
4.998650959194673726e-01
5.876629705585499908e-01
6.779856068879527298e-01
7.667337893904768720e-01
1.033321426301836654e+00
1.103878156961472179e+00
1.198460752342105362e+00
1.309245915461983989e+00
1.435824823881511447e+00
1.500828546954386278e+00
1.672102044954927091e+00
1.919486586976111964e+00
2.118972612560519497e+00
2.391632953934003325e+00
2.757047479643476962e+00
3.031828187836276278e+00
3.289037142812964110e+00
3.448354138358804555e+00
3.708411315941213093e+00
4.038205184322175789e+00
4.295132435594033460e+00
4.736113990692651043e+00
5.080573692668303387e+00
5.466633005151906310e+00
6.001927538547514374e+00
6.517522110931360579e+00
7.148917796986081541e+00
7.864374216766492509e+00
8.421574742615629106e+00
9.312960799230582509e+00
1.030828360149775413e+01
1.091105128643822120e+01
1.166432209127973785e+01
1.268593942388595686e+01
1.345674808518887211e+01
1.411842707761658922e+01
1.520942666196411963e+01
1.594551725306782330e+01
1.688070208590212218e+01
1.849551958481968228e+01
1.944612360840234899e+01
2.062009313960173884e+01
2.181412987776730006e+01
2.587632169441152996e+01
2.862721406336126506e+01
3.154517801895196882e+01
3.379656341660243157e+01
3.592508097673854905e+01
3.761338358004902460e+01
3.845303981564610751e+01
3.953647140524344650e+01
4.088263600027601541e+01
4.204744301955103225e+01
4.159223161535116020e+01
4.111956334949410774e+01
4.229968738824181429e+01
4.252983541246368304e+01
4.310740057914877355e+01
4.327984584218613406e+01
4.349356422513300657e+01
4.375170452792133347e+01
4.406544111268682684e+01
4.493116965894996895e+01
4.531057477060014804e+01
4.536621958838184554e+01
4.491686516887506997e+01
4.523440033985871622e+01
4.497570770902768089e+01
4.527444128709100823e+01
4.485722659071949181e+01
4.445885692689945756e+01
4.380929971483134011e+01
4.419009582442949124e+01
4.371511952727426831e+01
4.328723722532285478e+01
4.227143836195730842e+01
4.161881360386343687e+01
4.019777765095972200e+01
3.905987548801580544e+01
3.737411324512371635e+01
3.631924213723120687e+01
3.554005663740587551e+01
3.391533136605963961e+01
3.297569796031149281e+01
3.127374571435961670e+01
2.963766140661122606e+01
2.822229817401230889e+01
2.644559507245210028e+01
2.466468479648707657e+01
2.313342126856412406e+01
2.173705889950704773e+01
2.014392141515409662e+01
1.833373460821190548e+01
1.670928542151836638e+01
1.541505757133665355e+01
1.406695957880484116e+01
1.273517829194904571e+01
1.137287516557113065e+01
1.027260733811042748e+01
9.153040539565727940e+00
8.019458496576143958e+00
6.925483944478850518e+00
6.153016142711362768e+00
5.261423590597924971e+00
4.466484957300640879e+00
3.807183063662279654e+00
3.140387249105923040e+00
2.523145955465488477e+00
2.016263246634449668e+00
1.582923530633806530e+00
1.222026639978025297e+00
9.807878297447507610e-01
7.619677128119441978e-01
5.759260981774695365e-01
4.210746277822400851e-01
3.006639486145260554e-01
2.036923550451487375e-01
1.374689143081500586e-01
9.868932426696351567e-02
4.713806166403202574e-02
-2.588686343359341917e-04
0.000000000000000000e+00
0.000000000000000000e+00
0.000000000000000000e+00
0.000000000000000000e+00
0.000000000000000000e+00
0.000000000000000000e+00
0.000000000000000000e+00
0.000000000000000000e+00
0.000000000000000000e+00
0.000000000000000000e+00
