0.000000000000000000e+00
0.000000000000000000e+00
0.000000000000000000e+00
0.000000000000000000e+00
0.000000000000000000e+00
0.000000000000000000e+00
0.000000000000000000e+00
0.000000000000000000e+00
0.000000000000000000e+00
0.000000000000000000e+00
0.000000000000000000e+00
0.000000000000000000e+00
0.000000000000000000e+00
0.000000000000000000e+00
0.000000000000000000e+00
0.000000000000000000e+00
0.000000000000000000e+00
0.000000000000000000e+00
0.000000000000000000e+00
0.000000000000000000e+00
0.000000000000000000e+00
0.000000000000000000e+00
0.000000000000000000e+00
0.000000000000000000e+00
0.000000000000000000e+00
0.000000000000000000e+00
0.000000000000000000e+00
0.000000000000000000e+00
0.000000000000000000e+00
0.000000000000000000e+00
0.000000000000000000e+00
0.000000000000000000e+00
0.000000000000000000e+00
0.000000000000000000e+00
0.000000000000000000e+00
0.000000000000000000e+00
0.000000000000000000e+00
0.000000000000000000e+00
0.000000000000000000e+00
0.000000000000000000e+00
0.000000000000000000e+00
0.000000000000000000e+00
0.000000000000000000e+00
0.000000000000000000e+00
0.000000000000000000e+00
0.000000000000000000e+00
0.000000000000000000e+00
0.000000000000000000e+00
0.000000000000000000e+00
0.000000000000000000e+00
0.000000000000000000e+00
0.000000000000000000e+00
0.000000000000000000e+00
0.000000000000000000e+00
0.000000000000000000e+00
0.000000000000000000e+00
0.000000000000000000e+00
0.000000000000000000e+00
0.000000000000000000e+00
0.000000000000000000e+00
0.000000000000000000e+00
0.000000000000000000e+00
0.000000000000000000e+00
0.000000000000000000e+00
0.000000000000000000e+00
0.000000000000000000e+00
0.000000000000000000e+00
0.000000000000000000e+00
0.000000000000000000e+00
0.000000000000000000e+00
0.000000000000000000e+00
0.000000000000000000e+00
0.000000000000000000e+00
0.000000000000000000e+00
0.000000000000000000e+00
0.000000000000000000e+00
0.000000000000000000e+00
0.000000000000000000e+00
0.000000000000000000e+00
0.000000000000000000e+00
0.000000000000000000e+00
0.000000000000000000e+00
0.000000000000000000e+00
0.000000000000000000e+00
0.000000000000000000e+00
0.000000000000000000e+00
0.000000000000000000e+00
0.000000000000000000e+00
0.000000000000000000e+00
0.000000000000000000e+00
0.000000000000000000e+00
0.000000000000000000e+00
0.000000000000000000e+00
0.000000000000000000e+00
0.000000000000000000e+00
0.000000000000000000e+00
0.000000000000000000e+00
0.000000000000000000e+00
0.000000000000000000e+00
0.000000000000000000e+00
5.052980878742137083e-01
5.339414929796932885e-01
5.619889393168363556e-01
5.850547486674206876e-01
6.021389617942725092e-01
6.348450344273173229e-01
6.654646611926535726e-01
6.998621919491165855e-01
7.281202569045550632e-01
7.540752556939600559e-01
7.876810620731456991e-01
8.154589217873049467e-01
8.698681971711914596e-01
8.810337977048759983e-01
9.352749419321675362e-01
9.699761637419922478e-01
9.996265447035490581e-01
1.036610245479506975e+00
1.092537858575089116e+00
1.119657087491412462e+00
1.162083891172730032e+00
1.211625748109319556e+00
1.251161196078066196e+00
1.308223488616751418e+00
1.336194347118598413e+00
1.358100288409898937e+00
1.423863760531388634e+00
1.453388584756522217e+00
1.501750456397213718e+00
1.551233904108714423e+00
1.593079826880546612e+00
1.637897883853346670e+00
1.681490377219696741e+00
1.726627513607776887e+00
1.768672581199422833e+00
1.797757729053905962e+00
1.841974978932576335e+00
1.882402468322750710e+00
1.905615211414808607e+00
1.968331827627350705e+00
2.000591038495733720e+00
2.031286260945647459e+00
2.055123759415584228e+00
2.084806172032999338e+00
2.122883370387855351e+00
2.134256847758078113e+00
2.167578373145546689e+00
2.178262448179508315e+00
2.206058264871953334e+00
2.205655079117220030e+00
2.204018198775506310e+00
2.187411260907142108e+00
2.187643612522882197e+00
2.166225672155623005e+00
2.150424535610167887e+00
2.108340594289082048e+00
2.072796394506448703e+00
2.050802637581768728e+00
1.992206604796843861e+00
1.935518860034681321e+00
1.884105235723801730e+00
1.804611373378655292e+00
1.751562653844130013e+00
1.661934033246022180e+00
1.585572906754787903e+00
1.491974463666400297e+00
1.405626446487834302e+00
1.315005296492733011e+00
1.212701436355245521e+00
1.106333744938887476e+00
1.014726183288632733e+00
9.066565332998498539e-01
8.128816811377136409e-01
7.124308465924910072e-01
6.332990642157002581e-01
5.458463004833243870e-01
4.568789829680963699e-01
3.817169626502340263e-01
3.112113228086631489e-01
2.494980166795567333e-01
2.030807967573835249e-01
1.663194639486959836e-01
1.368703878335016111e-01
1.101952870360777270e-01
8.440835849353291176e-02
6.245627865444323967e-02
4.505122917861723031e-02
3.242820012533142310e-02
2.293400541888406668e-02
8.798856067863861097e-03
1.770460447039667775e-04
0.000000000000000000e+00
0.000000000000000000e+00
0.000000000000000000e+00
0.000000000000000000e+00
0.000000000000000000e+00
0.000000000000000000e+00
0.000000000000000000e+00
0.000000000000000000e+00
0.000000000000000000e+00
0.000000000000000000e+00
