0.000000000000000000e+00
0.000000000000000000e+00
0.000000000000000000e+00
0.000000000000000000e+00
0.000000000000000000e+00
0.000000000000000000e+00
0.000000000000000000e+00
0.000000000000000000e+00
0.000000000000000000e+00
0.000000000000000000e+00
0.000000000000000000e+00
0.000000000000000000e+00
0.000000000000000000e+00
0.000000000000000000e+00
0.000000000000000000e+00
0.000000000000000000e+00
0.000000000000000000e+00
0.000000000000000000e+00
0.000000000000000000e+00
0.000000000000000000e+00
0.000000000000000000e+00
0.000000000000000000e+00
0.000000000000000000e+00
0.000000000000000000e+00
0.000000000000000000e+00
0.000000000000000000e+00
0.000000000000000000e+00
0.000000000000000000e+00
0.000000000000000000e+00
0.000000000000000000e+00
0.000000000000000000e+00
0.000000000000000000e+00
0.000000000000000000e+00
0.000000000000000000e+00
0.000000000000000000e+00
0.000000000000000000e+00
0.000000000000000000e+00
0.000000000000000000e+00
0.000000000000000000e+00
0.000000000000000000e+00
0.000000000000000000e+00
0.000000000000000000e+00
0.000000000000000000e+00
0.000000000000000000e+00
0.000000000000000000e+00
0.000000000000000000e+00
0.000000000000000000e+00
0.000000000000000000e+00
0.000000000000000000e+00
0.000000000000000000e+00
0.000000000000000000e+00
0.000000000000000000e+00
0.000000000000000000e+00
0.000000000000000000e+00
0.000000000000000000e+00
0.000000000000000000e+00
0.000000000000000000e+00
0.000000000000000000e+00
0.000000000000000000e+00
0.000000000000000000e+00
0.000000000000000000e+00
0.000000000000000000e+00
0.000000000000000000e+00
0.000000000000000000e+00
0.000000000000000000e+00
0.000000000000000000e+00
0.000000000000000000e+00
0.000000000000000000e+00
0.000000000000000000e+00
0.000000000000000000e+00
0.000000000000000000e+00
0.000000000000000000e+00
0.000000000000000000e+00
0.000000000000000000e+00
0.000000000000000000e+00
0.000000000000000000e+00
0.000000000000000000e+00
0.000000000000000000e+00
0.000000000000000000e+00
0.000000000000000000e+00
0.000000000000000000e+00
0.000000000000000000e+00
0.000000000000000000e+00
0.000000000000000000e+00
0.000000000000000000e+00
0.000000000000000000e+00
0.000000000000000000e+00
0.000000000000000000e+00
0.000000000000000000e+00
0.000000000000000000e+00
0.000000000000000000e+00
0.000000000000000000e+00
0.000000000000000000e+00
0.000000000000000000e+00
0.000000000000000000e+00
0.000000000000000000e+00
0.000000000000000000e+00
0.000000000000000000e+00
0.000000000000000000e+00
0.000000000000000000e+00
6.025156931688876449e-01
6.357551554109417413e-01
6.654047001937428707e-01
6.920819566299486469e-01
7.107710196573716610e-01
7.396906961700145944e-01
7.756383539892206525e-01
8.158769748051267756e-01
8.393525927130277564e-01
8.592979840547707582e-01
8.966144538660866248e-01
9.203522488266118184e-01
9.736844483667652650e-01
9.771700820230635465e-01
1.034763846771812545e+00
1.060061936908340607e+00
1.077236872661119893e+00
1.110499195745874523e+00
1.155290507736734806e+00
1.171381105816379220e+00
1.200233761168562729e+00
1.233766408034500106e+00
1.256837253065600013e+00
1.293641932670939187e+00
1.303203036557567973e+00
1.302657008638270719e+00
1.336314628128300042e+00
1.350068066545788925e+00
1.361351286988254250e+00
1.380493859969525339e+00
1.389299538768532960e+00
1.393782038893596864e+00
1.407958161650515017e+00
1.404112756312242194e+00
1.407423202670652129e+00
1.391455922471144024e+00
1.386141851698835747e+00
1.376126051231264968e+00
1.352280978891485796e+00
1.355143573792473077e+00
1.337014638902426444e+00
1.313634657117840332e+00
1.280926486308700873e+00
1.254371632396947600e+00
1.235623324693618130e+00
1.189871262866357027e+00
1.167366245028015559e+00
1.129513092341969172e+00
1.094349579864263955e+00
1.049463150942116840e+00
1.004340726114185900e+00
9.548138629641590436e-01
9.130714933724131122e-01
8.605979127874833212e-01
8.155745786897005134e-01
7.587755265898802337e-01
7.088610227058432800e-01
6.645695902845478731e-01
6.120947636771503220e-01
5.652560886438295906e-01
5.201216632152196873e-01
4.696885452668099203e-01
4.295553870153793752e-01
3.837242452698358952e-01
3.435705742871986157e-01
3.046004207364556571e-01
2.720444582613035789e-01
2.415367550759948689e-01
2.116854801665535024e-01
1.812630928822328846e-01
1.552044262098006000e-01
1.289251515385892721e-01
1.071279746146147488e-01
8.765643579206620906e-02
7.377472759687957182e-02
5.996965981241773186e-02
4.617237480906148661e-02
3.462346027212794691e-02
2.449881302613375958e-02
1.647759439788368252e-02
1.143545438367271454e-02
8.660869676284916815e-03
7.139356803989561906e-03
5.678199234663331395e-03
4.134165447896251747e-03
2.921776599062218729e-03
2.020654980768374701e-03
1.422282738718934087e-03
1.038764484507575516e-03
4.091492277354016448e-04
7.465993459628598669e-06
0.000000000000000000e+00
0.000000000000000000e+00
0.000000000000000000e+00
0.000000000000000000e+00
0.000000000000000000e+00
0.000000000000000000e+00
0.000000000000000000e+00
0.000000000000000000e+00
0.000000000000000000e+00
0.000000000000000000e+00
