3.711230408499471878e+02
3.124517531951386445e+03
5.582166604698449191e+03
6.945129903898010525e+03
7.584913975532929726e+03
7.705012750073784446e+03
7.565324939016388271e+03
7.278888117244312525e+03
6.837012290638456761e+03
6.373541202178117601e+03
5.878879213545579660e+03
5.409493801196608729e+03
4.991349392694687594e+03
4.550625558566420295e+03
4.122803138011317969e+03
3.807600258879529520e+03
3.486684451357335092e+03
3.182599682501107054e+03
2.861723401471368561e+03
2.618031569994456731e+03
2.410913652105289657e+03
2.204134023491995777e+03
2.013318589405932471e+03
1.843150062454750469e+03
1.682114992880807904e+03
1.532688496435059051e+03
1.408324692583068327e+03
1.284160697759773257e+03
1.178643089947240242e+03
1.086106549358573602e+03
9.894235947190655907e+02
9.099964493430669563e+02
8.260899870726824474e+02
7.822879246444408636e+02
7.076328861443070082e+02
6.614053282054949250e+02
5.917345575833925295e+02
5.481625103002256765e+02
5.098322886594320380e+02
4.550953211380722792e+02
4.264743647463621983e+02
3.841861256422710085e+02
3.644345185095481270e+02
3.283068571287545865e+02
2.945779217791425708e+02
2.800935163345055798e+02
2.427754582030993902e+02
2.314350065940403169e+02
2.146773509838095038e+02
1.980978995685285611e+02
1.840988276090484987e+02
1.619057858199457485e+02
1.481383826938065056e+02
1.336573326778683679e+02
1.195847729545629221e+02
1.141642740525347506e+02
1.024221033160664689e+02
8.765300634803199387e+01
8.529760307152673704e+01
7.956946318820833142e+01
6.856103540365046456e+01
5.910354696563255317e+01
5.875414910935386104e+01
5.214995354559778917e+01
4.668720810775502628e+01
4.262723362331703214e+01
4.150222877991663495e+01
3.341081983026008828e+01
3.288732850001498065e+01
3.054035058294597604e+01
2.783471075173572729e+01
2.256036414210473851e+01
2.167761100774736960e+01
1.818324646537084632e+01
1.489876763311539953e+01
1.493723932692894607e+01
1.394256465756394370e+01
1.357701921650928512e+01
1.046802398522636146e+01
8.711173745895012033e+00
9.107467077096714547e+00
7.479649979812305283e+00
6.699380079772397245e+00
6.914017468586258097e+00
5.633778592306709854e+00
4.533877234743510343e+00
4.125400988949791348e+00
3.240198999167652083e+00
2.515731850604161490e+00
2.944169133197649391e+00
2.272014432464258160e+00
2.789808331123640794e+00
2.097222702247992121e+00
1.831146880729397797e+00
1.730086091381194624e+00
1.623009995758291302e+00
7.627664196378213246e-01
8.267065009390438535e-01
1.123025842947193098e+00
7.163708649899641623e-01
