0.000000000000000000e+00
0.000000000000000000e+00
0.000000000000000000e+00
0.000000000000000000e+00
0.000000000000000000e+00
0.000000000000000000e+00
0.000000000000000000e+00
0.000000000000000000e+00
0.000000000000000000e+00
0.000000000000000000e+00
0.000000000000000000e+00
0.000000000000000000e+00
0.000000000000000000e+00
0.000000000000000000e+00
0.000000000000000000e+00
0.000000000000000000e+00
0.000000000000000000e+00
0.000000000000000000e+00
0.000000000000000000e+00
0.000000000000000000e+00
0.000000000000000000e+00
0.000000000000000000e+00
0.000000000000000000e+00
0.000000000000000000e+00
0.000000000000000000e+00
0.000000000000000000e+00
0.000000000000000000e+00
0.000000000000000000e+00
0.000000000000000000e+00
0.000000000000000000e+00
0.000000000000000000e+00
0.000000000000000000e+00
0.000000000000000000e+00
0.000000000000000000e+00
0.000000000000000000e+00
0.000000000000000000e+00
0.000000000000000000e+00
0.000000000000000000e+00
0.000000000000000000e+00
0.000000000000000000e+00
0.000000000000000000e+00
0.000000000000000000e+00
0.000000000000000000e+00
0.000000000000000000e+00
0.000000000000000000e+00
0.000000000000000000e+00
0.000000000000000000e+00
0.000000000000000000e+00
0.000000000000000000e+00
0.000000000000000000e+00
0.000000000000000000e+00
0.000000000000000000e+00
0.000000000000000000e+00
0.000000000000000000e+00
0.000000000000000000e+00
0.000000000000000000e+00
0.000000000000000000e+00
0.000000000000000000e+00
0.000000000000000000e+00
0.000000000000000000e+00
0.000000000000000000e+00
0.000000000000000000e+00
0.000000000000000000e+00
0.000000000000000000e+00
0.000000000000000000e+00
0.000000000000000000e+00
0.000000000000000000e+00
0.000000000000000000e+00
0.000000000000000000e+00
0.000000000000000000e+00
0.000000000000000000e+00
0.000000000000000000e+00
0.000000000000000000e+00
0.000000000000000000e+00
0.000000000000000000e+00
0.000000000000000000e+00
0.000000000000000000e+00
0.000000000000000000e+00
0.000000000000000000e+00
0.000000000000000000e+00
0.000000000000000000e+00
0.000000000000000000e+00
0.000000000000000000e+00
0.000000000000000000e+00
0.000000000000000000e+00
0.000000000000000000e+00
0.000000000000000000e+00
0.000000000000000000e+00
0.000000000000000000e+00
0.000000000000000000e+00
0.000000000000000000e+00
0.000000000000000000e+00
0.000000000000000000e+00
0.000000000000000000e+00
0.000000000000000000e+00
0.000000000000000000e+00
0.000000000000000000e+00
0.000000000000000000e+00
0.000000000000000000e+00
0.000000000000000000e+00
0.000000000000000000e+00
0.000000000000000000e+00
0.000000000000000000e+00
3.122006809009265156e-04
3.809344998319608069e-03
1.186880141283134377e-02
2.261602685687602934e-02
3.664205169104658988e-02
5.406512743668055732e-02
7.904375751711688325e-02
1.094461417249662505e-01
1.387012618705563416e-01
1.747361643237915207e-01
2.204732003515621486e-01
2.772631420554292347e-01
3.380021197133346589e-01
4.197444126988488788e-01
5.055327333405172929e-01
6.084310629604379184e-01
7.078782911332810457e-01
8.194106923500044104e-01
9.673446594695288558e-01
1.086790722425342581e+00
1.253251124125272398e+00
1.458686523292807680e+00
1.703850546049572090e+00
1.902971564496715562e+00
2.177652981175176361e+00
2.417976178345400573e+00
2.660240748564682178e+00
2.914476548500505970e+00
3.188947253091217515e+00
3.444338097595978088e+00
3.714888127953705599e+00
4.026550009584548562e+00
4.201043078732625169e+00
4.455773105775461040e+00
4.722587905495160499e+00
4.936544542221818155e+00
5.268994884488424013e+00
5.539084573412697665e+00
5.843073845825434098e+00
6.248808803632653230e+00
6.491173263041201125e+00
6.834627861402767124e+00
7.196954397491833966e+00
7.496245649027053481e+00
7.794989206965947659e+00
7.963759572568317679e+00
8.089881079498299599e+00
8.292659866970183202e+00
8.453053814530857579e+00
8.598162342795514945e+00
8.696652760276069927e+00
8.736790554917696738e+00
8.750994891589794378e+00
8.735252251849832561e+00
8.601189876474615303e+00
8.438999185774131107e+00
8.223251726472197376e+00
7.956427192010680827e+00
7.760015285223997417e+00
7.617594705279705281e+00
7.373780006508701135e+00
7.126647559428292311e+00
6.789915671881955994e+00
6.354704219433108037e+00
5.916091364219890458e+00
5.554314553233643537e+00
5.467530802186015393e+00
5.251062494959010785e+00
4.985391537824577668e+00
4.675867026874692911e+00
4.294036250503893370e+00
3.934575127155530261e+00
3.615398119995756332e+00
3.347551143137156071e+00
3.102235911567923221e+00
2.698739216678393671e+00
2.344959349037218921e+00
1.901155003422783762e+00
1.414780522791789341e+00
1.115470912273624604e+00
1.018872010566904018e+00
9.194212218746440346e-01
7.223364172970337949e-01
5.488192267814523406e-01
3.922603675543477331e-01
1.851163840904152535e-01
3.859045361730545354e-01
1.863050780705920451e-01
0.000000000000000000e+00
0.000000000000000000e+00
0.000000000000000000e+00
0.000000000000000000e+00
0.000000000000000000e+00
0.000000000000000000e+00
0.000000000000000000e+00
0.000000000000000000e+00
0.000000000000000000e+00
0.000000000000000000e+00
