0.000000000000000000e+00
0.000000000000000000e+00
0.000000000000000000e+00
0.000000000000000000e+00
0.000000000000000000e+00
0.000000000000000000e+00
0.000000000000000000e+00
0.000000000000000000e+00
0.000000000000000000e+00
0.000000000000000000e+00
0.000000000000000000e+00
0.000000000000000000e+00
0.000000000000000000e+00
0.000000000000000000e+00
0.000000000000000000e+00
0.000000000000000000e+00
0.000000000000000000e+00
0.000000000000000000e+00
0.000000000000000000e+00
0.000000000000000000e+00
0.000000000000000000e+00
0.000000000000000000e+00
0.000000000000000000e+00
0.000000000000000000e+00
0.000000000000000000e+00
0.000000000000000000e+00
0.000000000000000000e+00
0.000000000000000000e+00
0.000000000000000000e+00
0.000000000000000000e+00
0.000000000000000000e+00
0.000000000000000000e+00
0.000000000000000000e+00
0.000000000000000000e+00
0.000000000000000000e+00
0.000000000000000000e+00
0.000000000000000000e+00
0.000000000000000000e+00
0.000000000000000000e+00
0.000000000000000000e+00
0.000000000000000000e+00
0.000000000000000000e+00
0.000000000000000000e+00
0.000000000000000000e+00
0.000000000000000000e+00
0.000000000000000000e+00
0.000000000000000000e+00
0.000000000000000000e+00
0.000000000000000000e+00
0.000000000000000000e+00
0.000000000000000000e+00
0.000000000000000000e+00
0.000000000000000000e+00
0.000000000000000000e+00
0.000000000000000000e+00
0.000000000000000000e+00
0.000000000000000000e+00
0.000000000000000000e+00
0.000000000000000000e+00
0.000000000000000000e+00
0.000000000000000000e+00
0.000000000000000000e+00
0.000000000000000000e+00
0.000000000000000000e+00
0.000000000000000000e+00
0.000000000000000000e+00
0.000000000000000000e+00
0.000000000000000000e+00
0.000000000000000000e+00
0.000000000000000000e+00
0.000000000000000000e+00
0.000000000000000000e+00
0.000000000000000000e+00
0.000000000000000000e+00
0.000000000000000000e+00
0.000000000000000000e+00
0.000000000000000000e+00
0.000000000000000000e+00
0.000000000000000000e+00
0.000000000000000000e+00
0.000000000000000000e+00
0.000000000000000000e+00
0.000000000000000000e+00
0.000000000000000000e+00
0.000000000000000000e+00
0.000000000000000000e+00
0.000000000000000000e+00
0.000000000000000000e+00
0.000000000000000000e+00
0.000000000000000000e+00
0.000000000000000000e+00
0.000000000000000000e+00
0.000000000000000000e+00
0.000000000000000000e+00
0.000000000000000000e+00
0.000000000000000000e+00
0.000000000000000000e+00
0.000000000000000000e+00
0.000000000000000000e+00
0.000000000000000000e+00
0.000000000000000000e+00
0.000000000000000000e+00
1.857852986584035949e-05
1.529359467535076618e-04
3.832608855765692294e-04
1.681103077484703964e-03
4.489851389889020807e-03
1.037834810949840418e-02
1.728668686693124110e-02
2.619547987372205372e-02
3.783068319221452591e-02
4.979476421689276594e-02
6.296368933131789303e-02
7.420139050673778269e-02
9.261465182850556199e-02
1.093517670979640422e-01
1.269789502639301904e-01
1.486703767883635618e-01
1.716786929996640398e-01
1.972688774559027691e-01
2.232398386156423109e-01
2.570352603632979349e-01
2.922113663968388120e-01
3.364723499374778215e-01
3.849602055011928092e-01
4.293727929230437557e-01
4.864301623632373284e-01
5.356560202325115760e-01
5.741097032509580034e-01
6.276519372159513610e-01
6.698292125065341551e-01
7.275578704918239659e-01
7.696336028868246970e-01
8.111326046331623907e-01
8.697055729689864290e-01
9.071033801652218509e-01
9.642942684215675131e-01
1.032759983774421686e+00
1.063402957255564774e+00
1.125818898246513156e+00
1.180882550456554769e+00
1.215612614333436037e+00
1.269686011225338307e+00
1.300829746921695396e+00
1.346327959572894084e+00
1.370244871188617042e+00
1.416665387792990005e+00
1.463441824267081248e+00
1.466248250262448316e+00
1.484547404846498386e+00
1.489100654934560231e+00
1.509594101731087878e+00
1.499196830294919680e+00
1.507505361324515292e+00
1.485495879703346622e+00
1.473653308419398567e+00
1.453315488959171287e+00
1.413446016845675279e+00
1.364652416281147085e+00
1.301072688644571818e+00
1.243678418677195863e+00
1.190957667880441884e+00
1.147323264205564852e+00
1.112220366912482161e+00
1.049355826982703022e+00
9.744099230643018528e-01
8.929131165532478986e-01
8.053675056813770494e-01
7.251322768826403697e-01
6.862341208235935852e-01
6.403654569858864276e-01
5.692902654557835396e-01
4.930679670171354556e-01
4.055096297640716774e-01
3.095176800574463427e-01
2.505969266784364713e-01
2.339787885778890630e-01
2.167444954324250772e-01
1.760167325761881063e-01
1.373233588551337203e-01
9.321405413193301071e-02
4.443305088393731395e-02
1.921738079201208357e-02
2.141873335876216464e-02
2.351201485025654347e-02
1.623264538112959010e-02
1.202792551043808424e-02
8.498253770546502356e-03
3.913254175523349018e-03
8.422384961059950145e-03
4.166099190248830943e-03
0.000000000000000000e+00
0.000000000000000000e+00
0.000000000000000000e+00
0.000000000000000000e+00
0.000000000000000000e+00
0.000000000000000000e+00
0.000000000000000000e+00
0.000000000000000000e+00
0.000000000000000000e+00
0.000000000000000000e+00
