0.000000000000000000e+00
0.000000000000000000e+00
0.000000000000000000e+00
0.000000000000000000e+00
0.000000000000000000e+00
0.000000000000000000e+00
0.000000000000000000e+00
0.000000000000000000e+00
0.000000000000000000e+00
0.000000000000000000e+00
0.000000000000000000e+00
0.000000000000000000e+00
0.000000000000000000e+00
0.000000000000000000e+00
0.000000000000000000e+00
0.000000000000000000e+00
0.000000000000000000e+00
0.000000000000000000e+00
0.000000000000000000e+00
0.000000000000000000e+00
0.000000000000000000e+00
0.000000000000000000e+00
0.000000000000000000e+00
0.000000000000000000e+00
0.000000000000000000e+00
0.000000000000000000e+00
0.000000000000000000e+00
0.000000000000000000e+00
0.000000000000000000e+00
0.000000000000000000e+00
0.000000000000000000e+00
0.000000000000000000e+00
0.000000000000000000e+00
0.000000000000000000e+00
0.000000000000000000e+00
0.000000000000000000e+00
0.000000000000000000e+00
0.000000000000000000e+00
0.000000000000000000e+00
0.000000000000000000e+00
0.000000000000000000e+00
0.000000000000000000e+00
0.000000000000000000e+00
0.000000000000000000e+00
0.000000000000000000e+00
0.000000000000000000e+00
0.000000000000000000e+00
0.000000000000000000e+00
0.000000000000000000e+00
0.000000000000000000e+00
0.000000000000000000e+00
0.000000000000000000e+00
0.000000000000000000e+00
0.000000000000000000e+00
4.694274114236809264e-02
0.000000000000000000e+00
3.335338865960106869e-01
-1.398629938765127423e-01
4.864848281835319477e-01
5.692502922101475571e-01
6.813449171772881785e-01
1.990201958082992384e+00
4.234988824435942156e+00
9.365040282974108621e+00
1.634120012021179491e+01
2.878177334238490559e+01
4.325947024040664957e+01
5.600380155992138498e+01
6.535985565143342058e+01
9.344356674360840032e+01
1.068310637983812796e+02
1.261569598922980191e+02
1.441561115150679768e+02
1.610859170048019280e+02
2.159004999231079012e+02
2.306788311272810006e+02
2.524365909246616013e+02
2.726616007075858192e+02
2.998038913984669875e+02
3.120251850092955124e+02
3.456664491440407687e+02
3.968814727988748245e+02
4.357934377200651852e+02
4.912611962862199562e+02
5.621461321180287314e+02
6.174854896335522199e+02
6.668359870492403161e+02
7.004458679947792916e+02
7.460429482156124550e+02
8.094606052532047897e+02
8.618198139229009485e+02
9.460297404410686113e+02
1.010489605782816625e+03
1.086702615516705009e+03
1.184301328662842025e+03
1.287304522457135135e+03
1.406360818669813852e+03
1.545145835975085220e+03
1.634374181382347160e+03
1.799554419207139517e+03
1.982490306816327347e+03
2.095155061399602801e+03
2.225173152170681533e+03
2.404526197375170796e+03
2.537454209543874185e+03
2.651056558267600394e+03
2.839293669678503193e+03
2.954698519670806490e+03
3.090470673013049691e+03
3.381010994215706432e+03
3.528334789861942681e+03
3.714242792899284723e+03
3.853514530071551235e+03
4.540429629169637337e+03
5.003230166449274293e+03
5.482074150361956526e+03
5.828128745052614249e+03
6.123730926349323454e+03
6.375260058881195619e+03
6.446063158297524751e+03
6.551805313520287200e+03
6.725439101207468411e+03
6.850505272177319057e+03
6.692984655043249404e+03
6.537966264619289177e+03
6.655486301329379785e+03
6.607951972044559625e+03
6.622314325915453082e+03
6.572295028457743683e+03
6.516485891453298791e+03
6.465399944860287178e+03
6.418434779977781545e+03
6.456502068457311907e+03
6.412999774838988742e+03
6.342187006526536607e+03
6.186628126316661110e+03
6.139737210306557245e+03
5.999975395827631473e+03
5.948280007753357495e+03
5.799274014476968659e+03
5.650709928292515542e+03
5.461369237613101177e+03
5.429460086901996874e+03
5.270800421556812580e+03
5.136379968711017682e+03
4.916286974788666157e+03
4.759985427309950865e+03
4.502190645333454995e+03
4.288660876756646758e+03
4.023326882503152774e+03
3.834308292101970437e+03
3.676707223867052107e+03
3.431581751328247719e+03
3.271702683241117938e+03
3.031096537205197365e+03
2.803745616049335240e+03
2.601225039474351433e+03
2.370612436215373236e+03
2.155147478237724044e+03
1.965809364663132101e+03
1.800511356585642488e+03
1.618364147429271043e+03
1.422808765032752717e+03
1.249717380610253485e+03
1.112875517945733009e+03
9.770706814945291399e+02
8.523735438933981641e+02
7.353957162420980467e+02
6.397070494352112746e+02
5.470860222654036988e+02
4.554200207725726841e+02
3.720133176329825346e+02
3.130482303247119376e+02
2.533695907104766150e+02
2.060277947187493908e+02
1.700220634836984459e+02
1.328562748785254257e+02
9.947173904699896241e+01
7.260519093120980472e+01
5.099370108832690107e+01
3.563244966432758787e+01
2.720890368562878336e+01
2.152035253416079286e+01
1.651399819772697342e+01
1.195852864025165374e+01
8.545662836654628336e+00
5.831918061661681918e+00
3.964880693852098403e+00
2.833350946081260702e+00
1.341718838405119962e+00
-6.628355902150527730e-03
0.000000000000000000e+00
0.000000000000000000e+00
0.000000000000000000e+00
0.000000000000000000e+00
0.000000000000000000e+00
0.000000000000000000e+00
0.000000000000000000e+00
0.000000000000000000e+00
0.000000000000000000e+00
0.000000000000000000e+00
