0.000000000000000000e+00
0.000000000000000000e+00
0.000000000000000000e+00
0.000000000000000000e+00
0.000000000000000000e+00
0.000000000000000000e+00
0.000000000000000000e+00
0.000000000000000000e+00
0.000000000000000000e+00
0.000000000000000000e+00
0.000000000000000000e+00
0.000000000000000000e+00
0.000000000000000000e+00
0.000000000000000000e+00
0.000000000000000000e+00
0.000000000000000000e+00
0.000000000000000000e+00
0.000000000000000000e+00
0.000000000000000000e+00
0.000000000000000000e+00
2.710120936564786476e+01
3.211532220786220648e+01
3.722984498108771589e+01
4.151728650543541477e+01
4.486560771510215773e+01
4.666192318353682111e+01
4.644292695425995277e+01
4.367551828447349038e+01
3.870419842539546806e+01
3.227700710048309674e+01
2.476840728118240520e+01
1.713030483017622174e+01
1.061316804807126601e+01
5.518328696708384662e+00
2.364171687312791814e+00
7.308573725215247174e-01
1.189480371896703692e-01
1.406927839406786618e-02
2.015348656278119824e-04
0.000000000000000000e+00
0.000000000000000000e+00
