9.670588092555494768e+02
7.736325513373079957e+03
1.396935452769923177e+04
1.795888214623690874e+04
2.048169222449649169e+04
2.174475508416578668e+04
2.222558754183150086e+04
2.221165227539045736e+04
2.172394786477076559e+04
2.116912851955741644e+04
2.031972759285251232e+04
1.946839920548825103e+04
1.857843928305428562e+04
1.775831804862745412e+04
1.672283418498944957e+04
1.575438113759909902e+04
1.501646116672695462e+04
1.410193885058753040e+04
1.340996441741521630e+04
1.254715539044100478e+04
1.189881376717510830e+04
1.128330466338535734e+04
1.056632321028542901e+04
1.007157331539048937e+04
9.468627480294771885e+03
8.923002362634002566e+03
8.515974481635135817e+03
8.057718471637387665e+03
7.515519633009707832e+03
7.185776465596439266e+03
6.732245255345741498e+03
6.345814533526700870e+03
6.037914572458850671e+03
5.697412802497681696e+03
5.415981859068999256e+03
5.081026751498407066e+03
4.751768360727501204e+03
4.542499007194801379e+03
4.318517889404481139e+03
4.103371447792583240e+03
3.833787198824777079e+03
3.634988172069469783e+03
3.432854124971375313e+03
3.265667950132948135e+03
3.037202193033033382e+03
2.924242971105891229e+03
2.764594898071045009e+03
2.568232225745274718e+03
2.434932473185721847e+03
2.327996205752599053e+03
2.167788389205198200e+03
2.016581122245648203e+03
1.888019096866512200e+03
1.773103239764829823e+03
1.687064398393780493e+03
1.576012433775555110e+03
1.462813326871040317e+03
1.385513611836132213e+03
1.257341146153795762e+03
1.242145554202580797e+03
1.147924488366296373e+03
1.087196831972180917e+03
9.747027993422506142e+02
8.953798443662059299e+02
8.419335214900740993e+02
7.838569004444196935e+02
7.204560745369104779e+02
6.816434991152939347e+02
6.492830850257141719e+02
5.915256880025290229e+02
5.397621667305335222e+02
4.732980479665425833e+02
4.451515723043090702e+02
4.185950170717377432e+02
3.938638344897307206e+02
3.651498961816780593e+02
3.174494469055960622e+02
3.018065885167308124e+02
2.675263854526137948e+02
2.285818121945406460e+02
2.138848959245868002e+02
1.926041688457640646e+02
1.700052140264811271e+02
1.533830896201484961e+02
1.436693612723621527e+02
1.234816324480660938e+02
1.106131721160592321e+02
9.101344191503268632e+01
8.746428429742853439e+01
7.383990625389971285e+01
7.019644603446691633e+01
6.253617254818352933e+01
5.566898022578615723e+01
4.596939284708742690e+01
4.413957958126902525e+01
3.654246447749471116e+01
3.200529268260677185e+01
2.493908854521372831e+01
2.356460233388699876e+01
1.797259940187665350e+01
