0.000000000000000000e+00
0.000000000000000000e+00
0.000000000000000000e+00
0.000000000000000000e+00
0.000000000000000000e+00
0.000000000000000000e+00
0.000000000000000000e+00
0.000000000000000000e+00
0.000000000000000000e+00
0.000000000000000000e+00
0.000000000000000000e+00
0.000000000000000000e+00
0.000000000000000000e+00
0.000000000000000000e+00
0.000000000000000000e+00
0.000000000000000000e+00
0.000000000000000000e+00
0.000000000000000000e+00
0.000000000000000000e+00
0.000000000000000000e+00
0.000000000000000000e+00
0.000000000000000000e+00
0.000000000000000000e+00
0.000000000000000000e+00
0.000000000000000000e+00
0.000000000000000000e+00
0.000000000000000000e+00
0.000000000000000000e+00
0.000000000000000000e+00
0.000000000000000000e+00
0.000000000000000000e+00
0.000000000000000000e+00
0.000000000000000000e+00
0.000000000000000000e+00
0.000000000000000000e+00
0.000000000000000000e+00
0.000000000000000000e+00
0.000000000000000000e+00
0.000000000000000000e+00
0.000000000000000000e+00
0.000000000000000000e+00
0.000000000000000000e+00
0.000000000000000000e+00
0.000000000000000000e+00
0.000000000000000000e+00
0.000000000000000000e+00
0.000000000000000000e+00
0.000000000000000000e+00
0.000000000000000000e+00
0.000000000000000000e+00
0.000000000000000000e+00
0.000000000000000000e+00
4.825929821917379387e-04
3.050003845492943043e-04
1.833222632093989800e-03
1.714130330742038482e-03
1.268520211120359670e-03
6.379280361954334753e-03
3.908996957716589712e-03
5.660469762768812092e-03
1.173567764441244866e-02
7.876147108767156749e-03
6.596265663844361020e-03
1.619282177873688014e-02
1.854234785882841532e-02
2.219140166861102020e-02
3.736937543149596030e-02
4.811802569162192122e-02
5.204126428914685604e-02
9.184872979845704055e-02
1.251040345313710334e-01
1.643361946685228947e-01
2.228582567297940076e-01
2.772129392200008979e-01
3.576567318535897044e-01
4.192966273174168479e-01
5.234319056194101094e-01
6.417672325962638924e-01
7.269659357926915311e-01
8.964292575801697804e-01
9.742806285037494129e-01
1.139506353669087479e+00
1.283356311877156486e+00
1.427282596909027923e+00
1.596617086334000124e+00
1.715936166045925360e+00
1.812009267900489551e+00
2.003912728489491091e+00
2.195777474817401487e+00
2.288260626782486540e+00
2.486709674730958497e+00
2.589719824181872632e+00
2.717724643677153384e+00
2.917833593032436834e+00
2.948410076072804031e+00
3.198174469062905700e+00
3.382853170781321417e+00
3.545881427870276159e+00
3.679612779351470575e+00
4.067777551845302320e+00
4.187420193694799231e+00
4.449953001487092941e+00
4.756391969379263784e+00
5.034249398328385361e+00
5.300702120492137404e+00
5.476841640183613080e+00
5.771478230526167152e+00
6.012599384182072626e+00
6.387208493830399902e+00
6.646694488526130762e+00
6.933034728897176535e+00
7.015751780561689799e+00
7.358617969872475406e+00
8.669917224674524192e+00
9.870884382397953516e+00
1.029736058941377053e+01
1.066047024107353636e+01
1.057138718569859215e+01
1.052303663054013505e+01
1.029293908241382738e+01
9.959568301825751035e+00
9.493049074081628902e+00
9.450993011662731647e+00
8.950177795265013003e+00
8.776583905257304252e+00
8.908229194704121667e+00
9.179594660163104436e+00
9.224148766489575380e+00
9.005909360444084300e+00
9.098547077486799139e+00
9.021703199596421641e+00
8.836370364992994553e+00
8.648593728667380631e+00
8.236448561987250727e+00
8.114679839051721189e+00
7.842333967649503634e+00
7.553209098406978406e+00
7.262184094501628273e+00
7.006350639924155743e+00
6.724428842680238105e+00
6.412819088144228630e+00
6.112526990776365743e+00
5.796324438795993572e+00
5.596939022995913504e+00
5.312371583119662510e+00
4.934182321122571935e+00
4.590697583525329861e+00
4.286896394488603157e+00
3.921778617601313854e+00
3.684119821704951558e+00
3.440971185068100624e+00
3.187757908113446170e+00
2.945268406193836785e+00
2.707201835085369712e+00
2.476053105843025293e+00
2.270962007553667839e+00
2.130815946220159240e+00
1.911032319736466700e+00
1.709103084948665696e+00
1.506201858784088410e+00
1.344475964398258894e+00
1.193325518229921389e+00
1.068360657501322031e+00
9.274779390908459709e-01
8.112141365759013567e-01
6.949162905198140727e-01
6.080938219221541097e-01
5.057131972604296255e-01
4.274817608834587390e-01
3.531623855544994695e-01
2.903385865472223326e-01
2.323901618254920753e-01
1.847814464614447594e-01
1.494934552520660875e-01
1.182257115888301902e-01
9.564156632929160518e-02
7.490423872462619037e-02
5.415582374177937280e-02
3.741852018206154318e-02
2.523533583534145336e-02
1.697653766088488142e-02
1.260475662129018591e-02
1.045781821763851378e-02
8.229551712042617456e-03
5.881471059776930896e-03
4.398730798183898318e-03
3.115773789078086359e-03
2.167849736007994906e-03
1.423225833453082559e-03
6.343803954701434300e-04
4.505245008836087881e-06
0.000000000000000000e+00
0.000000000000000000e+00
0.000000000000000000e+00
0.000000000000000000e+00
0.000000000000000000e+00
0.000000000000000000e+00
0.000000000000000000e+00
0.000000000000000000e+00
0.000000000000000000e+00
0.000000000000000000e+00
