0.000000000000000000e+00
0.000000000000000000e+00
0.000000000000000000e+00
0.000000000000000000e+00
0.000000000000000000e+00
0.000000000000000000e+00
0.000000000000000000e+00
0.000000000000000000e+00
0.000000000000000000e+00
0.000000000000000000e+00
0.000000000000000000e+00
0.000000000000000000e+00
0.000000000000000000e+00
0.000000000000000000e+00
0.000000000000000000e+00
0.000000000000000000e+00
0.000000000000000000e+00
0.000000000000000000e+00
0.000000000000000000e+00
0.000000000000000000e+00
0.000000000000000000e+00
0.000000000000000000e+00
0.000000000000000000e+00
0.000000000000000000e+00
0.000000000000000000e+00
0.000000000000000000e+00
0.000000000000000000e+00
0.000000000000000000e+00
0.000000000000000000e+00
0.000000000000000000e+00
0.000000000000000000e+00
0.000000000000000000e+00
0.000000000000000000e+00
0.000000000000000000e+00
0.000000000000000000e+00
0.000000000000000000e+00
0.000000000000000000e+00
0.000000000000000000e+00
0.000000000000000000e+00
0.000000000000000000e+00
0.000000000000000000e+00
0.000000000000000000e+00
0.000000000000000000e+00
0.000000000000000000e+00
0.000000000000000000e+00
0.000000000000000000e+00
0.000000000000000000e+00
0.000000000000000000e+00
0.000000000000000000e+00
0.000000000000000000e+00
0.000000000000000000e+00
0.000000000000000000e+00
0.000000000000000000e+00
0.000000000000000000e+00
0.000000000000000000e+00
0.000000000000000000e+00
0.000000000000000000e+00
0.000000000000000000e+00
0.000000000000000000e+00
0.000000000000000000e+00
0.000000000000000000e+00
0.000000000000000000e+00
0.000000000000000000e+00
0.000000000000000000e+00
0.000000000000000000e+00
0.000000000000000000e+00
0.000000000000000000e+00
0.000000000000000000e+00
0.000000000000000000e+00
0.000000000000000000e+00
0.000000000000000000e+00
0.000000000000000000e+00
0.000000000000000000e+00
0.000000000000000000e+00
0.000000000000000000e+00
0.000000000000000000e+00
0.000000000000000000e+00
0.000000000000000000e+00
0.000000000000000000e+00
0.000000000000000000e+00
0.000000000000000000e+00
0.000000000000000000e+00
0.000000000000000000e+00
0.000000000000000000e+00
0.000000000000000000e+00
0.000000000000000000e+00
0.000000000000000000e+00
0.000000000000000000e+00
0.000000000000000000e+00
0.000000000000000000e+00
0.000000000000000000e+00
0.000000000000000000e+00
0.000000000000000000e+00
0.000000000000000000e+00
0.000000000000000000e+00
0.000000000000000000e+00
0.000000000000000000e+00
0.000000000000000000e+00
0.000000000000000000e+00
0.000000000000000000e+00
0.000000000000000000e+00
0.000000000000000000e+00
2.308350823403059957e-04
1.899736406806424010e-03
4.703912534049075125e-03
2.042189952793558791e-02
5.369147169125972757e-02
1.228416373776409776e-01
2.023823776416118214e-01
3.033456554078027279e-01
4.337455645147674788e-01
5.661335152086585110e-01
7.097589853898652601e-01
8.302180142683478481e-01
1.028339003505818861e+00
1.204199971015970760e+00
1.386639480324099116e+00
1.609621268963897789e+00
1.840404631357290155e+00
2.091683253007217580e+00
2.337637521658122441e+00
2.659492710307894026e+00
2.985556070463866174e+00
3.395920876657783971e+00
3.840788496914540939e+00
4.248235262806087320e+00
4.806988192295681195e+00
5.306534213757105434e+00
5.708475170457811387e+00
6.253163107764079243e+00
6.674277318805612147e+00
7.260426648797309035e+00
7.699583308185990127e+00
8.141467480206761920e+00
8.762312171516271064e+00
9.182196541740399454e+00
9.806589022119048593e+00
1.055220346389760167e+01
1.092542900417586793e+01
1.163487420016880236e+01
1.229460590275163767e+01
1.275814495045831443e+01
1.343856908026267583e+01
1.390469999367909004e+01
1.453623509761246702e+01
1.496172432599403201e+01
1.566055395140559803e+01
1.637568751242462639e+01
1.663738517032217956e+01
1.710184818639584137e+01
1.744824750372691113e+01
1.801912228449950248e+01
1.827394586475744021e+01
1.878168858599775959e+01
1.891656887927213759e+01
1.919064625218858211e+01
1.942337867685782271e+01
1.948138832093977513e+01
1.949201493543404240e+01
1.938151277156192620e+01
1.934687213281967999e+01
1.920273698816677310e+01
1.895218225787740707e+01
1.885689956405097334e+01
1.850691161290893660e+01
1.798794621704402275e+01
1.747317514831771490e+01
1.682973051282402466e+01
1.598611991906531671e+01
1.549223004506586499e+01
1.485558918772225034e+01
1.393794556069594570e+01
1.290324641093160807e+01
1.172027745234309037e+01
1.032708342150680636e+01
9.356007978598087860e+00
8.777339262830107458e+00
8.158447572402801384e+00
7.137325873463550074e+00
6.070947050969272674e+00
4.864398346257142514e+00
3.489556718676961378e+00
2.696081976074707676e+00
2.539656196738840244e+00
2.365152986788953360e+00
1.898910910289005827e+00
1.495056144354545369e+00
1.150378056161684315e+00
6.798975589497440186e-01
1.234805817185127941e+00
5.858588093938605912e-01
0.000000000000000000e+00
0.000000000000000000e+00
0.000000000000000000e+00
0.000000000000000000e+00
0.000000000000000000e+00
0.000000000000000000e+00
0.000000000000000000e+00
0.000000000000000000e+00
0.000000000000000000e+00
0.000000000000000000e+00
