2.859746422528813525e+01
2.113736900853538359e+01
3.058527577052151969e+01
4.643024869298219670e+01
6.862115362813473496e+01
9.187993227307320865e+01
1.284935135448360484e+02
1.900598918959331627e+02
2.116819069643497357e+02
2.115813371368408298e+02
2.088550479449844488e+02
1.991305170181846336e+02
1.828369669495070013e+02
1.574190626617032365e+02
1.256781967985987762e+02
9.301439519319534099e+01
6.285407830177545918e+01
3.757463909128532009e+01
2.863549010936544192e+01
2.018793878366684069e+01
2.886796483545309400e+01
2.186989393405914228e+01
2.808337607548833148e+01
3.723628602148175304e+01
4.934185322815299202e+01
4.445596605338037222e+01
4.388517307734489492e+01
4.195539745553255528e+01
3.627783190466642083e+01
2.986097956833869205e+01
2.247345528262496117e+01
4.122111003732805301e+01
