2.047306822163874982e+06
1.485332584743000008e+07
4.813627901523600519e+07
1.989259443852880001e+08
9.078561365814719200e+08
2.541266701497599602e+09
5.098892276721600533e+09
7.977969033523967743e+09
1.092578297962636757e+10
1.436907754896723175e+10
1.917946525316992188e+10
2.462957621280512238e+10
3.266990820850175858e+10
4.332252648873600006e+10
3.905139175396991730e+10
3.852567781631359863e+10
3.679598598750720215e+10
3.177881048619839859e+10
2.610424249102528000e+10
1.961411376230992126e+10
1.385338199644880104e+10
9.388819902426799774e+09
5.977276266651000023e+09
3.375839368146100044e+09
1.554973568398575068e+09
6.519534640824999809e+08
2.091472835012437701e+08
4.275277287778984010e+07
1.216666392585749782e+04
