2.175040404502187448e+05
6.093380056580750272e+06
1.656085539960000217e+08
1.456041460420736074e+09
3.856167312072191715e+09
7.038603709460479736e+09
1.155710410844083214e+10
1.846284577257932663e+10
2.673495136477900696e+10
4.062446176191130066e+10
6.009721338945024109e+10
8.049819569859584045e+10
1.126834836020582428e+11
1.667728458173260803e+11
1.858340729654323120e+11
1.858550762001920166e+11
1.834949357813145752e+11
1.749936105047078247e+11
1.606189086649171143e+11
1.381975161561030579e+11
1.098152335076800079e+11
8.050823654993280029e+10
5.482548247354560089e+10
3.242551900218399811e+10
1.546459848722879982e+10
5.569717634342000008e+09
1.342397705571900129e+09
2.590215048384343982e+08
