PdfType: central
Format: lhagrid1
---
0.0001  0.00010429532461863897  0.0001087751473730729  0.00011344739305714942  0.00011832032686033726  0.00012340256898882342  0.00012870310991463342  0.00013423132627975076  0.00013999699748337048  0.00014601032298162906  0.0001522819403304134  0.0001588229440031669  0.0001656449050169821  0.00017275989140169766  0.0001801804895482089  0.0001879198264737575  0.00019599159304358843  0.00020441006819005238  0.0002131901441719966  0.00022234735291912848  0.00023189789350795586  0.00024185866081790827  0.00025224727541833065  0.0002630821147392205  0.0002743823455808502  0.0002861679580197835  0.000298459800771264  0.0003112796180705332  0.00032465008813832217  0.0003385948632985606  0.000353138611819271  0.00036830706155066437  0.0003841270454376358  0.00040062654898716905  0.00041783475977461904  0.00043578211907644967  0.00045450037572076693  0.0004740226422509076  0.0004943834535014343  0.0005156188276901594  0.0005377663301342724  0.0005608651397032811  0.0005849561181263205  0.0006100818822764358  0.0006362868795597115  0.0006636174665426095  0.0006921219909566031  0.000721850877225177  0.0007528567156644912  0.0007851943555155049  0.0008189210019721267  0.0008540963173770411  0.000890782526764226  0.000929044527934864  0.0009689500062613694  0.0010105695544226187  0.0010539767972822035  0.0010992485221306084  0.0011464648145217105  0.0011957091999438964  0.0012470687915764175  0.0013006344443923627  0.0013565009158808474  0.0014147670336727418  0.0014755358703664753  0.0015389149258631751  0.0016050163175336874  0.001673956978553886  0.001745858864759136  0.0018208491703838258  0.0018990605530676075  0.001980631368526384  0.0020657059153031832  0.002154434690031882  0.002246974653665322  0.0023434895091387887  0.0024441499909600485  0.002549134167238217  0.0026586277546857403  0.002772824447150728  0.002891926258260833  0.003016143878784795  0.0031456970493438136  0.003280814949132081  0.0034217366013341386  0.0035687112959562244  0.0037219990308195853  0.0038818709714958863  0.004048609930998349  0.004222510870077183  0.004403881419004318  0.0045930424217704826  0.0047903285036573215  0.0049960886631885935  0.005210686889507569  0.005434502806272785  0.0056679323432112455  0.005911388436516999  0.006165301759334096  0.0064301214836161615  0.006706316074710319  0.006994374120071094  0.007294805193570227  0.00760814075693141  0.007934935099884589  0.008275766320702958  0.008631237348857151  0.009001977011595783  0.009388641146339076  0.009791913760853446  0.01021250824325929  0.01065116862401255  0.01110867089209251  0.01158582436772414  0.01208347313406328  0.012602497530377338  0.013143815709363004  0.013708385261355807  0.014297204908304714  0.014911316270508398  0.015551805709238663  0.01621980624851049  0.01691649957939832  0.01764311815044419  0.01840094734785578  0.01919132776935102  0.02001565759567167  0.020875395063961057  0.021772061047381518  0.0227072417455348  0.023682591490444646  0.024699835673065437  0.025760773795493984  0.02686728265428373  0.028021319660492525  0.02922492630233721  0.030480231756580593  0.03178945665503921  0.0331549170128747  0.034579028325618065  0.03606430984217448  0.03761338902136763  0.03922900617990692  0.0409140193399999  0.042671409285185626  0.044504284833332394  0.046415888336127774  0.04840960141478949  0.05048895094214394  0.05265761528165439  0.05491943079443554  0.05727839862576538  0.05973869178310004  0.06230466251811238  0.06498085002581286  0.06777198847437253  0.07068301537985341  0.07371908034066062  0.07688555414716733  0.08018803828262767  0.08363237483218501  0.08722465681750427  0.09097123897530998  0.09487874899889745  0.09895409926250376  0.10320449904927852  0.1076374673044853  0.11226084593649444  0.11708281368909704  0.12211190060968001  0.12735700313885567  0.13282739984823985  0.1385327678542193  0.14448319993674355  0.150689222393424  0.15716181366052454  0.16391242373378453  0.1709529944234296  0.17829598047919984  0.18595437162276682  0.1939417155265149  0.20227214177933603  0.21096038688183238  0.22002182031514395  0.2294724717295179  0.2393290593007152  0.24960901930441615  0.26033053696094227  0.2715125786048606  0.28317492523637666  0.2953382075138675  0.308023942249458  0.32125457047220124  0.33505349712619653  0.3494451324738692  0.3644549352776552  0.38010945783648104  0.3964363929567065  0.41346462294062064  0.4312242706791523  0.44974675293918026  0.4690648359397062  0.48921269331520334  0.5102259665686786  0.5321418281213915  0.5549990470707652  0.578838057772808  0.6037010313703756  0.6296319503938047  0.6566766865658864  0.6848830819488142  0.7143010335766556  0.7449825817230663  0.7769820019603892  0.8103559011729886  0.8451633176946665  0.8814658257473112  0.9193276443655247  0.9588157509999117  1.0  
0.1e+001 0.1e+007
-14 -12 12 14
8.24780815150510e+01 0.00000000000000e+00 1.00925899227612e-05 2.06823980345291e+01
8.24780815150510e+01 0.00000000000000e+00 1.00925899227612e-05 2.06823980345291e+01
8.49042075265073e+01 1.20403901874586e-08 1.67056575620233e-05 2.18751515496979e+01
8.49042075265073e+01 1.20403901874586e-08 1.67056575620233e-05 2.18751515496979e+01
8.73303335379636e+01 2.93989820201476e-08 2.33187252012854e-05 2.30679050648667e+01
8.73303335379636e+01 2.93989820201476e-08 2.33187252012854e-05 2.30679050648667e+01
8.97564595494198e+01 4.67575738528367e-08 2.99317928405475e-05 2.42606585800354e+01
8.97564595494198e+01 4.67575738528367e-08 2.99317928405475e-05 2.42606585800354e+01
9.21825855608761e+01 6.41161656855257e-08 3.65448604798096e-05 2.54534120952042e+01
9.21825855608761e+01 6.41161656855257e-08 3.65448604798096e-05 2.54534120952042e+01
9.58563943192676e+01 9.49266019492725e-08 4.74372751725770e-05 2.72747022451044e+01
9.58563943192676e+01 9.49266019492725e-08 4.74372751725770e-05 2.72747022451044e+01
9.83819746734587e+01 1.23786010272433e-07 5.64671604433769e-05 2.85572135253398e+01
9.83819746734587e+01 1.23786010272433e-07 5.64671604433769e-05 2.85572135253398e+01
1.00974097861550e+02 1.61419202041544e-07 6.72159224352188e-05 2.99000310618690e+01
1.00974097861550e+02 1.61419202041544e-07 6.72159224352188e-05 2.99000310618690e+01
1.03634517123639e+02 2.10493566521641e-07 8.00107565767860e-05 3.13059905759868e+01
1.03634517123639e+02 2.10493566521641e-07 8.00107565767860e-05 3.13059905759868e+01
1.06365031893387e+02 2.74487427682842e-07 9.52411413256962e-05 3.27780611302988e+01
1.06365031893387e+02 2.74487427682842e-07 9.52411413256962e-05 3.27780611302988e+01
1.09167489015111e+02 3.57936583055604e-07 1.13370694005574e-04 3.43193513986976e+01
1.09167489015111e+02 3.57936583055604e-07 1.13370694005574e-04 3.43193513986976e+01
1.12043783992936e+02 4.66755794868523e-07 1.34951283451678e-04 3.59331162311659e+01
1.12043783992936e+02 4.66755794868523e-07 1.34951283451678e-04 3.59331162311659e+01
1.14995862272861e+02 6.08658020321726e-07 1.60639829058115e-04 3.76227635272698e+01
1.14995862272861e+02 6.08658020321726e-07 1.60639829058115e-04 3.76227635272698e+01
1.18025720558603e+02 7.93701095465382e-07 1.91218297594484e-04 3.93918614328579e+01
1.18025720558603e+02 7.93701095465382e-07 1.91218297594484e-04 3.93918614328579e+01
1.21135408162116e+02 1.03500062089047e-06 2.27617506500859e-04 4.12441458751629e+01
1.21135408162116e+02 1.03500062089047e-06 2.27617506500859e-04 4.12441458751629e+01
1.24327028389684e+02 1.34965957759645e-06 2.70945458240306e-04 4.31835284522199e+01
1.24327028389684e+02 1.34965957759645e-06 2.70945458240306e-04 4.31835284522199e+01
1.27602739964544e+02 1.75998056293979e-06 3.22521068214815e-04 4.52141046932595e+01
1.27602739964544e+02 1.75998056293979e-06 3.22521068214815e-04 4.52141046932595e+01
1.30964758486981e+02 2.29504656829251e-06 3.83914312932192e-04 4.73401627075228e+01
1.30964758486981e+02 2.29504656829251e-06 3.83914312932192e-04 4.73401627075228e+01
1.34415357932903e+02 2.99278234177376e-06 4.56994020545747e-04 4.95661922397599e+01
1.34415357932903e+02 2.99278234177376e-06 4.56994020545747e-04 4.95661922397599e+01
1.37956872191892e+02 3.90264244263093e-06 5.43984758524626e-04 5.18968941515368e+01
1.37956872191892e+02 3.90264244263093e-06 5.43984758524626e-04 5.18968941515368e+01
1.41591696645783e+02 5.08911651289597e-06 6.47534550131982e-04 5.43371903483715e+01
1.41591696645783e+02 5.08911651289597e-06 6.47534550131982e-04 5.43371903483715e+01
1.45322289788835e+02 6.63630021518722e-06 7.70795481020167e-04 5.68922341736655e+01
1.45322289788835e+02 6.63630021518722e-06 7.70795481020167e-04 5.68922341736655e+01
1.49151174890587e+02 8.65385581848915e-06 9.17519649631072e-04 5.95674212913770e+01
1.49151174890587e+02 8.65385581848915e-06 9.17519649631072e-04 5.95674212913770e+01
1.53080941702529e+02 1.12847849100940e-05 1.09217338215959e-03 6.23684010804208e+01
1.53080941702529e+02 1.12847849100940e-05 1.09217338215959e-03 6.23684010804208e+01
1.57114248209732e+02 1.47155641529187e-05 1.30007318881678e-03 6.53010885648549e+01
1.57114248209732e+02 1.47155641529187e-05 1.30007318881678e-03 6.53010885648549e+01
1.61253822428645e+02 1.91893624968401e-05 1.54754759994073e-03 6.83716769050488e+01
1.61253822428645e+02 1.91893624968401e-05 1.54754759994073e-03 6.83716769050488e+01
1.65502464252242e+02 2.50232766619483e-05 1.84212980829331e-03 7.15866504762112e+01
1.65502464252242e+02 2.50232766619483e-05 1.84212980829331e-03 7.15866504762112e+01
1.69863047343794e+02 3.26308065212441e-05 2.19278698162997e-03 7.49527985618971e+01
1.69863047343794e+02 3.26308065212441e-05 2.19278698162997e-03 7.49527985618971e+01
1.74338521080534e+02 4.25511634072292e-05 2.61019322588382e-03 7.84772296914101e+01
1.74338521080534e+02 4.25511634072292e-05 2.61019322588382e-03 7.84772296914101e+01
1.78931912548538e+02 5.54874886751554e-05 3.10705450804228e-03 8.21673866513792e+01
1.78931912548538e+02 5.54874886751554e-05 3.10705450804228e-03 8.21673866513792e+01
1.83646328590156e+02 7.23566914025300e-05 3.69849542946270e-03 8.60310622032094e+01
1.83646328590156e+02 7.23566914025300e-05 3.69849542946270e-03 8.60310622032094e+01
1.88484957905398e+02 9.43544376529901e-05 4.40251962311901e-03 9.00764155395983e+01
1.88484957905398e+02 9.43544376529901e-05 4.40251962311901e-03 9.00764155395983e+01
1.93451073208681e+02 1.23039897654866e-04 5.24055778940456e-03 9.43119895148721e+01
1.93451073208681e+02 1.23039897654866e-04 5.24055778940456e-03 9.43119895148721e+01
1.98548033442401e+02 1.60446257658768e-04 6.23812005286011e-03 9.87467286855253e+01
1.98548033442401e+02 1.60446257658768e-04 6.23812005286011e-03 9.87467286855253e+01
2.03779286048828e+02 2.09224829403829e-04 7.42557249775447e-03 1.03389998199064e+02
2.03779286048828e+02 2.09224829403829e-04 7.42557249775447e-03 1.03389998199064e+02
2.09148369301864e+02 2.72832971474851e-04 8.83906152048594e-03 1.08251603571039e+02
2.09148369301864e+02 2.72832971474851e-04 8.83906152048594e-03 1.08251603571039e+02
2.14658914700229e+02 3.55779142159666e-04 1.05216141363594e-02 1.13341811392037e+02
2.14658914700229e+02 3.55779142159666e-04 1.05216141363594e-02 1.13341811392037e+02
2.20314649423708e+02 4.63942452818742e-04 1.25244477343962e-02 1.18671371008355e+02
2.20314649423708e+02 4.63942452818742e-04 1.25244477343962e-02 1.18671371008355e+02
2.26119398854108e+02 6.04989371273695e-04 1.49085291494920e-02 1.24251537222141e+02
2.26119398854108e+02 6.04989371273695e-04 1.49085291494920e-02 1.24251537222141e+02
2.32077089162648e+02 7.88917110582111e-04 1.77464305105320e-02 1.30094094058947e+02
2.32077089162648e+02 7.88917110582111e-04 1.77464305105320e-02 1.30094094058947e+02
2.38191749965503e+02 1.02876221785335e-03 2.11245383570165e-02 1.36211379652873e+02
2.38191749965503e+02 1.02876221785335e-03 2.11245383570165e-02 1.36211379652873e+02
2.44467517049331e+02 1.34152458691334e-03 2.51456832703471e-02 1.42616312301867e+02
2.44467517049331e+02 1.34152458691334e-03 2.51456832703471e-02 1.42616312301867e+02
2.50908635168600e+02 1.74937238757496e-03 2.99322700665121e-02 1.49322417748189e+02
2.50908635168600e+02 1.74937238757496e-03 2.99322700665121e-02 1.49322417748189e+02
2.57519460916626e+02 2.28121331525577e-03 3.56300038341432e-02 1.56343857741671e+02
2.57519460916626e+02 2.28121331525577e-03 3.56300038341432e-02 1.56343857741671e+02
2.64304465672247e+02 2.97474352897160e-03 4.24123252396202e-02 1.63695459946061e+02
2.64304465672247e+02 2.97474352897160e-03 4.24123252396202e-02 1.63695459946061e+02
2.71268238624144e+02 3.87911950363408e-03 5.04856901111974e-02 1.71392749251642e+02
2.71268238624144e+02 3.87911950363408e-03 5.04856901111974e-02 1.71392749251642e+02
2.78415489874835e+02 5.05844217389606e-03 6.00958540142204e-02 1.79451980560217e+02
2.78415489874835e+02 5.05844217389606e-03 6.00958540142204e-02 1.79451980560217e+02
2.85751053626465e+02 6.59630032090499e-03 7.15353531217250e-02 1.87890173111718e+02
2.85751053626465e+02 6.59630032090499e-03 7.15353531217250e-02 1.87890173111718e+02
2.93279891450520e+02 8.60169523101586e-03 8.51524091002849e-02 1.96725146424925e+02
2.93279891450520e+02 8.60169523101586e-03 8.51524091002849e-02 1.96725146424925e+02
3.01007095643698e+02 1.12167665581864e-02 1.01361529078413e-01 2.05975557928179e+02
3.01007095643698e+02 1.12167665581864e-02 1.01361529078413e-01 2.05975557928179e+02
3.08937892672197e+02 1.46268669886353e-02 1.20656123363627e-01 2.15660942359574e+02
3.08937892672197e+02 1.46268669886353e-02 1.20656123363627e-01 2.15660942359574e+02
3.17077646706752e+02 1.90736997862442e-02 1.43623524995137e-01 2.25801753019826e+02
3.17077646706752e+02 1.90736997862442e-02 1.43623524995137e-01 2.25801753019826e+02
3.25431863250809e+02 2.48724503899870e-02 1.70962868331696e-01 2.36419404964929e+02
3.25431863250809e+02 2.48724503899870e-02 1.70962868331696e-01 2.36419404964929e+02
3.34006192864299e+02 3.24341263276316e-02 2.03506370904005e-01 2.47536320229824e+02
3.34006192864299e+02 3.24341263276316e-02 2.03506370904005e-01 2.47536320229824e+02
3.42806434985515e+02 4.22946888683017e-02 2.42244666357416e-01 2.59175975178567e+02
3.42806434985515e+02 4.22946888683017e-02 2.42244666357416e-01 2.59175975178567e+02
3.51838541853691e+02 5.51530412256695e-02 2.88356959627059e-01 2.71362950081003e+02
3.51838541853691e+02 5.51530412256695e-02 2.88356959627059e-01 2.71362950081003e+02
3.61108622534937e+02 7.19205658637711e-02 3.43246922277659e-01 2.84122981020637e+02
3.61108622534937e+02 7.19205658637711e-02 3.43246922277659e-01 2.84122981020637e+02
3.70622947054235e+02 9.37857220420624e-02 4.08585420672572e-01 2.97483014243309e+02
3.70622947054235e+02 9.37857220420624e-02 4.08585420672572e-01 2.97483014243309e+02
3.80387950636312e+02 1.22298282185537e-01 4.86361377629890e-01 3.11471263061459e+02
3.80387950636312e+02 1.22298282185537e-01 4.86361377629890e-01 3.11471263061459e+02
3.90410238058247e+02 1.59479177638844e-01 5.78942315809175e-01 3.26117267434145e+02
3.90410238058247e+02 1.59479177638844e-01 5.78942315809175e-01 3.26117267434145e+02
4.00696588116762e+02 2.07963739521515e-01 6.89146425787021e-01 3.41451956348628e+02
4.00696588116762e+02 2.07963739521515e-01 6.89146425787021e-01 3.41451956348628e+02
4.11253958213205e+02 2.71188487400618e-01 8.20328352594571e-01 3.57507713135273e+02
4.11253958213205e+02 2.71188487400618e-01 8.20328352594571e-01 3.57507713135273e+02
4.22089489059350e+02 3.53634705106979e-01 9.76481312084019e-01 3.74318443853679e+02
4.22089489059350e+02 3.53634705106979e-01 9.76481312084019e-01 3.74318443853679e+02
4.33280721791838e+02 4.94527369901626e-01 1.18372175984475e+00 3.92145590705160e+02
4.33280721791838e+02 4.94527369901626e-01 1.18372175984475e+00 3.92145590705160e+02
4.44865250978792e+02 7.21368281365074e-01 1.45919514383227e+00 4.11126625181377e+02
4.44865250978792e+02 7.21368281365074e-01 1.45919514383227e+00 4.11126625181377e+02
4.56817084075942e+02 1.03340566088430e+00 1.80147198519207e+00 4.31194825654447e+02
4.56817084075942e+02 1.03340566088430e+00 1.80147198519207e+00 4.31194825654447e+02
4.69109543699372e+02 1.42965917551571e+00 2.20885069774461e+00 4.52280333111532e+02
4.69109543699372e+02 1.42965917551571e+00 2.20885069774461e+00 4.52280333111532e+02
4.81715249581680e+02 1.90885045332421e+00 2.67930579120910e+00 4.74310003628702e+02
4.81715249581680e+02 1.90885045332421e+00 2.67930579120910e+00 4.74310003628702e+02
4.94606100052723e+02 2.46931247412535e+00 3.21042621469266e+00 4.97207253907815e+02
4.94606100052723e+02 2.46931247412535e+00 3.21042621469266e+00 4.97207253907815e+02
5.07753253032429e+02 3.10887141337008e+00 3.79934196360268e+00 5.20891899550236e+02
5.07753253032429e+02 3.10887141337008e+00 3.79934196360268e+00 5.20891899550236e+02
5.21127106522820e+02 3.82469256442787e+00 4.44263671587568e+00 5.45279985725854e+02
5.21127106522820e+02 3.82469256442787e+00 4.44263671587568e+00 5.45279985725854e+02
5.34979482757981e+02 4.57694182724790e+00 5.10929354824976e+00 5.69974542867134e+02
5.34979482757981e+02 4.57694182724790e+00 5.10929354824976e+00 5.69974542867134e+02
5.49363991246706e+02 5.34994087513379e+00 5.78637415931907e+00 5.94790671836529e+02
5.49363991246706e+02 5.34994087513379e+00 5.78637415931907e+00 5.94790671836529e+02
5.64178415696788e+02 6.10402262859471e+00 6.44675324649315e+00 6.19406067200507e+02
5.64178415696788e+02 6.10402262859471e+00 6.44675324649315e+00 6.19406067200507e+02
5.79359836254845e+02 6.81110877872575e+00 7.07208447653654e+00 6.43619532323764e+02
5.79359836254845e+02 6.81110877872575e+00 7.07208447653654e+00 6.43619532323764e+02
5.94908252920878e+02 7.47119932552692e+00 7.66236784944924e+00 6.67431067206302e+02
5.94908252920878e+02 7.47119932552692e+00 7.66236784944924e+00 6.67431067206302e+02
6.10823665694886e+02 8.08429426899821e+00 8.21760336523125e+00 6.90840671848121e+02
6.10823665694886e+02 8.08429426899821e+00 8.21760336523125e+00 6.90840671848121e+02
6.27106074576869e+02 8.65039360913963e+00 8.73779102388257e+00 7.13848346249219e+02
6.27106074576869e+02 8.65039360913963e+00 8.73779102388257e+00 7.13848346249219e+02
6.43755479566828e+02 9.16949734595117e+00 9.22293082540321e+00 7.36454090409598e+02
6.43755479566828e+02 9.16949734595117e+00 9.22293082540321e+00 7.36454090409598e+02
6.60911563024369e+02 9.70184906010764e+00 9.80653798847291e+00 7.58228717829288e+02
6.60911563024369e+02 9.70184906010764e+00 9.80653798847291e+00 7.58228717829288e+02
6.78577102785457e+02 1.02486468040014e+01 1.04912677043231e+01 7.79163693359692e+02
6.78577102785457e+02 1.02486468040014e+01 1.04912677043231e+01 7.79163693359692e+02
6.96469894678147e+02 1.08460281688346e+01 1.13040702628481e+01 7.99568084013502e+02
6.96469894678147e+02 1.08460281688346e+01 1.13040702628481e+01 7.99568084013502e+02
7.14505146766408e+02 1.15048511667349e+01 1.22530432312842e+01 8.19534753018746e+02
7.14505146766408e+02 1.15048511667349e+01 1.22530432312842e+01 8.19534753018746e+02
7.32682859050242e+02 1.22251157977025e+01 1.33381866096316e+01 8.39063700375424e+02
7.32682859050242e+02 1.22251157977025e+01 1.33381866096316e+01 8.39063700375424e+02
7.51003031529647e+02 1.30068220617372e+01 1.45595003978901e+01 8.58154926083535e+02
7.51003031529647e+02 1.30068220617372e+01 1.45595003978901e+01 8.58154926083535e+02
7.69465664204623e+02 1.38499699588390e+01 1.59169845960597e+01 8.76808430143079e+02
7.69465664204623e+02 1.38499699588390e+01 1.59169845960597e+01 8.76808430143079e+02
7.88024576124773e+02 1.47781471532620e+01 1.73983711615065e+01 8.95050552415590e+02
7.88024576124773e+02 1.47781471532620e+01 1.73983711615065e+01 8.95050552415590e+02
8.06485478921226e+02 1.58905895588145e+01 1.89520470812446e+01 9.12992107613394e+02
8.06485478921226e+02 1.58905895588145e+01 1.89520470812446e+01 9.12992107613394e+02
8.24848372593981e+02 1.71872971754966e+01 2.05780123552742e+01 9.30633095736490e+02
8.24848372593981e+02 1.71872971754966e+01 2.05780123552742e+01 9.30633095736490e+02
8.42973574783434e+02 1.86080264226335e+01 2.21427517649153e+01 9.48402703284850e+02
8.42973574783434e+02 1.86080264226335e+01 2.21427517649153e+01 9.48402703284850e+02
8.60858307653617e+02 2.01515792478328e+01 2.36436101189366e+01 9.66309465407069e+02
8.60858307653617e+02 2.01515792478328e+01 2.36436101189366e+01 9.66309465407069e+02
8.78502571204532e+02 2.18179556510946e+01 2.50805874173382e+01 9.84353382103148e+02
8.78502571204532e+02 2.18179556510946e+01 2.50805874173382e+01 9.84353382103148e+02
8.95906365436178e+02 2.36071556324187e+01 2.64536836601200e+01 1.00253445337309e+03
8.95906365436178e+02 2.36071556324187e+01 2.64536836601200e+01 1.00253445337309e+03
9.13069690348554e+02 2.55191791918052e+01 2.77628988472819e+01 1.02085267921689e+03
9.13069690348554e+02 2.55191791918052e+01 2.77628988472819e+01 1.02085267921689e+03
9.29717789726288e+02 2.75458057867380e+01 2.90338561819986e+01 1.03924270876526e+03
9.29717789726288e+02 2.75458057867380e+01 2.90338561819986e+01 1.03924270876526e+03
9.45444637899697e+02 2.96748873707180e+01 3.03044207885005e+01 1.05760796865978e+03
9.45444637899697e+02 2.96748873707180e+01 3.03044207885005e+01 1.05760796865978e+03
9.60296415819180e+02 3.18828362794912e+01 3.15868607094217e+01 1.07592211903892e+03
9.60296415819180e+02 3.18828362794912e+01 3.15868607094217e+01 1.07592211903892e+03
9.74467411853607e+02 3.40704165992493e+01 3.29327889577480e+01 1.09407434519035e+03
9.74467411853607e+02 3.40704165992493e+01 3.29327889577480e+01 1.09407434519035e+03
9.87957626002979e+02 3.62376283299921e+01 3.43422055334793e+01 1.11206464711407e+03
9.87957626002979e+02 3.62376283299921e+01 3.43422055334793e+01 1.11206464711407e+03
1.00076705826730e+03 3.83844714717197e+01 3.58151104366157e+01 1.12989302481009e+03
1.00076705826730e+03 3.83844714717197e+01 3.58151104366157e+01 1.12989302481009e+03
1.01289570864656e+03 4.05109460244321e+01 3.73515036671571e+01 1.14755947827839e+03
1.01289570864656e+03 4.05109460244321e+01 3.73515036671571e+01 1.14755947827839e+03
1.02434357714076e+03 4.26170519881292e+01 3.89513852251036e+01 1.16506400751899e+03
1.02434357714076e+03 4.26170519881292e+01 3.89513852251036e+01 1.16506400751899e+03
1.03491498590110e+03 4.47568044163965e+01 4.07239402915453e+01 1.18227438739097e+03
1.03491498590110e+03 4.47568044163965e+01 4.07239402915453e+01 1.18227438739097e+03
1.04448750636863e+03 4.69639985763633e+01 4.27374820887525e+01 1.19910788940181e+03
1.04448750636863e+03 4.69639985763633e+01 4.27374820887525e+01 1.19910788940181e+03
1.05333589475871e+03 4.92468550105458e+01 4.49663874135509e+01 1.21562986442078e+03
1.05333589475871e+03 4.92468550105458e+01 4.49663874135509e+01 1.21562986442078e+03
1.06186617674104e+03 5.16175217654431e+01 4.73727911417098e+01 1.23193688580630e+03
1.06186617674104e+03 5.16175217654431e+01 4.73727911417098e+01 1.23193688580630e+03
1.07007835231562e+03 5.40759988410552e+01 4.99566932732292e+01 1.24802895355838e+03
1.07007835231562e+03 5.40759988410552e+01 4.99566932732292e+01 1.24802895355838e+03
1.07797242148243e+03 5.66222862373820e+01 5.27180938081092e+01 1.26390606767702e+03
1.07797242148243e+03 5.66222862373820e+01 5.27180938081092e+01 1.26390606767702e+03
1.08554838424149e+03 5.92563839544236e+01 5.56569927463497e+01 1.27956822816221e+03
1.08554838424149e+03 5.92563839544236e+01 5.56569927463497e+01 1.27956822816221e+03
1.09280624059279e+03 6.19782919921799e+01 5.87733900879507e+01 1.29501543501396e+03
1.09280624059279e+03 6.19782919921799e+01 5.87733900879507e+01 1.29501543501396e+03
1.09900282100725e+03 6.50341822302139e+01 6.20714161542277e+01 1.30900730995088e+03
1.09900282100725e+03 6.50341822302139e+01 6.20714161542277e+01 1.30900730995088e+03
1.10398231132021e+03 6.84756674759367e+01 6.55519369152461e+01 1.32128379319089e+03
1.10398231132021e+03 6.84756674759367e+01 6.55519369152461e+01 1.32128379319089e+03
1.10794038938046e+03 7.22487326757629e+01 6.91057671899154e+01 1.33197710987489e+03
1.10794038938046e+03 7.22487326757629e+01 6.91057671899154e+01 1.33197710987489e+03
1.11099948374697e+03 7.63195825625632e+01 7.26645937559656e+01 1.34116998849542e+03
1.11099948374697e+03 7.63195825625632e+01 7.26645937559656e+01 1.34116998849542e+03
1.11315959441973e+03 8.06882171363376e+01 7.62284166133965e+01 1.34886242905248e+03
1.11315959441973e+03 8.06882171363376e+01 7.62284166133965e+01 1.34886242905248e+03
1.11442072139873e+03 8.53546363970860e+01 7.97972357622081e+01 1.35505443154608e+03
1.11442072139873e+03 8.53546363970860e+01 7.97972357622081e+01 1.35505443154608e+03
1.11478286468399e+03 9.03188403448085e+01 8.33710512024005e+01 1.35974599597622e+03
1.11478286468399e+03 9.03188403448085e+01 8.33710512024005e+01 1.35974599597622e+03
1.11420924862539e+03 9.55723263518237e+01 8.69534638214953e+01 1.36290379685970e+03
1.11420924862539e+03 9.55723263518237e+01 8.69534638214953e+01 1.36290379685970e+03
1.11177447818705e+03 1.00901140635510e+02 9.06350836679300e+01 1.36368925658827e+03
1.11177447818705e+03 1.00901140635510e+02 9.06350836679300e+01 1.36368925658827e+03
1.10747855336897e+03 1.06305283195866e+02 9.44159107417048e+01 1.36210237516194e+03
1.10747855336897e+03 1.06305283195866e+02 9.44159107417048e+01 1.36210237516194e+03
1.10206464370023e+03 1.11538582153330e+02 9.82918147215041e+01 1.35938353086207e+03
1.10206464370023e+03 1.11538582153330e+02 9.82918147215041e+01 1.35938353086207e+03
1.09568856334549e+03 1.16549424700491e+02 1.02261929637263e+02 1.35579278347077e+03
1.09568856334549e+03 1.16549424700491e+02 1.02261929637263e+02 1.35579278347077e+03
1.08835031230476e+03 1.21337810837348e+02 1.06326255488980e+02 1.35133013298802e+03
1.08835031230476e+03 1.21337810837348e+02 1.06326255488980e+02 1.35133013298802e+03
1.08004989057804e+03 1.25903740563902e+02 1.10484792276658e+02 1.34599557941383e+03
1.08004989057804e+03 1.25903740563902e+02 1.10484792276658e+02 1.34599557941383e+03
1.07078729816533e+03 1.30247213880152e+02 1.14737540000294e+02 1.33978912274819e+03
1.07078729816533e+03 1.30247213880152e+02 1.14737540000294e+02 1.33978912274819e+03
1.06054551218543e+03 1.34412288136348e+02 1.19076634854446e+02 1.33263982369680e+03
1.06054551218543e+03 1.34412288136348e+02 1.19076634854446e+02 1.33263982369680e+03
1.04927340010873e+03 1.38531300728337e+02 1.23478455910305e+02 1.32433459814497e+03
1.04927340010873e+03 1.38531300728337e+02 1.23478455910305e+02 1.32433459814497e+03
1.03700773758534e+03 1.42612754283802e+02 1.27939402280347e+02 1.31490677157587e+03
1.03700773758534e+03 1.42612754283802e+02 1.27939402280347e+02 1.31490677157587e+03
1.02467391965113e+03 1.46870602585364e+02 1.32368863916136e+02 1.30519492159778e+03
1.02467391965113e+03 1.46870602585364e+02 1.32368863916136e+02 1.30519492159778e+03
1.01227194630611e+03 1.51304845633024e+02 1.36766840817671e+02 1.29519904821069e+03
1.01227194630611e+03 1.51304845633024e+02 1.36766840817671e+02 1.29519904821069e+03
9.99801817550284e+02 1.55915483426782e+02 1.41133332984953e+02 1.28491915141461e+03
9.99801817550284e+02 1.55915483426782e+02 1.41133332984953e+02 1.28491915141461e+03
9.87263533383646e+02 1.60702515966637e+02 1.45468340417982e+02 1.27435523120952e+03
9.87263533383646e+02 1.60702515966637e+02 1.45468340417982e+02 1.27435523120952e+03
9.74657093806198e+02 1.65665943252589e+02 1.49771863116756e+02 1.26350728759543e+03
9.74657093806198e+02 1.65665943252589e+02 1.49771863116756e+02 1.26350728759543e+03
9.61813432994392e+02 1.70802734395569e+02 1.54035774023251e+02 1.25205295775986e+03
9.61813432994392e+02 1.70802734395569e+02 1.54035774023251e+02 1.25205295775986e+03
9.48535125896448e+02 1.76109350102895e+02 1.58250582840619e+02 1.23961580551002e+03
9.48535125896448e+02 1.76109350102895e+02 1.58250582840619e+02 1.23961580551002e+03
9.34839195393558e+02 1.81541733024319e+02 1.62424153374306e+02 1.22626677014023e+03
9.34839195393558e+02 1.81541733024319e+02 1.62424153374306e+02 1.22626677014023e+03
9.20776774015341e+02 1.86967545763992e+02 1.66580106553120e+02 1.21221893576517e+03
9.20776774015341e+02 1.86967545763992e+02 1.66580106553120e+02 1.21221893576517e+03
9.06347861761797e+02 1.92386788321914e+02 1.70718442377062e+02 1.19747230238484e+03
9.06347861761797e+02 1.92386788321914e+02 1.70718442377062e+02 1.19747230238484e+03
8.91552458632926e+02 1.97799460698085e+02 1.74839160846133e+02 1.18202686999924e+03
8.91552458632926e+02 1.97799460698085e+02 1.74839160846133e+02 1.18202686999924e+03
8.76390564628729e+02 2.03205562892506e+02 1.78942261960331e+02 1.16588263860837e+03
8.76390564628729e+02 2.03205562892506e+02 1.78942261960331e+02 1.16588263860837e+03
8.60862179749205e+02 2.08605094905175e+02 1.83027745719658e+02 1.14903960821223e+03
8.60862179749205e+02 2.08605094905175e+02 1.83027745719658e+02 1.14903960821223e+03
8.45055113158142e+02 2.13959845190404e+02 1.87173887488555e+02 1.13138413523162e+03
8.45055113158142e+02 2.13959845190404e+02 1.87173887488555e+02 1.13138413523162e+03
8.29012058264334e+02 2.19251235036471e+02 1.91418745278150e+02 1.11286096539040e+03
8.29012058264334e+02 2.19251235036471e+02 1.91418745278150e+02 1.11286096539040e+03
8.12902080891330e+02 2.24482295332445e+02 1.95770446146472e+02 1.09379246150107e+03
8.12902080891330e+02 2.24482295332445e+02 1.95770446146472e+02 1.09379246150107e+03
7.96922606090908e+02 2.29656565371007e+02 2.00238480390365e+02 1.07455505975640e+03
7.96922606090908e+02 2.29656565371007e+02 2.00238480390365e+02 1.07455505975640e+03
7.81073633863068e+02 2.34774045152158e+02 2.04822848009829e+02 1.05514876015639e+03
7.81073633863068e+02 2.34774045152158e+02 2.04822848009829e+02 1.05514876015639e+03
7.65355164207810e+02 2.39834734675896e+02 2.09523549004863e+02 1.03557356270105e+03
7.65355164207810e+02 2.39834734675896e+02 2.09523549004863e+02 1.03557356270105e+03
7.49767197125133e+02 2.44838633942221e+02 2.14340583375469e+02 1.01582946739037e+03
7.49767197125133e+02 2.44838633942221e+02 2.14340583375469e+02 1.01582946739037e+03
7.34309732615039e+02 2.49785742951135e+02 2.19273951121645e+02 9.95916474224350e+02
7.34309732615039e+02 2.49785742951135e+02 2.19273951121645e+02 9.95916474224350e+02
7.18945488363910e+02 2.54396755747975e+02 2.24229637964624e+02 9.75829581843653e+02
7.18945488363910e+02 2.54396755747975e+02 2.24229637964624e+02 9.75829581843653e+02
7.03669591102322e+02 2.58635163515635e+02 2.29195355050368e+02 9.55568136507421e+02
7.03669591102322e+02 2.58635163515635e+02 2.29195355050368e+02 9.55568136507421e+02
6.88394231666488e+02 2.62539177799804e+02 2.34092827014434e+02 9.35245781794852e+02
6.88394231666488e+02 2.62539177799804e+02 2.34092827014434e+02 9.35245781794852e+02
6.73076716647612e+02 2.66127377312204e+02 2.38883995845693e+02 9.14917771982086e+02
6.73076716647612e+02 2.66127377312204e+02 2.38883995845693e+02 9.14917771982086e+02
6.57717046045695e+02 2.69399762052836e+02 2.43568861544146e+02 8.94584107069121e+02
6.57717046045695e+02 2.69399762052836e+02 2.43568861544146e+02 8.94584107069121e+02
6.42315219860738e+02 2.72356332021701e+02 2.48147424109792e+02 8.74244787055958e+02
6.42315219860738e+02 2.72356332021701e+02 2.48147424109792e+02 8.74244787055958e+02
6.26871238092739e+02 2.74997087218797e+02 2.52619683542632e+02 8.53899811942597e+02
6.26871238092739e+02 2.74997087218797e+02 2.52619683542632e+02 8.53899811942597e+02
6.11386532611976e+02 2.77296403789256e+02 2.56948967085186e+02 8.33581340672378e+02
6.11386532611976e+02 2.77296403789256e+02 2.56948967085186e+02 8.33581340672378e+02
5.95874595861325e+02 2.79012829414595e+02 2.60789709155561e+02 8.13592405379563e+02
5.95874595861325e+02 2.79012829414595e+02 2.60789709155561e+02 8.13592405379563e+02
5.80335427840785e+02 2.80146364094815e+02 2.64141909753755e+02 7.93933006064153e+02
5.80335427840785e+02 2.80146364094815e+02 2.64141909753755e+02 7.93933006064153e+02
5.64806310863973e+02 2.80976313784577e+02 2.67099583158536e+02 7.74608144085491e+02
5.64806310863973e+02 2.80976313784577e+02 2.67099583158536e+02 7.74608144085491e+02
5.49292118200314e+02 2.81539187300987e+02 2.69675018223944e+02 7.55618473184432e+02
5.49292118200314e+02 2.81539187300987e+02 2.69675018223944e+02 7.55618473184432e+02
5.33792849849808e+02 2.81834984644046e+02 2.71868214949978e+02 7.36963993360976e+02
5.33792849849808e+02 2.81834984644046e+02 2.71868214949978e+02 7.36963993360976e+02
5.18308505812454e+02 2.81863705813754e+02 2.73679173336639e+02 7.18644704615123e+02
5.18308505812454e+02 2.81863705813754e+02 2.73679173336639e+02 7.18644704615123e+02
5.02839086088253e+02 2.81625350810110e+02 2.75107893383926e+02 7.00660606946872e+02
5.02839086088253e+02 2.81625350810110e+02 2.75107893383926e+02 7.00660606946872e+02
4.87399054917974e+02 2.80993457251237e+02 2.76024403848387e+02 6.82926272372596e+02
4.87399054917974e+02 2.80993457251237e+02 2.76024403848387e+02 6.82926272372596e+02
4.72020988347523e+02 2.79683209333600e+02 2.76135986345394e+02 6.65249301860739e+02
4.72020988347523e+02 2.79683209333600e+02 2.76135986345394e+02 6.65249301860739e+02
4.56703454506624e+02 2.77720230912070e+02 2.75479313632425e+02 6.47597536467963e+02
4.56703454506624e+02 2.77720230912070e+02 2.75479313632425e+02 6.47597536467963e+02
4.41432960952399e+02 2.75345974305129e+02 2.74399951291374e+02 6.29667944060004e+02
4.41432960952399e+02 2.75345974305129e+02 2.74399951291374e+02 6.29667944060004e+02
4.26209507684850e+02 2.72560439512775e+02 2.72897899322242e+02 6.11460524636862e+02
4.26209507684850e+02 2.72560439512775e+02 2.72897899322242e+02 6.11460524636862e+02
4.11033094703976e+02 2.69363626535010e+02 2.70973157725029e+02 5.92975278198537e+02
4.11033094703976e+02 2.69363626535010e+02 2.70973157725029e+02 5.92975278198537e+02
3.95903722009777e+02 2.65755535371833e+02 2.68625726499734e+02 5.74212204745028e+02
3.95903722009777e+02 2.65755535371833e+02 2.68625726499734e+02 5.74212204745028e+02
3.80821389602253e+02 2.61736166023245e+02 2.65855605646359e+02 5.55171304276337e+02
3.80821389602253e+02 2.61736166023245e+02 2.65855605646359e+02 5.55171304276337e+02
3.65819827246085e+02 2.57149407672755e+02 2.62577155126101e+02 5.35998831114538e+02
3.65819827246085e+02 2.57149407672755e+02 2.62577155126101e+02 5.35998831114538e+02
3.50930291288630e+02 2.51850597173363e+02 2.58711014918941e+02 5.16830314692948e+02
3.50930291288630e+02 2.51850597173363e+02 2.58711014918941e+02 5.16830314692948e+02
3.36138317489118e+02 2.45966196906950e+02 2.54387156268331e+02 4.97751182995198e+02
3.36138317489118e+02 2.45966196906950e+02 2.54387156268331e+02 4.97751182995198e+02
3.21411329801642e+02 2.39781022677047e+02 2.49898297558900e+02 4.78953835052840e+02
3.21411329801642e+02 2.39781022677047e+02 2.49898297558900e+02 4.78953835052840e+02
3.06749328226205e+02 2.33295074483655e+02 2.45244438790647e+02 4.60438270865875e+02
3.06749328226205e+02 2.33295074483655e+02 2.45244438790647e+02 4.60438270865875e+02
2.92152312762804e+02 2.26508352326773e+02 2.40425579963574e+02 4.42204490434303e+02
2.92152312762804e+02 2.26508352326773e+02 2.40425579963574e+02 4.42204490434303e+02
2.77620283411441e+02 2.19420856206402e+02 2.35441721077680e+02 4.24252493758124e+02
2.77620283411441e+02 2.19420856206402e+02 2.35441721077680e+02 4.24252493758124e+02
2.63153240172116e+02 2.12032586122542e+02 2.30292862132965e+02 4.06582280837337e+02
2.63153240172116e+02 2.12032586122542e+02 2.30292862132965e+02 4.06582280837337e+02
2.48965233884150e+02 2.04243265423326e+02 2.24839788326590e+02 3.89345807143627e+02
2.48965233884150e+02 2.04243265423326e+02 2.24839788326590e+02 3.89345807143627e+02
2.35135203469728e+02 1.96015913497775e+02 2.19031159208207e+02 3.72599111705816e+02
2.35135203469728e+02 1.96015913497775e+02 2.19031159208207e+02 3.72599111705816e+02
2.21629419164167e+02 1.87506641162380e+02 2.12952614816617e+02 3.56195940201828e+02
2.21629419164167e+02 1.87506641162380e+02 2.12952614816617e+02 3.56195940201828e+02
2.08416624620113e+02 1.78860111564140e+02 2.06683515171839e+02 3.40000763198347e+02
2.08416624620113e+02 1.78860111564140e+02 2.06683515171839e+02 3.40000763198347e+02
1.95496819837565e+02 1.70076324703054e+02 2.00223860273875e+02 3.24013580695373e+02
1.95496819837565e+02 1.70076324703054e+02 2.00223860273875e+02 3.24013580695373e+02
1.82870004816523e+02 1.61155280579123e+02 1.93573650122724e+02 3.08234392692904e+02
1.82870004816523e+02 1.61155280579123e+02 1.93573650122724e+02 3.08234392692904e+02
1.70536179556986e+02 1.52096979192347e+02 1.86732884718386e+02 2.92663199190942e+02
1.70536179556986e+02 1.52096979192347e+02 1.86732884718386e+02 2.92663199190942e+02
1.58495344058956e+02 1.42901420542725e+02 1.79701564060861e+02 2.77300000189487e+02
1.58495344058956e+02 1.42901420542725e+02 1.79701564060861e+02 2.77300000189487e+02
1.47038170136458e+02 1.33748446154452e+02 1.72358741755952e+02 2.62224040475518e+02
1.47038170136458e+02 1.33748446154452e+02 1.72358741755952e+02 2.62224040475518e+02
1.36182515940737e+02 1.24649105042204e+02 1.64696987158870e+02 2.47440188651090e+02
1.36182515940737e+02 1.24649105042204e+02 1.64696987158870e+02 2.47440188651090e+02
1.25714330632471e+02 1.15703673857846e+02 1.56855515072456e+02 2.32796489244521e+02
1.25714330632471e+02 1.15703673857846e+02 1.56855515072456e+02 2.32796489244521e+02
1.15554675289475e+02 1.06949133212358e+02 1.48885665947056e+02 2.18236903226987e+02
1.15554675289475e+02 1.06949133212358e+02 1.48885665947056e+02 2.18236903226987e+02
1.05703549911750e+02 9.83854831057389e+01 1.40787439782671e+02 2.03761430598488e+02
1.05703549911750e+02 9.83854831057389e+01 1.40787439782671e+02 2.03761430598488e+02
9.61609544992965e+01 9.00127235379896e+01 1.32560836579300e+02 1.89370071359025e+02
9.61609544992965e+01 9.00127235379896e+01 1.32560836579300e+02 1.89370071359025e+02
8.69268890521135e+01 8.18308545091097e+01 1.24205856336944e+02 1.75062825508597e+02
8.69268890521135e+01 8.18308545091097e+01 1.24205856336944e+02 1.75062825508597e+02
7.80631215997248e+01 7.38946282917577e+01 1.15739232010564e+02 1.60902634546428e+02
7.80631215997248e+01 7.38946282917577e+01 1.15739232010564e+02 1.60902634546428e+02
6.99098556366576e+01 6.65056072740397e+01 1.07253124703497e+02 1.47236165156755e+02
6.99098556366576e+01 6.65056072740397e+01 1.07253124703497e+02 1.47236165156755e+02
6.24670911629116e+01 5.96637914559555e+01 9.87475344157418e+01 1.34063417339578e+02
6.24670911629116e+01 5.96637914559555e+01 9.87475344157418e+01 1.34063417339578e+02
5.54441563644602e+01 5.31893393133116e+01 9.03434075414957e+01 1.21305146307917e+02
5.54441563644602e+01 5.31893393133116e+01 9.03434075414957e+01 1.21305146307917e+02
4.88231930900592e+01 4.70712018314321e+01 8.20481747255473e+01 1.08956483459717e+02
4.88231930900592e+01 4.70712018314321e+01 8.20481747255473e+01 1.08956483459717e+02
4.26042013397086e+01 4.13093790103172e+01 7.38618359678965e+01 9.70174287949784e+01
4.26042013397086e+01 4.13093790103172e+01 7.38618359678965e+01 9.70174287949784e+01
3.67871811134085e+01 3.59038708499666e+01 6.57843912685432e+01 8.54879823137002e+01
3.67871811134085e+01 3.59038708499666e+01 6.57843912685432e+01 8.54879823137002e+01
3.13721324111588e+01 3.08546773503805e+01 5.78158406274875e+01 7.43681440158829e+01
3.13721324111588e+01 3.08546773503805e+01 5.78158406274875e+01 7.43681440158829e+01
2.64781790751745e+01 2.62684294416893e+01 5.01522094918218e+01 6.39199328113157e+01
2.64781790751745e+01 2.62684294416893e+01 5.01522094918218e+01 6.39199328113157e+01
2.23123791342307e+01 2.23304702910436e+01 4.31342243014421e+01 5.45987832960786e+01
2.23123791342307e+01 2.23304702910436e+01 4.31342243014421e+01 5.45987832960786e+01
1.88129645588037e+01 1.89860476257846e+01 3.67451521013867e+01 4.63417539709477e+01
1.88129645588037e+01 1.89860476257846e+01 3.67451521013867e+01 4.63417539709477e+01
1.56397318543666e+01 1.59335990578066e+01 3.08928317883195e+01 3.88021781516861e+01
1.56397318543666e+01 1.59335990578066e+01 3.08928317883195e+01 3.88021781516861e+01
1.27926810209195e+01 1.31731245871095e+01 2.55772633622409e+01 3.19800558382938e+01
1.27926810209195e+01 1.31731245871095e+01 2.55772633622409e+01 3.19800558382938e+01
1.02718120584624e+01 1.07046242136933e+01 2.07984468231506e+01 2.58753870307708e+01
1.02718120584624e+01 1.07046242136933e+01 2.07984468231506e+01 2.58753870307708e+01
8.07712496699517e+00 8.52809793755791e+00 1.65563821710487e+01 2.04881717291171e+01
8.07712496699517e+00 8.52809793755791e+00 1.65563821710487e+01 2.04881717291171e+01
6.20861974651789e+00 6.64354575870347e+00 1.28510694059353e+01 1.58184099333326e+01
6.20861974651789e+00 6.64354575870347e+00 1.28510694059353e+01 1.58184099333326e+01
4.71642719439034e+00 5.10738632161428e+00 9.80895005324743e+00 1.20182407248268e+01
4.71642719439034e+00 5.10738632161428e+00 9.80895005324743e+00 1.20182407248268e+01
3.63733583095492e+00 3.96102248759745e+00 7.52281331394864e+00 9.19931147380071e+00
3.63733583095492e+00 3.96102248759745e+00 7.52281331394864e+00 9.19931147380071e+00
2.85222181399656e+00 3.09782332652246e+00 5.79663374094645e+00 7.09960327046507e+00
2.85222181399656e+00 3.09782332652246e+00 5.79663374094645e+00 7.09960327046507e+00
2.15402711474037e+00 2.33244567123894e+00 4.28968489434487e+00 5.26368151873986e+00
2.15402711474037e+00 2.33244567123894e+00 4.28968489434487e+00 5.26368151873986e+00
1.80710441263472e+00 1.95220425460816e+00 3.54169543766157e+00 4.35232035590554e+00
1.80710441263472e+00 1.95220425460816e+00 3.54169543766157e+00 4.35232035590554e+00
1.11325900842342e+00 1.19172142134660e+00 2.04571652429497e+00 2.52959803023693e+00
1.11325900842342e+00 1.19172142134660e+00 2.04571652429497e+00 2.52959803023693e+00
4.19413604212128e-01 4.31238588085045e-01 5.49737610928368e-01 7.06875704568318e-01
4.19413604212128e-01 4.31238588085045e-01 5.49737610928368e-01 7.06875704568318e-01
0.00000000000000e+00 0.00000000000000e+00 0.00000000000000e+00 0.00000000000000e+00
0.00000000000000e+00 0.00000000000000e+00 0.00000000000000e+00 0.00000000000000e+00
0.00000000000000e+00 0.00000000000000e+00 0.00000000000000e+00 0.00000000000000e+00
0.00000000000000e+00 0.00000000000000e+00 0.00000000000000e+00 0.00000000000000e+00
---