PdfType: central
Format: lhagrid1
---
0.0001  0.00010429532461863897  0.0001087751473730729  0.00011344739305714942  0.00011832032686033726  0.00012340256898882342  0.00012870310991463342  0.00013423132627975076  0.00013999699748337048  0.00014601032298162906  0.0001522819403304134  0.0001588229440031669  0.0001656449050169821  0.00017275989140169766  0.0001801804895482089  0.0001879198264737575  0.00019599159304358843  0.00020441006819005238  0.0002131901441719966  0.00022234735291912848  0.00023189789350795586  0.00024185866081790827  0.00025224727541833065  0.0002630821147392205  0.0002743823455808502  0.0002861679580197835  0.000298459800771264  0.0003112796180705332  0.00032465008813832217  0.0003385948632985606  0.000353138611819271  0.00036830706155066437  0.0003841270454376358  0.00040062654898716905  0.00041783475977461904  0.00043578211907644967  0.00045450037572076693  0.0004740226422509076  0.0004943834535014343  0.0005156188276901594  0.0005377663301342724  0.0005608651397032811  0.0005849561181263205  0.0006100818822764358  0.0006362868795597115  0.0006636174665426095  0.0006921219909566031  0.000721850877225177  0.0007528567156644912  0.0007851943555155049  0.0008189210019721267  0.0008540963173770411  0.000890782526764226  0.000929044527934864  0.0009689500062613694  0.0010105695544226187  0.0010539767972822035  0.0010992485221306084  0.0011464648145217105  0.0011957091999438964  0.0012470687915764175  0.0013006344443923627  0.0013565009158808474  0.0014147670336727418  0.0014755358703664753  0.0015389149258631751  0.0016050163175336874  0.001673956978553886  0.001745858864759136  0.0018208491703838258  0.0018990605530676075  0.001980631368526384  0.0020657059153031832  0.002154434690031882  0.002246974653665322  0.0023434895091387887  0.0024441499909600485  0.002549134167238217  0.0026586277546857403  0.002772824447150728  0.002891926258260833  0.003016143878784795  0.0031456970493438136  0.003280814949132081  0.0034217366013341386  0.0035687112959562244  0.0037219990308195853  0.0038818709714958863  0.004048609930998349  0.004222510870077183  0.004403881419004318  0.0045930424217704826  0.0047903285036573215  0.0049960886631885935  0.005210686889507569  0.005434502806272785  0.0056679323432112455  0.005911388436516999  0.006165301759334096  0.0064301214836161615  0.006706316074710319  0.006994374120071094  0.007294805193570227  0.00760814075693141  0.007934935099884589  0.008275766320702958  0.008631237348857151  0.009001977011595783  0.009388641146339076  0.009791913760853446  0.01021250824325929  0.01065116862401255  0.01110867089209251  0.01158582436772414  0.01208347313406328  0.012602497530377338  0.013143815709363004  0.013708385261355807  0.014297204908304714  0.014911316270508398  0.015551805709238663  0.01621980624851049  0.01691649957939832  0.01764311815044419  0.01840094734785578  0.01919132776935102  0.02001565759567167  0.020875395063961057  0.021772061047381518  0.0227072417455348  0.023682591490444646  0.024699835673065437  0.025760773795493984  0.02686728265428373  0.028021319660492525  0.02922492630233721  0.030480231756580593  0.03178945665503921  0.0331549170128747  0.034579028325618065  0.03606430984217448  0.03761338902136763  0.03922900617990692  0.0409140193399999  0.042671409285185626  0.044504284833332394  0.046415888336127774  0.04840960141478949  0.05048895094214394  0.05265761528165439  0.05491943079443554  0.05727839862576538  0.05973869178310004  0.06230466251811238  0.06498085002581286  0.06777198847437253  0.07068301537985341  0.07371908034066062  0.07688555414716733  0.08018803828262767  0.08363237483218501  0.08722465681750427  0.09097123897530998  0.09487874899889745  0.09895409926250376  0.10320449904927852  0.1076374673044853  0.11226084593649444  0.11708281368909704  0.12211190060968001  0.12735700313885567  0.13282739984823985  0.1385327678542193  0.14448319993674355  0.150689222393424  0.15716181366052454  0.16391242373378453  0.1709529944234296  0.17829598047919984  0.18595437162276682  0.1939417155265149  0.20227214177933603  0.21096038688183238  0.22002182031514395  0.2294724717295179  0.2393290593007152  0.24960901930441615  0.26033053696094227  0.2715125786048606  0.28317492523637666  0.2953382075138675  0.308023942249458  0.32125457047220124  0.33505349712619653  0.3494451324738692  0.3644549352776552  0.38010945783648104  0.3964363929567065  0.41346462294062064  0.4312242706791523  0.44974675293918026  0.4690648359397062  0.48921269331520334  0.5102259665686786  0.5321418281213915  0.5549990470707652  0.578838057772808  0.6037010313703756  0.6296319503938047  0.6566766865658864  0.6848830819488142  0.7143010335766556  0.7449825817230663  0.7769820019603892  0.8103559011729886  0.8451633176946665  0.8814658257473112  0.9193276443655247  0.9588157509999117  1.0  
0.1e+001 0.1e+007
-14 -12 12 14
3.18810211710711e+10 0.00000000000000e+00 1.66620208412815e+08 9.28196699082637e+09
3.18810211710711e+10 0.00000000000000e+00 1.66620208412815e+08 9.28196699082637e+09
3.19157765504052e+10 1.44232165006611e+00 1.70495140254872e+08 9.47650565095280e+09
3.19157765504052e+10 1.44232165006611e+00 1.70495140254872e+08 9.47650565095280e+09
3.19505319297394e+10 3.55573994543130e+00 1.74370072096929e+08 9.67104431107923e+09
3.19505319297394e+10 3.55573994543130e+00 1.74370072096929e+08 9.67104431107923e+09
3.19852873090735e+10 5.66915824079649e+00 1.78245003938985e+08 9.86558297120567e+09
3.19852873090735e+10 5.66915824079649e+00 1.78245003938985e+08 9.86558297120567e+09
3.20200426884077e+10 7.78257653616168e+00 1.82119935781042e+08 1.00601216313321e+10
3.20200426884077e+10 7.78257653616168e+00 1.82119935781042e+08 1.00601216313321e+10
3.20721946851165e+10 1.15367441052281e+01 1.87976366549723e+08 1.03539270812537e+10
3.20721946851165e+10 1.15367441052281e+01 1.87976366549723e+08 1.03539270812537e+10
3.21070067371581e+10 1.50573778594777e+01 1.91978774308854e+08 1.05542659932420e+10
3.21070067371581e+10 1.50573778594777e+01 1.91978774308854e+08 1.05542659932420e+10
3.21418565751691e+10 1.96523929052344e+01 1.96066401652576e+08 1.07584812778706e+10
3.21418565751691e+10 1.96523929052344e+01 1.96066401652576e+08 1.07584812778706e+10
3.21767442401635e+10 2.56496549735323e+01 2.00241063083068e+08 1.09666479393645e+10
3.21767442401635e+10 2.56496549735323e+01 2.00241063083068e+08 1.09666479393645e+10
3.22116697731997e+10 3.34770836016624e+01 2.04504611737033e+08 1.11788424332111e+10
3.22116697731997e+10 3.34770836016624e+01 2.04504611737033e+08 1.11788424332111e+10
3.22466332153807e+10 4.36931852545055e+01 2.08858940208309e+08 1.13951426942409e+10
3.22466332153807e+10 4.36931852545055e+01 2.08858940208309e+08 1.13951426942409e+10
3.22816346078542e+10 5.70269041473414e+01 2.13305981387991e+08 1.16156281652512e+10
3.22816346078542e+10 5.70269041473414e+01 2.13305981387991e+08 1.16156281652512e+10
3.23166739918125e+10 7.44296342252760e+01 2.17847709322446e+08 1.18403798261839e+10
3.23166739918125e+10 7.44296342252760e+01 2.17847709322446e+08 1.18403798261839e+10
3.23517514084926e+10 9.71431034831414e+01 2.22486140089595e+08 1.20694802238679e+10
3.23517514084926e+10 9.71431034831414e+01 2.22486140089595e+08 1.20694802238679e+10
3.23868668991763e+10 1.26787974340624e+02 2.27223332693848e+08 1.23030135023369e+10
3.23868668991763e+10 1.26787974340624e+02 2.27223332693848e+08 1.23030135023369e+10
3.24220205051901e+10 1.65479481929342e+02 2.32061389980102e+08 1.25410654337339e+10
3.24220205051901e+10 1.65479481929342e+02 2.32061389980102e+08 1.25410654337339e+10
3.24572122679055e+10 2.15978361370740e+02 2.37002459567195e+08 1.27837234498134e+10
3.24572122679055e+10 2.15978361370740e+02 2.37002459567195e+08 1.27837234498134e+10
3.24924422287389e+10 2.81887833080767e+02 2.42048734801236e+08 1.30310766740536e+10
3.24924422287389e+10 2.81887833080767e+02 2.42048734801236e+08 1.30310766740536e+10
3.25277104291515e+10 3.67910701491856e+02 2.47202455729234e+08 1.32832159543894e+10
3.25277104291515e+10 3.67910701491856e+02 2.47202455729234e+08 1.32832159543894e+10
3.25630169106496e+10 4.80184911824292e+02 2.52465910093457e+08 1.35402338965793e+10
3.25630169106496e+10 4.80184911824292e+02 2.52465910093457e+08 1.35402338965793e+10
3.25983617147846e+10 6.26721507715664e+02 2.57841434346964e+08 1.38022248982177e+10
3.25983617147846e+10 6.26721507715664e+02 2.57841434346964e+08 1.38022248982177e+10
3.26337448831530e+10 8.17976239072501e+02 2.63331414690758e+08 1.40692851834049e+10
3.26337448831530e+10 8.17976239072501e+02 2.63331414690758e+08 1.40692851834049e+10
3.26691664573963e+10 1.06759560578341e+03 2.68938288133023e+08 1.43415128380887e+10
3.26691664573963e+10 1.06759560578341e+03 2.68938288133023e+08 1.43415128380887e+10
3.27046264792014e+10 1.39339056936471e+03 2.74664543570918e+08 1.46190078460893e+10
3.27046264792014e+10 1.39339056936471e+03 2.74664543570918e+08 1.46190078460893e+10
3.27401249903003e+10 1.81860740928191e+03 2.80512722895395e+08 1.49018721258211e+10
3.27401249903003e+10 1.81860740928191e+03 2.80512722895395e+08 1.49018721258211e+10
3.27756620324703e+10 2.37358640270041e+03 2.86485422119552e+08 1.51902095677258e+10
3.27756620324703e+10 2.37358640270041e+03 2.86485422119552e+08 1.51902095677258e+10
3.28112376475343e+10 3.09792667858363e+03 2.92585292531006e+08 1.54841260724290e+10
3.28112376475343e+10 3.09792667858363e+03 2.92585292531006e+08 1.54841260724290e+10
3.28468518773601e+10 4.04331171385275e+03 2.98815041868798e+08 1.57837295896352e+10
3.28468518773601e+10 4.04331171385275e+03 2.98815041868798e+08 1.57837295896352e+10
3.28825047638615e+10 5.27719707777374e+03 3.05177435525367e+08 1.60891301577763e+10
3.28825047638615e+10 5.27719707777374e+03 3.05177435525367e+08 1.60891301577763e+10
3.29181963489974e+10 6.88762355428873e+03 3.11675297774105e+08 1.64004399444256e+10
3.29181963489974e+10 6.88762355428873e+03 3.11675297774105e+08 1.64004399444256e+10
3.29539266747723e+10 8.98949907051908e+03 3.18311513023060e+08 1.67177732874955e+10
3.29539266747723e+10 8.98949907051908e+03 3.18311513023060e+08 1.67177732874955e+10
3.29896957832366e+10 1.17327976626342e+04 3.25089027095327e+08 1.70412467372312e+10
3.29896957832366e+10 1.17327976626342e+04 3.25089027095327e+08 1.70412467372312e+10
3.30255037164859e+10 1.53132604956559e+04 3.32010848536696e+08 1.73709790990172e+10
3.30255037164859e+10 1.53132604956559e+04 3.32010848536696e+08 1.73709790990172e+10
3.30613505166617e+10 1.99863624815265e+04 3.39080049951160e+08 1.77070914770124e+10
3.30613505166617e+10 1.99863624815265e+04 3.39080049951160e+08 1.77070914770124e+10
3.30972362259514e+10 2.60855410483150e+04 3.46299769364834e+08 1.80497073186292e+10
3.30972362259514e+10 2.60855410483150e+04 3.46299769364834e+08 1.80497073186292e+10
3.31331608865879e+10 3.40459877284961e+04 3.53673211618940e+08 1.83989524598732e+10
3.31331608865879e+10 3.40459877284961e+04 3.53673211618940e+08 1.83989524598732e+10
3.31691245408502e+10 4.44357001551929e+04 3.61203649792433e+08 1.87549551715602e+10
3.31691245408502e+10 4.44357001551929e+04 3.61203649792433e+08 1.87549551715602e+10
3.32051272310630e+10 5.79960101034038e+04 3.68894426654923e+08 1.91178462064279e+10
3.32051272310630e+10 5.79960101034038e+04 3.68894426654923e+08 1.91178462064279e+10
3.32411689995969e+10 7.56944793525671e+04 3.76748956150541e+08 1.94877588471583e+10
3.32411689995969e+10 7.56944793525671e+04 3.76748956150541e+08 1.94877588471583e+10
3.32772498888687e+10 9.87939376215800e+04 3.84770724913385e+08 1.98648289553301e+10
3.32772498888687e+10 9.87939376215800e+04 3.84770724913385e+08 1.98648289553301e+10
3.33133699413412e+10 1.28942588604325e+05 3.92963293815244e+08 2.02491950213178e+10
3.33133699413412e+10 1.28942588604325e+05 3.92963293815244e+08 2.02491950213178e+10
3.33495291995231e+10 1.68291613395036e+05 4.01330299546274e+08 2.06409982151567e+10
3.33495291995231e+10 1.68291613395036e+05 4.01330299546274e+08 2.06409982151567e+10
3.33857277059694e+10 2.19648662599862e+05 4.09875456229327e+08 2.10403824383917e+10
3.33857277059694e+10 2.19648662599862e+05 4.09875456229327e+08 2.10403824383917e+10
3.34219655032813e+10 2.86678189177852e+05 4.18602557068654e+08 2.14474943769293e+10
3.34219655032813e+10 2.86678189177852e+05 4.18602557068654e+08 2.14474943769293e+10
3.34582426341062e+10 3.74162916256900e+05 4.27515476033711e+08 2.18624835549127e+10
3.34582426341062e+10 3.74162916256900e+05 4.27515476033711e+08 2.18624835549127e+10
3.34945591411378e+10 4.88345096302444e+05 4.36618169578824e+08 2.22855023896392e+10
3.34945591411378e+10 4.88345096302444e+05 4.36618169578824e+08 2.22855023896392e+10
3.35309150671160e+10 6.37371911327797e+05 4.45914678399456e+08 2.27167062475394e+10
3.35309150671160e+10 6.37371911327797e+05 4.45914678399456e+08 2.27167062475394e+10
3.35673104548274e+10 8.31876794556883e+05 4.55409129225881e+08 2.31562535012409e+10
3.35673104548274e+10 8.31876794556883e+05 4.55409129225881e+08 2.31562535012409e+10
3.36037453471048e+10 1.08573815228317e+06 4.65105736655042e+08 2.36043055877351e+10
3.36037453471048e+10 1.08573815228317e+06 4.65105736655042e+08 2.36043055877351e+10
3.36402197868275e+10 1.41706962261304e+06 4.75008805021416e+08 2.40610270676699e+10
3.36402197868275e+10 1.41706962261304e+06 4.75008805021416e+08 2.40610270676699e+10
3.36767338169214e+10 1.84951252851336e+06 4.85122730307712e+08 2.45265856857895e+10
3.36767338169214e+10 1.84951252851336e+06 4.85122730307712e+08 2.45265856857895e+10
3.37132874803590e+10 2.41392274489676e+06 4.95452002096252e+08 2.50011524325436e+10
3.37132874803590e+10 2.41392274489676e+06 4.95452002096252e+08 2.50011524325436e+10
3.37498808201595e+10 3.15057234189901e+06 5.06001205561904e+08 2.54849016068892e+10
3.37498808201595e+10 3.15057234189901e+06 5.06001205561904e+08 2.54849016068892e+10
3.37865138793887e+10 4.11202309706210e+06 5.16775023507443e+08 2.59780108803066e+10
3.37865138793887e+10 4.11202309706210e+06 5.16775023507443e+08 2.59780108803066e+10
3.38231867011591e+10 5.36687690865097e+06 5.27778238442253e+08 2.64806613620552e+10
3.38231867011591e+10 5.36687690865097e+06 5.27778238442253e+08 2.64806613620552e+10
3.38598993286302e+10 7.00467071140480e+06 5.39015734705290e+08 2.69930376656909e+10
3.38598993286302e+10 7.00467071140480e+06 5.39015734705290e+08 2.69930376656909e+10
3.38966518050081e+10 9.14226515911381e+06 5.50492500633243e+08 2.75153279768711e+10
3.38966518050081e+10 9.14226515911381e+06 5.50492500633243e+08 2.75153279768711e+10
3.39334441735460e+10 1.19321829223838e+07 5.62213630774861e+08 2.80477241224717e+10
3.39334441735460e+10 1.19321829223838e+07 5.62213630774861e+08 2.80477241224717e+10
3.39702764775438e+10 1.55734915598345e+07 5.74184328152434e+08 2.85904216410411e+10
3.39702764775438e+10 1.55734915598345e+07 5.74184328152434e+08 2.85904216410411e+10
3.40071487603488e+10 2.03260074826093e+07 5.86409906571415e+08 2.91436198546179e+10
3.40071487603488e+10 2.03260074826093e+07 5.86409906571415e+08 2.91436198546179e+10
3.40440610653549e+10 2.65288345003269e+07 5.98895792979225e+08 2.97075219419377e+10
3.40440610653549e+10 2.65288345003269e+07 5.98895792979225e+08 2.97075219419377e+10
3.40810134360033e+10 3.46245597197524e+07 6.11647529874283e+08 3.02823350130567e+10
3.40810134360033e+10 3.46245597197524e+07 6.11647529874283e+08 3.02823350130567e+10
3.41180059157826e+10 4.51908332336245e+07 6.24670777766323e+08 3.08682701854192e+10
3.41180059157826e+10 4.51908332336245e+07 6.24670777766323e+08 3.08682701854192e+10
3.41550467084173e+10 6.33010307469282e+07 6.38037001580775e+08 3.14681895149396e+10
3.41550467084173e+10 6.33010307469282e+07 6.38037001580775e+08 3.14681895149396e+10
3.41921391907899e+10 9.25140090992291e+07 6.51779982203273e+08 3.20834317208865e+10
3.41921391907899e+10 9.25140090992291e+07 6.51779982203273e+08 3.20834317208865e+10
3.42292793628698e+10 1.32733521297758e+08 6.65874008714351e+08 3.27129382279384e+10
3.42292793628698e+10 1.32733521297758e+08 6.65874008714351e+08 3.27129382279384e+10
3.42664632202850e+10 1.83833948942321e+08 6.80292822755599e+08 3.33556299783203e+10
3.42664632202850e+10 1.83833948942321e+08 6.80292822755599e+08 3.33556299783203e+10
3.43036867543168e+10 2.45651339040582e+08 6.95009606873552e+08 3.40104070354878e+10
3.43036867543168e+10 2.45651339040582e+08 6.95009606873552e+08 3.40104070354878e+10
3.43409459518954e+10 3.17971705555039e+08 7.09996972615388e+08 3.46761481801412e+10
3.43409459518954e+10 3.17971705555039e+08 7.09996972615388e+08 3.46761481801412e+10
3.43782367955952e+10 4.00515760968007e+08 7.25226948371170e+08 3.53517104984250e+10
3.43782367955952e+10 4.00515760968007e+08 7.25226948371170e+08 3.53517104984250e+10
3.44155552636299e+10 4.92918988423872e+08 7.40670966957213e+08 3.60359289621574e+10
3.44155552636299e+10 4.92918988423872e+08 7.40670966957213e+08 3.60359289621574e+10
3.45756021610861e+10 5.90106312273733e+08 7.62079401214299e+08 3.67449946643256e+10
3.45756021610861e+10 5.90106312273733e+08 7.62079401214299e+08 3.67449946643256e+10
3.48952417295489e+10 6.90074866336869e+08 7.91158995402639e+08 3.74829187029513e+10
3.48952417295489e+10 6.90074866336869e+08 7.91158995402639e+08 3.74829187029513e+10
3.53744617739325e+10 7.87694774057134e+08 8.27813634553856e+08 3.82458202527040e+10
3.53744617739325e+10 7.87694774057134e+08 8.27813634553856e+08 3.82458202527040e+10
3.60132549216614e+10 8.79333435547745e+08 8.71984362888687e+08 3.90313221126533e+10
3.60132549216614e+10 8.79333435547745e+08 8.71984362888687e+08 3.90313221126533e+10
3.68116211727354e+10 9.64990850808702e+08 9.23671180407133e+08 3.98394242827992e+10
3.68116211727354e+10 9.64990850808702e+08 9.23671180407133e+08 3.98394242827992e+10
3.77695605271545e+10 1.04466701984000e+09 9.82874087109193e+08 4.06701267631417e+10
3.77695605271545e+10 1.04466701984000e+09 9.82874087109193e+08 4.06701267631417e+10
3.88870729849189e+10 1.11836194264165e+09 1.04959308299487e+09 4.15234295536808e+10
3.88870729849189e+10 1.11836194264165e+09 1.04959308299487e+09 4.15234295536808e+10
4.01641585460284e+10 1.18607561921365e+09 1.12382816806416e+09 4.23993326544165e+10
4.01641585460284e+10 1.18607561921365e+09 1.12382816806416e+09 4.23993326544165e+10
4.16585278174369e+10 1.25196473462980e+09 1.19487239393408e+09 4.35053878342759e+10
4.16585278174369e+10 1.25196473462980e+09 1.19487239393408e+09 4.35053878342759e+10
4.33713284787800e+10 1.31611195207913e+09 1.26251283360094e+09 4.48457226349907e+10
4.33713284787800e+10 1.31611195207913e+09 1.26251283360094e+09 4.48457226349907e+10
4.51798556988195e+10 1.38311659183442e+09 1.32096993878551e+09 4.64029583931742e+10
4.51798556988195e+10 1.38311659183442e+09 1.32096993878551e+09 4.64029583931742e+10
4.70472412054485e+10 1.45436057985255e+09 1.36850716858341e+09 4.81718734620164e+10
4.70472412054485e+10 1.45436057985255e+09 1.36850716858341e+09 4.81718734620164e+10
4.89734849986671e+10 1.52984391613352e+09 1.40512452299463e+09 5.01524678415175e+10
4.89734849986671e+10 1.52984391613352e+09 1.40512452299463e+09 5.01524678415175e+10
5.09585870784751e+10 1.60956660067732e+09 1.43082200201916e+09 5.23447415316774e+10
5.09585870784751e+10 1.60956660067732e+09 1.43082200201916e+09 5.23447415316774e+10
5.30025474448727e+10 1.69352863348396e+09 1.44559960565702e+09 5.47486945324960e+10
5.30025474448727e+10 1.69352863348396e+09 1.44559960565702e+09 5.47486945324960e+10
5.51064848927972e+10 1.78394183586858e+09 1.46074259297799e+09 5.73779411135108e+10
5.51064848927972e+10 1.78394183586858e+09 1.46074259297799e+09 5.73779411135108e+10
5.72751063163605e+10 1.89011158487177e+09 1.52372929775453e+09 6.02897580132671e+10
5.72751063163605e+10 1.89011158487177e+09 1.52372929775453e+09 6.02897580132671e+10
5.95084117155625e+10 2.01203788049353e+09 1.63455971998664e+09 6.34841452317649e+10
5.95084117155625e+10 2.01203788049353e+09 1.63455971998664e+09 6.34841452317649e+10
6.17486904834495e+10 2.14556403766005e+09 1.80394080805729e+09 6.67535510000772e+10
6.17486904834495e+10 2.14556403766005e+09 1.80394080805729e+09 6.67535510000772e+10
6.39947949403857e+10 2.29060739318230e+09 2.03208548897019e+09 7.00938477764723e+10
6.39947949403857e+10 2.29060739318230e+09 2.03208548897019e+09 7.00938477764723e+10
6.62467250863711e+10 2.44716794706028e+09 2.31899376272533e+09 7.35050355609501e+10
6.62467250863711e+10 2.44716794706028e+09 2.31899376272533e+09 7.35050355609501e+10
6.85044809214057e+10 2.61524569929399e+09 2.66466562932272e+09 7.69871143535107e+10
6.85044809214057e+10 2.61524569929399e+09 2.66466562932272e+09 7.69871143535107e+10
7.07680624454895e+10 2.79484064988343e+09 3.06910108876236e+09 8.05400841541540e+10
7.07680624454895e+10 2.79484064988343e+09 3.06910108876236e+09 8.05400841541540e+10
7.30712908364019e+10 2.98405338908005e+09 3.50427494626985e+09 8.41040962229132e+10
7.30712908364019e+10 2.98405338908005e+09 3.50427494626985e+09 8.41040962229132e+10
7.54641459147576e+10 3.18007703182723e+09 3.92877249368037e+09 8.75907080665349e+10
7.54641459147576e+10 3.18007703182723e+09 3.92877249368037e+09 8.75907080665349e+10
7.79455088856192e+10 3.38069975680983e+09 4.33130847192413e+09 9.09863054154817e+10
7.79455088856192e+10 3.38069975680983e+09 4.33130847192413e+09 9.09863054154817e+10
8.05106728548750e+10 3.57661618698726e+09 4.66440454722867e+09 9.42336115312081e+10
8.05106728548750e+10 3.57661618698726e+09 4.66440454722867e+09 9.42336115312081e+10
8.31596378225249e+10 3.76782632235951e+09 4.92806071959399e+09 9.73326264137143e+10
8.31596378225249e+10 3.76782632235951e+09 4.92806071959399e+09 9.73326264137143e+10
8.58924037885689e+10 3.95433016292658e+09 5.12227698902011e+09 1.00283350063000e+11
8.58924037885689e+10 3.95433016292658e+09 5.12227698902011e+09 1.00283350063000e+11
8.87089707530070e+10 4.13612770868848e+09 5.24705335550700e+09 1.03085782479066e+11
8.87089707530070e+10 4.13612770868848e+09 5.24705335550700e+09 1.03085782479066e+11
9.16093387158394e+10 4.31321895964521e+09 5.30238981905469e+09 1.05739923661911e+11
9.16093387158394e+10 4.31321895964521e+09 5.30238981905469e+09 1.05739923661911e+11
9.45242208607928e+10 4.50958119560048e+09 5.31719677331447e+09 1.08291158744398e+11
9.45242208607928e+10 4.50958119560048e+09 5.31719677331447e+09 1.08291158744398e+11
9.74102669306878e+10 4.74021613407962e+09 5.30956240688214e+09 1.10767883564111e+11
9.74102669306878e+10 4.74021613407962e+09 5.30956240688214e+09 1.10767883564111e+11
1.00233655747745e+11 5.00702318483118e+09 5.30751191453208e+09 1.13229946861018e+11
1.00233655747745e+11 5.00702318483118e+09 5.30751191453208e+09 1.13229946861018e+11
1.02944407491350e+11 5.31280923291179e+09 5.35246000442912e+09 1.15765791128372e+11
1.02944407491350e+11 5.31280923291179e+09 5.35246000442912e+09 1.15765791128372e+11
1.05542522161502e+11 5.65757427832146e+09 5.44440667657325e+09 1.18375416366173e+11
1.05542522161502e+11 5.65757427832146e+09 5.44440667657325e+09 1.18375416366173e+11
1.08027999758201e+11 6.04131832106018e+09 5.58335193096449e+09 1.21058822574421e+11
1.08027999758201e+11 6.04131832106018e+09 5.58335193096449e+09 1.21058822574421e+11
1.10400840281448e+11 6.46404136112794e+09 5.76929576760281e+09 1.23816009753117e+11
1.10400840281448e+11 6.46404136112794e+09 5.76929576760281e+09 1.23816009753117e+11
1.12661043731242e+11 6.92574339852476e+09 6.00223818648824e+09 1.26646977902259e+11
1.12661043731242e+11 6.92574339852476e+09 6.00223818648824e+09 1.26646977902259e+11
1.14759048499446e+11 7.43767530306607e+09 6.29203357688314e+09 1.29473403750877e+11
1.14759048499446e+11 7.43767530306607e+09 6.29203357688314e+09 1.29473403750877e+11
1.16684463416521e+11 8.00219595090792e+09 6.64074802649851e+09 1.32278865911167e+11
1.16684463416521e+11 8.00219595090792e+09 6.64074802649851e+09 1.32278865911167e+11
1.18506575298742e+11 8.59532806224660e+09 7.01947114168302e+09 1.35017979250267e+11
1.18506575298742e+11 8.59532806224660e+09 7.01947114168302e+09 1.35017979250267e+11
1.20268734403288e+11 9.20206991955678e+09 7.41011473384089e+09 1.37662347930593e+11
1.20268734403288e+11 9.20206991955678e+09 7.41011473384089e+09 1.37662347930593e+11
1.21970940730159e+11 9.82242152283845e+09 7.81267880297213e+09 1.40211971952145e+11
1.21970940730159e+11 9.82242152283845e+09 7.81267880297213e+09 1.40211971952145e+11
1.23613194279354e+11 1.04563828720916e+10 8.22716334907673e+09 1.42666851314921e+11
1.23613194279354e+11 1.04563828720916e+10 8.22716334907673e+09 1.42666851314921e+11
1.25195495050874e+11 1.11039539673163e+10 8.65356837215470e+09 1.45026986018923e+11
1.25195495050874e+11 1.11039539673163e+10 8.65356837215470e+09 1.45026986018923e+11
1.26713007158204e+11 1.17664260318294e+10 9.09165929178775e+09 1.47282735578194e+11
1.26713007158204e+11 1.17664260318294e+10 9.09165929178775e+09 1.47282735578194e+11
1.28044043959158e+11 1.24762904463229e+10 9.53553330125551e+09 1.49191513992954e+11
1.28044043959158e+11 1.24762904463229e+10 9.53553330125551e+09 1.49191513992954e+11
1.29188605453735e+11 1.32335472107969e+10 9.98519040055795e+09 1.50753321263205e+11
1.29188605453735e+11 1.32335472107969e+10 9.98519040055795e+09 1.50753321263205e+11
1.30196253250075e+11 1.40269454554358e+10 1.04307762004327e+10 1.52046480659918e+11
1.30196253250075e+11 1.40269454554358e+10 1.04307762004327e+10 1.52046480659918e+11
1.31077378517713e+11 1.48541263040837e+10 1.08702246131688e+10 1.53087413570895e+11
1.31077378517713e+11 1.48541263040837e+10 1.08702246131688e+10 1.53087413570895e+11
1.31831981256651e+11 1.57150897567405e+10 1.13035356387662e+10 1.53876119996137e+11
1.31831981256651e+11 1.57150897567405e+10 1.13035356387662e+10 1.53876119996137e+11
1.32460061466888e+11 1.66098358134062e+10 1.17307092772249e+10 1.54412599935644e+11
1.32460061466888e+11 1.66098358134062e+10 1.17307092772249e+10 1.54412599935644e+11
1.32961619148423e+11 1.75383644740808e+10 1.21517455285450e+10 1.54696853389416e+11
1.32961619148423e+11 1.75383644740808e+10 1.21517455285450e+10 1.54696853389416e+11
1.33298838260662e+11 1.84968084858957e+10 1.25689393373069e+10 1.54734938075359e+11
1.33298838260662e+11 1.84968084858957e+10 1.25689393373069e+10 1.54734938075359e+11
1.33358128760046e+11 1.94735515766319e+10 1.29891841500677e+10 1.54545049881515e+11
1.33358128760046e+11 1.94735515766319e+10 1.29891841500677e+10 1.54545049881515e+11
1.33144326533091e+11 2.04673025229725e+10 1.34127145472459e+10 1.54136829293841e+11
1.33144326533091e+11 2.04673025229725e+10 1.34127145472459e+10 1.54136829293841e+11
1.32779118221981e+11 2.14455699442255e+10 1.38454333355618e+10 1.53752862312115e+11
1.32779118221981e+11 2.14455699442255e+10 1.38454333355618e+10 1.53752862312115e+11
1.32262503826717e+11 2.24083538403909e+10 1.42873405150155e+10 1.53393148936338e+11
1.32262503826717e+11 2.24083538403909e+10 1.42873405150155e+10 1.53393148936338e+11
1.31594483347298e+11 2.33556542114687e+10 1.47384360856068e+10 1.53057689166508e+11
1.31594483347298e+11 2.33556542114687e+10 1.47384360856068e+10 1.53057689166508e+11
1.30775056783726e+11 2.42874710574590e+10 1.51987200473359e+10 1.52746483002627e+11
1.30775056783726e+11 2.42874710574590e+10 1.51987200473359e+10 1.52746483002627e+11
1.29804224135999e+11 2.52038043783617e+10 1.56681924002026e+10 1.52459530444694e+11
1.29804224135999e+11 2.52038043783617e+10 1.56681924002026e+10 1.52459530444694e+11
1.28670492642269e+11 2.60841193566484e+10 1.61376815195147e+10 1.52133206906208e+11
1.28670492642269e+11 2.60841193566484e+10 1.61376815195147e+10 1.52133206906208e+11
1.27360441736179e+11 2.69044366490745e+10 1.65964773253649e+10 1.51693215364741e+11
1.27360441736179e+11 2.69044366490745e+10 1.65964773253649e+10 1.51693215364741e+11
1.25911887458325e+11 2.76686235085088e+10 1.70422848731728e+10 1.51133498102385e+11
1.25911887458325e+11 2.76686235085088e+10 1.70422848731728e+10 1.51133498102385e+11
1.24438419852267e+11 2.83882962071701e+10 1.74682107163811e+10 1.50435859231099e+11
1.24438419852267e+11 2.83882962071701e+10 1.74682107163811e+10 1.50435859231099e+11
1.22940038918003e+11 2.90634547450585e+10 1.78742548549897e+10 1.49600298750883e+11
1.22940038918003e+11 2.90634547450585e+10 1.78742548549897e+10 1.49600298750883e+11
1.21416744655534e+11 2.96940991221739e+10 1.82604172889988e+10 1.48626816661737e+11
1.21416744655534e+11 2.96940991221739e+10 1.82604172889988e+10 1.48626816661737e+11
1.19868537064860e+11 3.02802293385164e+10 1.86266980184083e+10 1.47515412963661e+11
1.19868537064860e+11 3.02802293385164e+10 1.86266980184083e+10 1.47515412963661e+11
1.18295416145981e+11 3.08218453940859e+10 1.89730970432181e+10 1.46266087656655e+11
1.18295416145981e+11 3.08218453940859e+10 1.89730970432181e+10 1.46266087656655e+11
1.16613408177818e+11 3.12736593617480e+10 1.92891199158512e+10 1.44780405098347e+11
1.16613408177818e+11 3.12736593617480e+10 1.92891199158512e+10 1.44780405098347e+11
1.14781684569739e+11 3.16136519453021e+10 1.95696641649806e+10 1.43010505214249e+11
1.14781684569739e+11 3.16136519453021e+10 1.95696641649806e+10 1.43010505214249e+11
1.12811738083593e+11 3.18623579622765e+10 1.98239014152985e+10 1.41020012590861e+11
1.12811738083593e+11 3.18623579622765e+10 1.98239014152985e+10 1.41020012590861e+11
1.10716989285738e+11 3.20437567559160e+10 2.00625417467123e+10 1.38883224250612e+11
1.10716989285738e+11 3.20437567559160e+10 2.00625417467123e+10 1.38883224250612e+11
1.08497438176171e+11 3.21578483262203e+10 2.02855851592219e+10 1.36600140193502e+11
1.08497438176171e+11 3.21578483262203e+10 2.02855851592219e+10 1.36600140193502e+11
1.06153084754893e+11 3.22046326731896e+10 2.04930316528273e+10 1.34170760419533e+11
1.06153084754893e+11 3.22046326731896e+10 2.04930316528273e+10 1.34170760419533e+11
1.03683929021905e+11 3.21841097968239e+10 2.06848812275286e+10 1.31595084928702e+11
1.03683929021905e+11 3.21841097968239e+10 2.06848812275286e+10 1.31595084928702e+11
1.01089970977206e+11 3.20962796971231e+10 2.08611338833257e+10 1.28873113721011e+11
1.01089970977206e+11 3.20962796971231e+10 2.08611338833257e+10 1.28873113721011e+11
9.83504295738653e+10 3.18905718650980e+10 2.09672414169117e+10 1.25949324350985e+11
9.83504295738653e+10 3.18905718650980e+10 2.09672414169117e+10 1.25949324350985e+11
9.54625884664940e+10 3.15603760963012e+10 2.09960736889366e+10 1.22816459333514e+11
9.54625884664940e+10 3.15603760963012e+10 2.09960736889366e+10 1.22816459333514e+11
9.25104213761721e+10 3.11509803178672e+10 2.09581251469776e+10 1.19572954310968e+11
9.25104213761721e+10 3.11509803178672e+10 2.09581251469776e+10 1.19572954310968e+11
8.95347568935308e+10 3.06844038259965e+10 2.08584982623616e+10 1.16266669357838e+11
8.95347568935308e+10 3.06844038259965e+10 2.08584982623616e+10 1.16266669357838e+11
8.65355950185702e+10 3.01606466206892e+10 2.06971930350887e+10 1.12897604474123e+11
8.65355950185702e+10 3.01606466206892e+10 2.06971930350887e+10 1.12897604474123e+11
8.35129357512903e+10 2.95797087019452e+10 2.04742094651589e+10 1.09465759659822e+11
8.35129357512903e+10 2.95797087019452e+10 2.04742094651589e+10 1.09465759659822e+11
8.04667790916910e+10 2.89415900697646e+10 2.01895475525721e+10 1.05971134914937e+11
8.04667790916910e+10 2.89415900697646e+10 2.01895475525721e+10 1.05971134914937e+11
7.73991684006362e+10 2.82429213808455e+10 1.98414730694145e+10 1.02416310808349e+11
7.73991684006362e+10 2.82429213808455e+10 1.98414730694145e+10 1.02416310808349e+11
7.43293581665927e+10 2.74519534797172e+10 1.94136444717327e+10 9.88256039131508e+10
7.43293581665927e+10 2.74519534797172e+10 1.94136444717327e+10 9.88256039131508e+10
7.12573483895604e+10 2.65686863663797e+10 1.89060617595270e+10 9.51990142293421e+10
7.12573483895604e+10 2.65686863663797e+10 1.89060617595270e+10 9.51990142293421e+10
6.82039201164709e+10 2.56436905498224e+10 1.83732731361041e+10 9.15920642023975e+10
6.82039201164709e+10 2.56436905498224e+10 1.83732731361041e+10 9.15920642023975e+10
6.51717896927120e+10 2.46835762344925e+10 1.78224087408141e+10 8.80120113174274e+10
6.51717896927120e+10 2.46835762344925e+10 1.78224087408141e+10 8.80120113174274e+10
6.21609571182836e+10 2.36883434203901e+10 1.72534685736570e+10 8.44588555744317e+10
6.21609571182836e+10 2.36883434203901e+10 1.72534685736570e+10 8.44588555744317e+10
5.91714223931857e+10 2.26579921075152e+10 1.66664526346327e+10 8.09325969734105e+10
5.91714223931857e+10 2.26579921075152e+10 1.66664526346327e+10 8.09325969734105e+10
5.62031855174184e+10 2.15925222958678e+10 1.60613609237414e+10 7.74332355143638e+10
5.62031855174184e+10 2.15925222958678e+10 1.60613609237414e+10 7.74332355143638e+10
5.32767688404413e+10 2.04961323922840e+10 1.54394254112293e+10 7.39756551014089e+10
5.32767688404413e+10 2.04961323922840e+10 1.54394254112293e+10 7.39756551014089e+10
5.04383923477149e+10 1.93782779565820e+10 1.48034207134718e+10 7.05933769370408e+10
5.04383923477149e+10 1.93782779565820e+10 1.48034207134718e+10 7.05933769370408e+10
4.76860126783754e+10 1.82423283320637e+10 1.41550810583827e+10 6.72838204523763e+10
4.76860126783754e+10 1.82423283320637e+10 1.41550810583827e+10 6.72838204523763e+10
4.50003753439560e+10 1.71200326741996e+10 1.35107479899154e+10 6.40226690743240e+10
4.50003753439560e+10 1.71200326741996e+10 1.35107479899154e+10 6.40226690743240e+10
4.23814803444568e+10 1.60113909829899e+10 1.28704215080697e+10 6.08099228028840e+10
4.23814803444568e+10 1.60113909829899e+10 1.28704215080697e+10 6.08099228028840e+10
3.98293276798778e+10 1.49164032584344e+10 1.22341016128456e+10 5.76455816380563e+10
3.98293276798778e+10 1.49164032584344e+10 1.22341016128456e+10 5.76455816380563e+10
3.73439173502188e+10 1.38350695005333e+10 1.16017883042432e+10 5.45296455798408e+10
3.73439173502188e+10 1.38350695005333e+10 1.16017883042432e+10 5.45296455798408e+10
3.49252493554801e+10 1.27673897092864e+10 1.09734815822625e+10 5.14621146282376e+10
3.49252493554801e+10 1.27673897092864e+10 1.09734815822625e+10 5.14621146282376e+10
3.26053064392834e+10 1.17365115896232e+10 1.03582925156769e+10 4.84740234865772e+10
3.26053064392834e+10 1.17365115896232e+10 1.03582925156769e+10 4.84740234865772e+10
3.04137260376889e+10 1.07638854158818e+10 9.76466405489107e+09 4.55941310708076e+10
3.04137260376889e+10 1.07638854158818e+10 9.76466405489107e+09 4.55941310708076e+10
2.83299858012370e+10 9.84531278122630e+09 9.19136422965884e+09 4.28075534768112e+10
2.83299858012370e+10 9.84531278122630e+09 9.19136422965884e+09 4.28075534768112e+10
2.63078657444671e+10 8.97133812583840e+09 8.63561842360482e+09 4.00807695020932e+10
2.63078657444671e+10 8.97133812583840e+09 8.63561842360482e+09 4.00807695020932e+10
2.43473658673792e+10 8.14196144971813e+09 8.09742663672900e+09 3.74137791466538e+10
2.43473658673792e+10 8.14196144971813e+09 8.09742663672900e+09 3.74137791466538e+10
2.24484861699734e+10 7.35718275286549e+09 7.57678886903137e+09 3.48065824104928e+10
2.24484861699734e+10 7.35718275286549e+09 7.57678886903137e+09 3.48065824104928e+10
2.06112266522496e+10 6.61700203528048e+09 7.07370512051195e+09 3.22591792936102e+10
2.06112266522496e+10 6.61700203528048e+09 7.07370512051195e+09 3.22591792936102e+10
1.88355873142078e+10 5.92141929696311e+09 6.58817539117073e+09 2.97715697960061e+10
1.88355873142078e+10 5.92141929696311e+09 6.58817539117073e+09 2.97715697960061e+10
1.71738163581666e+10 5.29430841711098e+09 6.12905726142025e+09 2.74124765936411e+10
1.71738163581666e+10 5.29430841711098e+09 6.12905726142025e+09 2.74124765936411e+10
1.56451821821855e+10 4.74447374471969e+09 5.69961728164235e+09 2.52072436374525e+10
1.56451821821855e+10 4.74447374471969e+09 5.69961728164235e+09 2.52072436374525e+10
1.42177020426426e+10 4.24876757485990e+09 5.29074438306364e+09 2.31248362241097e+10
1.42177020426426e+10 4.24876757485990e+09 5.29074438306364e+09 2.31248362241097e+10
1.28617385034778e+10 3.78573963319332e+09 4.89399561527931e+09 2.11364954376650e+10
1.28617385034778e+10 3.78573963319332e+09 4.89399561527931e+09 2.11364954376650e+10
1.15772915646911e+10 3.35538991971994e+09 4.50937097828934e+09 1.92422212781182e+10
1.15772915646911e+10 3.35538991971994e+09 4.50937097828934e+09 1.92422212781182e+10
1.03643612262825e+10 2.95771843443977e+09 4.13687047209375e+09 1.74420137454693e+10
1.03643612262825e+10 2.95771843443977e+09 4.13687047209375e+09 1.74420137454693e+10
9.22294748825197e+09 2.59272517735280e+09 3.77649409669252e+09 1.57358728397185e+10
9.22294748825197e+09 2.59272517735280e+09 3.77649409669252e+09 1.57358728397185e+10
8.15305035059955e+09 2.26041014845904e+09 3.42824185208566e+09 1.41237985608656e+10
8.15305035059955e+09 2.26041014845904e+09 3.42824185208566e+09 1.41237985608656e+10
7.20532713320257e+09 1.97493837733434e+09 3.10452382617343e+09 1.26735245391452e+10
7.20532713320257e+09 1.97493837733434e+09 3.10452382617343e+09 1.26735245391452e+10
6.38289009544201e+09 1.73718012806463e+09 2.80610246380249e+09 1.13892121598538e+10
6.38289009544201e+09 1.73718012806463e+09 2.80610246380249e+09 1.13892121598538e+10
5.63349103499933e+09 1.52326152145231e+09 2.52412018456029e+09 1.02021387470309e+10
5.63349103499933e+09 1.52326152145231e+09 2.52412018456029e+09 1.02021387470309e+10
4.93786155381498e+09 1.32437820850179e+09 2.25531043806502e+09 9.08696034973906e+09
4.93786155381498e+09 1.32437820850179e+09 2.25531043806502e+09 9.08696034973906e+09
4.29600165188896e+09 1.14053018921306e+09 1.99967322431667e+09 8.04367696797832e+09
4.29600165188896e+09 1.14053018921306e+09 1.99967322431667e+09 8.04367696797832e+09
3.70791132922127e+09 9.71717463586127e+08 1.75720854331524e+09 7.07228860174868e+09
3.70791132922127e+09 9.71717463586127e+08 1.75720854331524e+09 7.07228860174868e+09
3.17359058581191e+09 8.17940031620984e+08 1.52791639506073e+09 6.17279525105013e+09
3.17359058581191e+09 8.17940031620984e+08 1.52791639506073e+09 6.17279525105013e+09
2.69685638537140e+09 6.80476246811473e+08 1.31382001530220e+09 5.35156859757294e+09
2.69685638537140e+09 6.80476246811473e+08 1.31382001530220e+09 5.35156859757294e+09
2.29873164870229e+09 5.66366973650119e+08 1.12606290136981e+09 4.64370233612595e+09
2.29873164870229e+09 5.66366973650119e+08 1.12606290136981e+09 4.64370233612595e+09
1.97921637580456e+09 4.75612212136919e+08 9.64645053263538e+08 4.04919646670918e+09
1.97921637580456e+09 4.75612212136919e+08 9.64645053263538e+08 4.04919646670918e+09
1.68765324680089e+09 3.94046932696025e+08 8.17156383083144e+08 3.50031735908817e+09
1.68765324680089e+09 3.94046932696025e+08 8.17156383083144e+08 3.50031735908817e+09
1.42093000231028e+09 3.20800871241493e+08 6.82834445981958e+08 2.99290362796628e+09
1.42093000231028e+09 3.20800871241493e+08 6.82834445981958e+08 2.99290362796628e+09
1.17904664233273e+09 2.55874027773324e+08 5.61679241959979e+08 2.52695527334350e+09
1.17904664233273e+09 2.55874027773324e+08 5.61679241959979e+08 2.52695527334350e+09
9.62003166868249e+08 1.99266402291517e+08 4.53690771017208e+08 2.10247229521984e+09
9.62003166868249e+08 1.99266402291517e+08 4.53690771017208e+08 2.10247229521984e+09
7.69799575916829e+08 1.50977994796072e+08 3.58869033153644e+08 1.71945469359529e+09
7.69799575916829e+08 1.50977994796072e+08 3.58869033153644e+08 1.71945469359529e+09
6.06502578633507e+08 1.11897163279021e+08 2.79172494694781e+08 1.38644484565574e+09
6.06502578633507e+08 1.11897163279021e+08 2.79172494694781e+08 1.38644484565574e+09
4.79180825303438e+08 8.35680289780295e+07 2.18005311930728e+08 1.11829089387433e+09
4.79180825303438e+08 8.35680289780295e+07 2.18005311930728e+08 1.11829089387433e+09
3.84017352216102e+08 6.47122383992573e+07 1.73344249112421e+08 9.08621156560810e+08
3.84017352216102e+08 6.47122383992573e+07 1.73344249112421e+08 9.08621156560810e+08
2.99989238568955e+08 4.82889270501821e+07 1.34045808909718e+08 7.22341938906320e+08
2.99989238568955e+08 4.82889270501821e+07 1.34045808909718e+08 7.22341938906320e+08
2.27096484361998e+08 3.42980949308038e+07 1.00109991322617e+08 5.59453240910863e+08
2.27096484361998e+08 3.42980949308038e+07 1.00109991322617e+08 5.59453240910863e+08
1.65339089595231e+08 2.27397420411224e+07 7.15367963511190e+07 4.19955062574441e+08
1.65339089595231e+08 2.27397420411224e+07 7.15367963511190e+07 4.19955062574441e+08
1.14717054268653e+08 1.36138683811380e+07 4.83262239952240e+07 3.03847403897051e+08
1.14717054268653e+08 1.36138683811380e+07 4.83262239952240e+07 3.03847403897051e+08
7.52303783822652e+07 6.92047395085048e+06 3.04782742549319e+07 2.11130264878695e+08
7.52303783822652e+07 6.92047395085048e+06 3.04782742549319e+07 2.11130264878695e+08
4.74643087953598e+07 2.67595662895327e+06 1.82074147447686e+07 1.43516187393505e+08
4.74643087953598e+07 2.67595662895327e+06 1.82074147447686e+07 1.43516187393505e+08
3.18483293207295e+07 8.92350010075871e+05 1.16710326721059e+07 1.02261921481213e+08
3.18483293207295e+07 8.92350010075871e+05 1.16710326721059e+07 1.02261921481213e+08
2.43157308033397e+07 6.81296102186417e+05 8.91066171145112e+06 7.88250899559443e+07
2.43157308033397e+07 6.81296102186417e+05 8.91066171145112e+06 7.88250899559443e+07
1.77978629580352e+07 4.98673667619811e+05 6.52214557269390e+06 5.83575503445399e+07
1.77978629580352e+07 4.98673667619811e+05 6.52214557269390e+06 5.83575503445399e+07
1.45643167351526e+07 4.08073781656812e+05 5.33719099520325e+06 4.81980697011852e+07
1.45643167351526e+07 4.08073781656812e+05 5.33719099520325e+06 4.81980697011852e+07
8.09722428938731e+06 2.26874009730815e+05 2.96728184022196e+06 2.78791084144758e+07
8.09722428938731e+06 2.26874009730815e+05 2.96728184022196e+06 2.78791084144758e+07
1.63013184362205e+06 4.56742378048180e+04 5.97372685240673e+05 7.56014712776643e+06
1.63013184362205e+06 4.56742378048180e+04 5.97372685240673e+05 7.56014712776643e+06
0.00000000000000e+00 0.00000000000000e+00 0.00000000000000e+00 0.00000000000000e+00
0.00000000000000e+00 0.00000000000000e+00 0.00000000000000e+00 0.00000000000000e+00
0.00000000000000e+00 0.00000000000000e+00 0.00000000000000e+00 0.00000000000000e+00
0.00000000000000e+00 0.00000000000000e+00 0.00000000000000e+00 0.00000000000000e+00
---