PdfType: central
Format: lhagrid1
---
0.0001  0.00010429532461863897  0.0001087751473730729  0.00011344739305714942  0.00011832032686033726  0.00012340256898882342  0.00012870310991463342  0.00013423132627975076  0.00013999699748337048  0.00014601032298162906  0.0001522819403304134  0.0001588229440031669  0.0001656449050169821  0.00017275989140169766  0.0001801804895482089  0.0001879198264737575  0.00019599159304358843  0.00020441006819005238  0.0002131901441719966  0.00022234735291912848  0.00023189789350795586  0.00024185866081790827  0.00025224727541833065  0.0002630821147392205  0.0002743823455808502  0.0002861679580197835  0.000298459800771264  0.0003112796180705332  0.00032465008813832217  0.0003385948632985606  0.000353138611819271  0.00036830706155066437  0.0003841270454376358  0.00040062654898716905  0.00041783475977461904  0.00043578211907644967  0.00045450037572076693  0.0004740226422509076  0.0004943834535014343  0.0005156188276901594  0.0005377663301342724  0.0005608651397032811  0.0005849561181263205  0.0006100818822764358  0.0006362868795597115  0.0006636174665426095  0.0006921219909566031  0.000721850877225177  0.0007528567156644912  0.0007851943555155049  0.0008189210019721267  0.0008540963173770411  0.000890782526764226  0.000929044527934864  0.0009689500062613694  0.0010105695544226187  0.0010539767972822035  0.0010992485221306084  0.0011464648145217105  0.0011957091999438964  0.0012470687915764175  0.0013006344443923627  0.0013565009158808474  0.0014147670336727418  0.0014755358703664753  0.0015389149258631751  0.0016050163175336874  0.001673956978553886  0.001745858864759136  0.0018208491703838258  0.0018990605530676075  0.001980631368526384  0.0020657059153031832  0.002154434690031882  0.002246974653665322  0.0023434895091387887  0.0024441499909600485  0.002549134167238217  0.0026586277546857403  0.002772824447150728  0.002891926258260833  0.003016143878784795  0.0031456970493438136  0.003280814949132081  0.0034217366013341386  0.0035687112959562244  0.0037219990308195853  0.0038818709714958863  0.004048609930998349  0.004222510870077183  0.004403881419004318  0.0045930424217704826  0.0047903285036573215  0.0049960886631885935  0.005210686889507569  0.005434502806272785  0.0056679323432112455  0.005911388436516999  0.006165301759334096  0.0064301214836161615  0.006706316074710319  0.006994374120071094  0.007294805193570227  0.00760814075693141  0.007934935099884589  0.008275766320702958  0.008631237348857151  0.009001977011595783  0.009388641146339076  0.009791913760853446  0.01021250824325929  0.01065116862401255  0.01110867089209251  0.01158582436772414  0.01208347313406328  0.012602497530377338  0.013143815709363004  0.013708385261355807  0.014297204908304714  0.014911316270508398  0.015551805709238663  0.01621980624851049  0.01691649957939832  0.01764311815044419  0.01840094734785578  0.01919132776935102  0.02001565759567167  0.020875395063961057  0.021772061047381518  0.0227072417455348  0.023682591490444646  0.024699835673065437  0.025760773795493984  0.02686728265428373  0.028021319660492525  0.02922492630233721  0.030480231756580593  0.03178945665503921  0.0331549170128747  0.034579028325618065  0.03606430984217448  0.03761338902136763  0.03922900617990692  0.0409140193399999  0.042671409285185626  0.044504284833332394  0.046415888336127774  0.04840960141478949  0.05048895094214394  0.05265761528165439  0.05491943079443554  0.05727839862576538  0.05973869178310004  0.06230466251811238  0.06498085002581286  0.06777198847437253  0.07068301537985341  0.07371908034066062  0.07688555414716733  0.08018803828262767  0.08363237483218501  0.08722465681750427  0.09097123897530998  0.09487874899889745  0.09895409926250376  0.10320449904927852  0.1076374673044853  0.11226084593649444  0.11708281368909704  0.12211190060968001  0.12735700313885567  0.13282739984823985  0.1385327678542193  0.14448319993674355  0.150689222393424  0.15716181366052454  0.16391242373378453  0.1709529944234296  0.17829598047919984  0.18595437162276682  0.1939417155265149  0.20227214177933603  0.21096038688183238  0.22002182031514395  0.2294724717295179  0.2393290593007152  0.24960901930441615  0.26033053696094227  0.2715125786048606  0.28317492523637666  0.2953382075138675  0.308023942249458  0.32125457047220124  0.33505349712619653  0.3494451324738692  0.3644549352776552  0.38010945783648104  0.3964363929567065  0.41346462294062064  0.4312242706791523  0.44974675293918026  0.4690648359397062  0.48921269331520334  0.5102259665686786  0.5321418281213915  0.5549990470707652  0.578838057772808  0.6037010313703756  0.6296319503938047  0.6566766865658864  0.6848830819488142  0.7143010335766556  0.7449825817230663  0.7769820019603892  0.8103559011729886  0.8451633176946665  0.8814658257473112  0.9193276443655247  0.9588157509999117  1.0  
0.1e+001 0.1e+007
-14 -12 12 14
7.67062143347285e+01 4.36504062998497e-05 1.21828545927955e+00 1.02750911701471e+02
7.67062143347285e+01 4.36504062998497e-05 1.21828545927955e+00 1.02750911701471e+02
7.94208637530749e+01 6.71399453559041e-05 1.26231935566999e+00 1.05903107820950e+02
7.94208637530749e+01 6.71399453559041e-05 1.26231935566999e+00 1.05903107820950e+02
8.21355131714213e+01 9.06294844119586e-05 1.30635325206044e+00 1.09055303940429e+02
8.21355131714213e+01 9.06294844119586e-05 1.30635325206044e+00 1.09055303940429e+02
8.48501625897676e+01 1.14119023468013e-04 1.35038714845088e+00 1.12207500059908e+02
8.48501625897676e+01 1.14119023468013e-04 1.35038714845088e+00 1.12207500059908e+02
8.75648120081140e+01 1.37608562524068e-04 1.39442104484133e+00 1.15359696179387e+02
8.75648120081140e+01 1.37608562524068e-04 1.39442104484133e+00 1.15359696179387e+02
9.16830498958093e+01 1.76021284381097e-04 1.46123758730255e+00 1.20134829936642e+02
9.16830498958093e+01 1.76021284381097e-04 1.46123758730255e+00 1.20134829936642e+02
9.45296857285629e+01 2.07450962957853e-04 1.50745411874213e+00 1.23421382287723e+02
9.45296857285629e+01 2.07450962957853e-04 1.50745411874213e+00 1.23421382287723e+02
9.74647057890830e+01 2.44492603172723e-04 1.55513240273781e+00 1.26797845502807e+02
9.74647057890830e+01 2.44492603172723e-04 1.55513240273781e+00 1.26797845502807e+02
1.00490854289196e+02 2.88148255153287e-04 1.60431867210864e+00 1.30266679291218e+02
1.00490854289196e+02 2.88148255153287e-04 1.60431867210864e+00 1.30266679291218e+02
1.03610960644828e+02 3.39598891215646e-04 1.65506062194137e+00 1.33830410653038e+02
1.03610960644828e+02 3.39598891215646e-04 1.65506062194137e+00 1.33830410653038e+02
1.06827942121478e+02 4.00236353517204e-04 1.70740745583959e+00 1.37491635719989e+02
1.06827942121478e+02 4.00236353517204e-04 1.70740745583959e+00 1.37491635719989e+02
1.10144806561829e+02 4.71701006158549e-04 1.76140993363559e+00 1.41253021646684e+02
1.10144806561829e+02 4.71701006158549e-04 1.76140993363559e+00 1.41253021646684e+02
1.13564655198048e+02 5.55926110298783e-04 1.81712042061132e+00 1.45117308553613e+02
1.13564655198048e+02 5.55926110298783e-04 1.81712042061132e+00 1.45117308553613e+02
1.17090685551406e+02 6.55190122719507e-04 1.87459293827610e+00 1.49087311523285e+02
1.17090685551406e+02 6.55190122719507e-04 1.87459293827610e+00 1.49087311523285e+02
1.20726194421924e+02 7.72178332617781e-04 1.93388321675038e+00 1.53165922650979e+02
1.20726194421924e+02 7.72178332617781e-04 1.93388321675038e+00 1.53165922650979e+02
1.24474580970844e+02 9.10055504026027e-04 1.99504874880626e+00 1.57356113151599e+02
1.24474580970844e+02 9.10055504026027e-04 1.99504874880626e+00 1.57356113151599e+02
1.28339349898811e+02 1.07255148898100e-03 2.05814884561729e+00 1.61660935524163e+02
1.28339349898811e+02 1.07255148898100e-03 2.05814884561729e+00 1.61660935524163e+02
1.32324114722728e+02 1.26406212744850e-03 2.12324469427144e+00 1.66083525775509e+02
1.32324114722728e+02 1.26406212744850e-03 2.12324469427144e+00 1.66083525775509e+02
1.36432601154355e+02 1.48976816354776e-03 2.19039941710325e+00 1.70627105704838e+02
1.36432601154355e+02 1.48976816354776e-03 2.19039941710325e+00 1.70627105704838e+02
1.40668650583810e+02 1.75577539499606e-03 2.25967813290241e+00 1.75294985250746e+02
1.40668650583810e+02 1.75577539499606e-03 2.25967813290241e+00 1.75294985250746e+02
1.45036223671223e+02 2.06927984709532e-03 2.33114802005841e+00 1.80090564902480e+02
1.45036223671223e+02 2.06927984709532e-03 2.33114802005841e+00 1.80090564902480e+02
1.49539404049919e+02 2.43876243954565e-03 2.40487838170222e+00 1.85017338177141e+02
1.49539404049919e+02 2.43876243954565e-03 2.40487838170222e+00 1.85017338177141e+02
1.54182402144560e+02 2.87421841221106e-03 2.48094071290838e+00 1.90078894164672e+02
1.54182402144560e+02 2.87421841221106e-03 2.48094071290838e+00 1.90078894164672e+02
1.58969559107854e+02 3.38742771626093e-03 2.55940877002258e+00 1.95278920142462e+02
1.58969559107854e+02 3.38742771626093e-03 2.55940877002258e+00 1.95278920142462e+02
1.63905350879481e+02 3.99227368530619e-03 2.64035864218187e+00 2.00621204261475e+02
1.63905350879481e+02 3.99227368530619e-03 2.64035864218187e+00 2.00621204261475e+02
1.68994392371053e+02 4.70511860721888e-03 2.72386882509704e+00 2.06109638305874e+02
1.68994392371053e+02 4.70511860721888e-03 2.72386882509704e+00 2.06109638305874e+02
1.74241441780999e+02 5.54524635660079e-03 2.81002029716859e+00 2.11748220528131e+02
1.74241441780999e+02 5.54524635660079e-03 2.81002029716859e+00 2.11748220528131e+02
1.79651405043435e+02 6.53538406199073e-03 2.89889659801005e+00 2.17541058561706e+02
1.79651405043435e+02 6.53538406199073e-03 2.89889659801005e+00 2.17541058561706e+02
1.85229340415157e+02 7.70231691994732e-03 2.99058390945496e+00 2.23492372413399e+02
1.85229340415157e+02 7.70231691994732e-03 2.99058390945496e+00 2.23492372413399e+02
1.90980463205054e+02 9.07761278795231e-03 3.08517113912592e+00 2.29606497537573e+02
1.90980463205054e+02 9.07761278795231e-03 3.08517113912592e+00 2.29606497537573e+02
1.96910150650369e+02 1.06984761578155e-02 3.18275000664679e+00 2.35887887994476e+02
1.96910150650369e+02 1.06984761578155e-02 3.18275000664679e+00 2.35887887994476e+02
2.03023946944354e+02 1.26087546112622e-02 3.28341513258161e+00 2.42341119694964e+02
2.03023946944354e+02 1.26087546112622e-02 3.28341513258161e+00 2.42341119694964e+02
2.09327568420032e+02 1.48601249843313e-02 3.38726413018663e+00 2.48970893733994e+02
2.09327568420032e+02 1.48601249843313e-02 3.38726413018663e+00 2.48970893733994e+02
2.15826908894905e+02 1.75134913286920e-02 3.49439770006415e+00 2.55782039815308e+02
2.15826908894905e+02 1.75134913286920e-02 3.49439770006415e+00 2.55782039815308e+02
2.22528045181611e+02 2.06406324875183e-02 3.60491972781019e+00 2.62779519769812e+02
2.22528045181611e+02 2.06406324875183e-02 3.60491972781019e+00 2.62779519769812e+02
2.29437242769676e+02 2.43261438561270e-02 3.71893738475061e+00 2.69968431170203e+02
2.29437242769676e+02 2.43261438561270e-02 3.71893738475061e+00 2.69968431170203e+02
2.36560961683680e+02 2.86697258558736e-02 3.83656123186327e+00 2.77354011044483e+02
2.36560961683680e+02 2.86697258558736e-02 3.83656123186327e+00 2.77354011044483e+02
2.43905862523309e+02 3.37888810290794e-02 3.95790532698719e+00 2.84941639691070e+02
2.43905862523309e+02 3.37888810290794e-02 3.95790532698719e+00 2.84941639691070e+02
2.51478812690941e+02 3.98220927167806e-02 4.08308733542242e+00 2.92736844598269e+02
2.51478812690941e+02 3.98220927167806e-02 4.08308733542242e+00 2.92736844598269e+02
2.59286892812598e+02 4.69325713088605e-02 4.21222864402813e+00 3.00745304470981e+02
2.59286892812598e+02 4.69325713088605e-02 4.21222864402813e+00 3.00745304470981e+02
2.67337403358249e+02 5.53126694100908e-02 4.34545447892935e+00 3.08972853367559e+02
2.67337403358249e+02 5.53126694100908e-02 4.34545447892935e+00 3.08972853367559e+02
2.75637871467673e+02 6.51890853611166e-02 4.48289402694661e+00 3.17425484949848e+02
2.75637871467673e+02 6.51890853611166e-02 4.48289402694661e+00 3.17425484949848e+02
2.84196057988252e+02 7.68289958799871e-02 4.62468056086622e+00 3.26109356849490e+02
2.84196057988252e+02 7.68289958799871e-02 4.62468056086622e+00 3.26109356849490e+02
2.93019964731276e+02 9.05472837243986e-02 4.77095156867259e+00 3.35030795153674e+02
2.93019964731276e+02 9.05472837243986e-02 4.77095156867259e+00 3.35030795153674e+02
3.02117841953556e+02 1.06715055897306e-01 4.92184888686799e+00 3.44196299013609e+02
3.02117841953556e+02 1.06715055897306e-01 4.92184888686799e+00 3.44196299013609e+02
3.11498196071318e+02 1.25769682830327e-01 5.07751883800900e+00 3.53612545379074e+02
3.11498196071318e+02 1.25769682830327e-01 5.07751883800900e+00 3.53612545379074e+02
3.21169797613614e+02 1.48226630124834e-01 5.23811237259300e+00 3.63286393862486e+02
3.21169797613614e+02 1.48226630124834e-01 5.23811237259300e+00 3.63286393862486e+02
3.31141689422669e+02 1.74693402922905e-01 5.40378521543226e+00 3.73224891736036e+02
3.31141689422669e+02 1.74693402922905e-01 5.40378521543226e+00 3.73224891736036e+02
3.41423195108838e+02 2.05885980131121e-01 5.57469801665769e+00 3.83435279065540e+02
3.41423195108838e+02 2.05885980131121e-01 5.57469801665769e+00 3.83435279065540e+02
3.52023927768087e+02 2.42648183075689e-01 5.75101650749848e+00 3.93924993984727e+02
3.52023927768087e+02 2.42648183075689e-01 5.75101650749848e+00 3.93924993984727e+02
3.62953798970126e+02 2.85974502549596e-01 5.93291166098889e+00 4.04701678113826e+02
3.62953798970126e+02 2.85974502549596e-01 5.93291166098889e+00 4.04701678113826e+02
3.74223028025622e+02 3.37037001768848e-01 6.12055985775784e+00 4.15773182126385e+02
3.74223028025622e+02 3.37037001768848e-01 6.12055985775784e+00 4.15773182126385e+02
3.85842151541146e+02 3.97217023016358e-01 6.31414305706226e+00 4.27147571468382e+02
3.85842151541146e+02 3.97217023016358e-01 6.31414305706226e+00 4.27147571468382e+02
3.97822033270778e+02 4.68142555701317e-01 6.51384897322981e+00 4.38833132233803e+02
3.97822033270778e+02 4.68142555701317e-01 6.51384897322981e+00 4.38833132233803e+02
4.10173874273607e+02 5.51732276714475e-01 6.71987125768232e+00 4.50838377200946e+02
4.10173874273607e+02 5.51732276714475e-01 6.71987125768232e+00 4.50838377200946e+02
4.22909223386595e+02 6.50247454458627e-01 6.93240968671625e+00 4.63172052033873e+02
4.22909223386595e+02 6.50247454458627e-01 6.93240968671625e+00 4.63172052033873e+02
4.36039988022614e+02 7.66353120661703e-01 7.15167035522233e+00 4.75843141653510e+02
4.36039988022614e+02 7.66353120661703e-01 7.15167035522233e+00 4.75843141653510e+02
4.49578445303749e+02 9.03190164791794e-01 7.37786587653231e+00 4.88860876783048e+02
4.49578445303749e+02 9.03190164791794e-01 7.37786587653231e+00 4.88860876783048e+02
4.63537253540274e+02 1.06446030137161e+00 7.61121558858647e+00 5.02234740672400e+02
4.63537253540274e+02 1.06446030137161e+00 7.61121558858647e+00 5.02234740672400e+02
4.77929464066030e+02 1.25452620872740e+00 7.85194576662184e+00 5.15974476006625e+02
4.77929464066030e+02 1.25452620872740e+00 7.85194576662184e+00 5.15974476006625e+02
4.92768533441287e+02 1.47852954812500e+00 8.10028984258751e+00 5.30090092003351e+02
4.92768533441287e+02 1.47852954812500e+00 8.10028984258751e+00 5.30090092003351e+02
5.08068336034477e+02 1.74253005594537e+00 8.35648863149955e+00 5.44591871704353e+02
5.08068336034477e+02 1.74253005594537e+00 8.35648863149955e+00 5.44591871704353e+02
5.23843176994576e+02 2.05366947162039e+00 8.62079056495524e+00 5.59490379466621e+02
5.23843176994576e+02 2.05366947162039e+00 8.62079056495524e+00 5.59490379466621e+02
5.40232506294984e+02 2.45762850645404e+00 8.89558932385071e+00 5.74897458263589e+02
5.40232506294984e+02 2.45762850645404e+00 8.89558932385071e+00 5.74897458263589e+02
5.57305390540099e+02 2.98411082394989e+00 9.18207340664846e+00 5.90867591537154e+02
5.57305390540099e+02 2.98411082394989e+00 9.18207340664846e+00 5.90867591537154e+02
5.75017991074197e+02 3.63031290391642e+00 9.47949617581257e+00 6.07363806255091e+02
5.75017991074197e+02 3.63031290391642e+00 9.47949617581257e+00 6.07363806255091e+02
5.93325108110040e+02 4.39293064045841e+00 9.78708737889503e+00 6.24348117906608e+02
5.93325108110040e+02 4.39293064045841e+00 9.78708737889503e+00 6.24348117906608e+02
6.12180138467571e+02 5.26806995933319e+00 1.01040524016351e+01 6.41781502831119e+02
6.12180138467571e+02 5.26806995933319e+00 1.01040524016351e+01 6.41781502831119e+02
6.31535032000445e+02 6.25114147548817e+00 1.04295714974353e+01 6.59623869790026e+02
6.31535032000445e+02 6.25114147548817e+00 1.04295714974353e+01 6.59623869790026e+02
6.51340246669667e+02 7.33673634105650e+00 1.07627989924675e+01 6.77834030760768e+02
6.51340246669667e+02 7.33673634105650e+00 1.07627989924675e+01 6.77834030760768e+02
6.71544702222325e+02 8.51847992525185e+00 1.11028624656366e+01 6.96369670931889e+02
6.71544702222325e+02 8.51847992525185e+00 1.11028624656366e+01 6.96369670931889e+02
6.92452897270236e+02 9.79618681137687e+00 1.15215830226605e+01 7.15701591731587e+02
6.92452897270236e+02 9.79618681137687e+00 1.15215830226605e+01 7.15701591731587e+02
7.14117845220369e+02 1.11632042983327e+01 1.20398821952954e+01 7.35939651758622e+02
7.14117845220369e+02 1.11632042983327e+01 1.20398821952954e+01 7.35939651758622e+02
7.36358857974941e+02 1.25718332938154e+01 1.26546647451255e+01 7.56936977878589e+02
7.36358857974941e+02 1.25718332938154e+01 1.26546647451255e+01 7.56936977878589e+02
7.59064350416672e+02 1.39899913590297e+01 1.33640184270627e+01 7.78603098161567e+02
7.59064350416672e+02 1.39899913590297e+01 1.33640184270627e+01 7.78603098161567e+02
7.82234322545562e+02 1.54176784939756e+01 1.41679432411070e+01 8.00938012607558e+02
7.82234322545562e+02 1.54176784939756e+01 1.41679432411070e+01 8.00938012607558e+02
8.05868774361611e+02 1.68548946986531e+01 1.50664391872584e+01 8.23941721216559e+02
8.05868774361611e+02 1.68548946986531e+01 1.50664391872584e+01 8.23941721216559e+02
8.29967705864820e+02 1.83016399730622e+01 1.60595062655169e+01 8.47614223988572e+02
8.29967705864820e+02 1.83016399730622e+01 1.60595062655169e+01 8.47614223988572e+02
8.54531117055188e+02 1.97579143172030e+01 1.71471444758824e+01 8.71955520923597e+02
8.54531117055188e+02 1.97579143172030e+01 1.71471444758824e+01 8.71955520923597e+02
8.81046823500823e+02 2.13024573281355e+01 1.83216489638875e+01 8.98330319070803e+02
8.81046823500823e+02 2.13024573281355e+01 1.83216489638875e+01 8.98330319070803e+02
9.09544413101064e+02 2.29368348849387e+01 1.95828665045871e+01 9.26765758094316e+02
9.09544413101064e+02 2.29368348849387e+01 1.95828665045871e+01 9.26765758094316e+02
9.39666721017778e+02 2.46537195441479e+01 2.08580759779308e+01 9.56747564139800e+02
9.39666721017778e+02 2.46537195441479e+01 2.08580759779308e+01 9.56747564139800e+02
9.71306432401939e+02 2.64509096794963e+01 2.21254273718619e+01 9.88121216898579e+02
9.71306432401939e+02 2.64509096794963e+01 2.21254273718619e+01 9.88121216898579e+02
1.00446354725355e+03 2.83284052909838e+01 2.33849206863806e+01 1.02088671637065e+03
1.00446354725355e+03 2.83284052909838e+01 2.33849206863806e+01 1.02088671637065e+03
1.03913806557260e+03 3.02862063786105e+01 2.46365559214868e+01 1.05504406255602e+03
1.03913806557260e+03 3.02862063786105e+01 2.46365559214868e+01 1.05504406255602e+03
1.07532998735910e+03 3.23243129423765e+01 2.58803330771805e+01 1.09059325545468e+03
1.07532998735910e+03 3.23243129423765e+01 2.58803330771805e+01 1.09059325545468e+03
1.11265142864354e+03 3.44876431847268e+01 2.71898715014453e+01 1.12755238468985e+03
1.11265142864354e+03 3.44876431847268e+01 2.71898715014453e+01 1.12755238468985e+03
1.14947051864164e+03 3.69651729541526e+01 2.88748959382200e+01 1.16599755530824e+03
1.14947051864164e+03 3.69651729541526e+01 2.88748959382200e+01 1.16599755530824e+03
1.18578725735339e+03 3.97569022506539e+01 3.09354063875045e+01 1.20592876730986e+03
1.18578725735339e+03 3.97569022506539e+01 3.09354063875045e+01 1.20592876730986e+03
1.22011382921069e+03 4.27840914771705e+01 3.33791077037665e+01 1.24598131364552e+03
1.22011382921069e+03 4.27840914771705e+01 3.33791077037665e+01 1.24598131364552e+03
1.25242064631420e+03 4.60451747546234e+01 3.62061531119509e+01 1.28612805465110e+03
1.25242064631420e+03 4.60451747546234e+01 3.62061531119509e+01 1.28612805465110e+03
1.28270770866391e+03 4.95401520830125e+01 3.94165426120576e+01 1.32636899032662e+03
1.28270770866391e+03 4.95401520830125e+01 3.94165426120576e+01 1.32636899032662e+03
1.31097501625984e+03 5.32690234623378e+01 4.30102762040866e+01 1.36670412067206e+03
1.31097501625984e+03 5.32690234623378e+01 4.30102762040866e+01 1.36670412067206e+03
1.33722256910197e+03 5.72317888925995e+01 4.69873538880380e+01 1.40713344568742e+03
1.33722256910197e+03 5.72317888925995e+01 4.69873538880380e+01 1.40713344568742e+03
1.36167110872525e+03 6.14691490594200e+01 5.13124760635712e+01 1.44693906627351e+03
1.36167110872525e+03 6.14691490594200e+01 5.13124760635712e+01 1.44693906627351e+03
1.38464683968680e+03 6.60412500931205e+01 5.59334781459903e+01 1.48506009482813e+03
1.38464683968680e+03 6.60412500931205e+01 5.59334781459903e+01 1.48506009482813e+03
1.40653764595613e+03 7.09031737912557e+01 6.07767407873115e+01 1.52147844172807e+03
1.40653764595613e+03 7.09031737912557e+01 6.07767407873115e+01 1.52147844172807e+03
1.42897539831751e+03 7.58659443053347e+01 6.55325392435962e+01 1.55611800192662e+03
1.42897539831751e+03 7.58659443053347e+01 6.55325392435962e+01 1.55611800192662e+03
1.45196009677095e+03 8.09295616353573e+01 7.02008735148444e+01 1.58897877542377e+03
1.45196009677095e+03 8.09295616353573e+01 7.02008735148444e+01 1.58897877542377e+03
1.47549174131646e+03 8.60940257813237e+01 7.47817436010560e+01 1.62006076221952e+03
1.47549174131646e+03 8.60940257813237e+01 7.47817436010560e+01 1.62006076221952e+03
1.49957033195402e+03 9.13593367432337e+01 7.92751495022310e+01 1.64936396231388e+03
1.49957033195402e+03 9.13593367432337e+01 7.92751495022310e+01 1.64936396231388e+03
1.52419586868364e+03 9.67254945210876e+01 8.36810912183695e+01 1.67688837570685e+03
1.52419586868364e+03 9.67254945210876e+01 8.36810912183695e+01 1.67688837570685e+03
1.54860354664309e+03 1.02276713733815e+02 8.80290318555581e+01 1.70268383008010e+03
1.54860354664309e+03 1.02276713733815e+02 8.80290318555581e+01 1.70268383008010e+03
1.57231485506722e+03 1.08065684425283e+02 9.23374054145905e+01 1.72678150081348e+03
1.57231485506722e+03 1.08065684425283e+02 9.23374054145905e+01 1.72678150081348e+03
1.59510905242108e+03 1.14051705909869e+02 9.66415114958072e+01 1.74989928700620e+03
1.59510905242108e+03 1.14051705909869e+02 9.66415114958072e+01 1.74989928700620e+03
1.61665993414755e+03 1.20174632057252e+02 1.00993514683904e+02 1.77309807626044e+03
1.61665993414755e+03 1.20174632057252e+02 1.00993514683904e+02 1.77309807626044e+03
1.63696750024665e+03 1.26434462867433e+02 1.05393414978881e+02 1.79637786857621e+03
1.63696750024665e+03 1.26434462867433e+02 1.05393414978881e+02 1.79637786857621e+03
1.65603175071836e+03 1.32831198340411e+02 1.09841212380739e+02 1.81973866395350e+03
1.65603175071836e+03 1.32831198340411e+02 1.09841212380739e+02 1.81973866395350e+03
1.67385268556269e+03 1.39364838476185e+02 1.14336906889477e+02 1.84318046239232e+03
1.67385268556269e+03 1.39364838476185e+02 1.14336906889477e+02 1.84318046239232e+03
1.69043030477963e+03 1.46035383274758e+02 1.18880498505095e+02 1.86670326389267e+03
1.69043030477963e+03 1.46035383274758e+02 1.18880498505095e+02 1.86670326389267e+03
1.70417320497336e+03 1.52915851466769e+02 1.23562635894899e+02 1.88873167979416e+03
1.70417320497336e+03 1.52915851466769e+02 1.23562635894899e+02 1.88873167979416e+03
1.71474772985004e+03 1.60021552281238e+02 1.28402324609871e+02 1.90893541147914e+03
1.71474772985004e+03 1.60021552281238e+02 1.28402324609871e+02 1.90893541147914e+03
1.72291868427189e+03 1.67268271099235e+02 1.33370101543924e+02 1.92726463126593e+03
1.72291868427189e+03 1.67268271099235e+02 1.33370101543924e+02 1.92726463126593e+03
1.72916457900406e+03 1.74603317876892e+02 1.38447532696266e+02 1.94368816377469e+03
1.72916457900406e+03 1.74603317876892e+02 1.38447532696266e+02 1.94368816377469e+03
1.73348541404656e+03 1.82026692614209e+02 1.43634618066896e+02 1.95820600900541e+03
1.73348541404656e+03 1.82026692614209e+02 1.43634618066896e+02 1.95820600900541e+03
1.73588118939939e+03 1.89538395311187e+02 1.48931357655813e+02 1.97081816695809e+03
1.73588118939939e+03 1.89538395311187e+02 1.48931357655813e+02 1.97081816695809e+03
1.73635190506255e+03 1.97138425967824e+02 1.54337751463019e+02 1.98152463763273e+03
1.73635190506255e+03 1.97138425967824e+02 1.54337751463019e+02 1.98152463763273e+03
1.73484928687986e+03 2.04828970293638e+02 1.59852812540840e+02 1.99023488562044e+03
1.73484928687986e+03 2.04828970293638e+02 1.59852812540840e+02 1.99023488562044e+03
1.73015859998313e+03 2.12665027853011e+02 1.65451706074000e+02 1.99467074540321e+03
1.73015859998313e+03 2.12665027853011e+02 1.65451706074000e+02 1.99467074540321e+03
1.72227984437234e+03 2.20646598645944e+02 1.71134432062498e+02 1.99483221698105e+03
1.72227984437234e+03 2.20646598645944e+02 1.71134432062498e+02 1.99483221698105e+03
1.71280442344334e+03 2.28700663941794e+02 1.76810341839031e+02 1.99229468901433e+03
1.71280442344334e+03 2.28700663941794e+02 1.76810341839031e+02 1.99229468901433e+03
1.70206599348996e+03 2.36811914511544e+02 1.82460429852613e+02 1.98738846012072e+03
1.70206599348996e+03 2.36811914511544e+02 1.82460429852613e+02 1.98738846012072e+03
1.69006455451220e+03 2.44980350355193e+02 1.88084696103246e+02 1.98011353030020e+03
1.69006455451220e+03 2.44980350355193e+02 1.88084696103246e+02 1.98011353030020e+03
1.67680010651006e+03 2.53205971472742e+02 1.93683140590930e+02 1.97046989955279e+03
1.67680010651006e+03 2.53205971472742e+02 1.93683140590930e+02 1.97046989955279e+03
1.66227264948355e+03 2.61488777864190e+02 1.99255763315664e+02 1.95845756787848e+03
1.66227264948355e+03 2.61488777864190e+02 1.99255763315664e+02 1.95845756787848e+03
1.64625936753229e+03 2.69674695691495e+02 2.04710517824860e+02 1.94386411727729e+03
1.64625936753229e+03 2.69674695691495e+02 2.04710517824860e+02 1.94386411727729e+03
1.62809097673786e+03 2.77300925208869e+02 2.09770919314869e+02 1.92605149655479e+03
1.62809097673786e+03 2.77300925208869e+02 2.09770919314869e+02 1.92605149655479e+03
1.60781575125645e+03 2.84365280706797e+02 2.14437954733362e+02 1.90511024111990e+03
1.60781575125645e+03 2.84365280706797e+02 2.14437954733362e+02 1.90511024111990e+03
1.58664842595624e+03 2.90812762620896e+02 2.18736458895618e+02 1.88331851649059e+03
1.58664842595624e+03 2.90812762620896e+02 2.18736458895618e+02 1.88331851649059e+03
1.56458900083725e+03 2.96643370951165e+02 2.22666431801635e+02 1.86067632266688e+03
1.56458900083725e+03 2.96643370951165e+02 2.22666431801635e+02 1.86067632266688e+03
1.54163747589947e+03 3.01857105697604e+02 2.26227873451415e+02 1.83718365964876e+03
1.54163747589947e+03 3.01857105697604e+02 2.26227873451415e+02 1.83718365964876e+03
1.51779385114291e+03 3.06453966860214e+02 2.29420783844957e+02 1.81284052743624e+03
1.51779385114291e+03 3.06453966860214e+02 2.29420783844957e+02 1.81284052743624e+03
1.49305812656755e+03 3.10433954438993e+02 2.32245162982260e+02 1.78764692602931e+03
1.49305812656755e+03 3.10433954438993e+02 2.32245162982260e+02 1.78764692602931e+03
1.46713212552199e+03 3.13578707338779e+02 2.34595036050103e+02 1.76127020599829e+03
1.46713212552199e+03 3.13578707338779e+02 2.34595036050103e+02 1.76127020599829e+03
1.43966765497932e+03 3.15633236410288e+02 2.36346651940492e+02 1.73332191904828e+03
1.43966765497932e+03 3.15633236410288e+02 2.36346651940492e+02 1.73332191904828e+03
1.41088753083992e+03 3.16751615491564e+02 2.37592057106017e+02 1.70401448317928e+03
1.41088753083992e+03 3.16751615491564e+02 2.37592057106017e+02 1.70401448317928e+03
1.38146103702219e+03 3.17396644328394e+02 2.38607736350327e+02 1.67398594958571e+03
1.38146103702219e+03 3.17396644328394e+02 2.38607736350327e+02 1.67398594958571e+03
1.35138817352614e+03 3.17568322920778e+02 2.39393689673421e+02 1.64323631826756e+03
1.35138817352614e+03 3.17568322920778e+02 2.39393689673421e+02 1.64323631826756e+03
1.32066894035177e+03 3.17266651268715e+02 2.39949917075300e+02 1.61176558922484e+03
1.32066894035177e+03 3.17266651268715e+02 2.39949917075300e+02 1.61176558922484e+03
1.28930333749908e+03 3.16491629372206e+02 2.40276418555964e+02 1.57957376245755e+03
1.28930333749908e+03 3.16491629372206e+02 2.40276418555964e+02 1.57957376245755e+03
1.25729136496806e+03 3.15243257231251e+02 2.40373194115413e+02 1.54666083796569e+03
1.25729136496806e+03 3.15243257231251e+02 2.40373194115413e+02 1.54666083796569e+03
1.22433462653748e+03 3.13231375397797e+02 2.39967818927696e+02 1.51268561162694e+03
1.22433462653748e+03 3.13231375397797e+02 2.39967818927696e+02 1.51268561162694e+03
1.19028803994818e+03 3.10314906387481e+02 2.38927838201558e+02 1.47748218769139e+03
1.19028803994818e+03 3.10314906387481e+02 2.38927838201558e+02 1.47748218769139e+03
1.15544978185158e+03 3.06712211295469e+02 2.37359226750221e+02 1.44138321558874e+03
1.15544978185158e+03 3.06712211295469e+02 2.37359226750221e+02 1.44138321558874e+03
1.12016804527458e+03 3.02678279271042e+02 2.35385735681678e+02 1.40477714361385e+03
1.12016804527458e+03 3.02678279271042e+02 2.35385735681678e+02 1.40477714361385e+03
1.08444283021719e+03 2.98213110314199e+02 2.33007364995930e+02 1.36766397176674e+03
1.08444283021719e+03 2.98213110314199e+02 2.33007364995930e+02 1.36766397176674e+03
1.04827413667940e+03 2.93316704424942e+02 2.30224114692974e+02 1.33004370004740e+03
1.04827413667940e+03 2.93316704424942e+02 2.30224114692974e+02 1.33004370004740e+03
1.01166196466121e+03 2.87989061603269e+02 2.27035984772813e+02 1.29191632845583e+03
1.01166196466121e+03 2.87989061603269e+02 2.27035984772813e+02 1.29191632845583e+03
9.74606314162622e+02 2.82230181849181e+02 2.23442975235446e+02 1.25328185699204e+03
9.74606314162622e+02 2.82230181849181e+02 2.23442975235446e+02 1.25328185699204e+03
9.37484242668718e+02 2.75867563730689e+02 2.19406198774577e+02 1.21428453937557e+03
9.37484242668718e+02 2.75867563730689e+02 2.19406198774577e+02 1.21428453937557e+03
9.00345036356648e+02 2.68878659131198e+02 2.14920572327959e+02 1.17494323139011e+03
9.00345036356648e+02 2.68878659131198e+02 2.14920572327959e+02 1.17494323139011e+03
8.63487091447663e+02 2.61553627498760e+02 2.10258520721544e+02 1.13559913715798e+03
8.63487091447663e+02 2.61553627498760e+02 2.10258520721544e+02 1.13559913715798e+03
8.27055490200911e+02 2.54033546317739e+02 2.05552498746586e+02 1.09641815242910e+03
8.27055490200911e+02 2.54033546317739e+02 2.05552498746586e+02 1.09641815242910e+03
7.91050232616392e+02 2.46318415588134e+02 2.00802506403086e+02 1.05740027720345e+03
7.91050232616392e+02 2.46318415588134e+02 2.00802506403086e+02 1.05740027720345e+03
7.55471318694106e+02 2.38408235309945e+02 1.96008543691044e+02 1.01854551148104e+03
7.55471318694106e+02 2.38408235309945e+02 1.96008543691044e+02 1.01854551148104e+03
7.20318748434053e+02 2.30303005483172e+02 1.91170610610460e+02 9.79853855261877e+02
7.20318748434053e+02 2.30303005483172e+02 1.91170610610460e+02 9.79853855261877e+02
6.85644269332103e+02 2.22000566024398e+02 1.86274468805149e+02 9.41364239494093e+02
6.85644269332103e+02 2.22000566024398e+02 1.86274468805149e+02 9.41364239494093e+02
6.51935495485242e+02 2.13480562574291e+02 1.81185950948231e+02 9.03443508578623e+02
6.51935495485242e+02 2.13480562574291e+02 1.81185950948231e+02 9.03443508578623e+02
6.19192426893469e+02 2.04742995132854e+02 1.75905057039707e+02 8.66091662515465e+02
6.19192426893469e+02 2.04742995132854e+02 1.75905057039707e+02 8.66091662515465e+02
5.87038006071706e+02 1.95960365132076e+02 1.70470674385872e+02 8.29164447585067e+02
5.87038006071706e+02 1.95960365132076e+02 1.70470674385872e+02 8.29164447585067e+02
5.55422946842799e+02 1.87155220688550e+02 1.64887886048973e+02 7.92643008003742e+02
5.55422946842799e+02 1.87155220688550e+02 1.64887886048973e+02 7.92643008003742e+02
5.24347249206748e+02 1.78327561802277e+02 1.59156692029009e+02 7.56527343771488e+02
5.24347249206748e+02 1.78327561802277e+02 1.59156692029009e+02 7.56527343771488e+02
4.93810913163552e+02 1.69477388473256e+02 1.53277092325981e+02 7.20817454888306e+02
4.93810913163552e+02 1.69477388473256e+02 1.53277092325981e+02 7.20817454888306e+02
4.63813938713213e+02 1.60604700701489e+02 1.47249086939888e+02 6.85513341354195e+02
4.63813938713213e+02 1.60604700701489e+02 1.47249086939888e+02 6.85513341354195e+02
4.34620982559263e+02 1.51763348079375e+02 1.41090806448289e+02 6.50797755119161e+02
4.34620982559263e+02 1.51763348079375e+02 1.41090806448289e+02 6.50797755119161e+02
4.06828098726289e+02 1.43074609478166e+02 1.34843084140412e+02 6.17082286117811e+02
4.06828098726289e+02 1.43074609478166e+02 1.34843084140412e+02 6.17082286117811e+02
3.80383539718422e+02 1.34540644981278e+02 1.28520158372443e+02 5.84328003402006e+02
3.80383539718422e+02 1.34540644981278e+02 1.28520158372443e+02 5.84328003402006e+02
3.54799691438675e+02 1.26181808948041e+02 1.22256196471261e+02 5.52168062570814e+02
3.54799691438675e+02 1.26181808948041e+02 1.22256196471261e+02 5.52168062570814e+02
3.30076553887049e+02 1.17998101378456e+02 1.16051198436865e+02 5.20602463624235e+02
3.30076553887049e+02 1.17998101378456e+02 1.16051198436865e+02 5.20602463624235e+02
3.06214127063544e+02 1.09989522272522e+02 1.09905164269256e+02 4.89631206562268e+02
3.06214127063544e+02 1.09989522272522e+02 1.09905164269256e+02 4.89631206562268e+02
2.83212410968159e+02 1.02156071630238e+02 1.03818093968434e+02 4.59254291384915e+02
2.83212410968159e+02 1.02156071630238e+02 1.03818093968434e+02 4.59254291384915e+02
2.61071405600895e+02 9.44977494516064e+01 9.77899875343994e+01 4.29471718092175e+02
2.61071405600895e+02 9.44977494516064e+01 9.77899875343994e+01 4.29471718092175e+02
2.40208298956816e+02 8.71564899380427e+01 9.18942066780299e+01 4.00740701716249e+02
2.40208298956816e+02 8.71564899380427e+01 9.18942066780299e+01 4.00740701716249e+02
2.21009686466098e+02 8.02638191984069e+01 8.61987334661906e+01 3.73484929525585e+02
2.21009686466098e+02 8.02638191984069e+01 8.61987334661906e+01 3.73484929525585e+02
2.03210911425209e+02 7.37658876402977e+01 8.06854373213233e+01 3.47521649570177e+02
2.03210911425209e+02 7.37658876402977e+01 8.06854373213233e+01 3.47521649570177e+02
1.86215919809560e+02 6.75414163924654e+01 7.53134849541993e+01 3.22439271915418e+02
1.86215919809560e+02 6.75414163924654e+01 7.53134849541993e+01 3.22439271915418e+02
1.70024711619153e+02 6.15904054549100e+01 7.00828763648187e+01 2.98237796561307e+02
1.70024711619153e+02 6.15904054549100e+01 7.00828763648187e+01 2.98237796561307e+02
1.54637286853987e+02 5.59128548276314e+01 6.49936115531814e+01 2.74917223507844e+02
1.54637286853987e+02 5.59128548276314e+01 6.49936115531814e+01 2.74917223507844e+02
1.40053645514062e+02 5.05087645106298e+01 6.00456905192875e+01 2.52477552755030e+02
1.40053645514062e+02 5.05087645106298e+01 6.00456905192875e+01 2.52477552755030e+02
1.26273787599379e+02 4.53781345039050e+01 5.52391132631369e+01 2.30918784302863e+02
1.26273787599379e+02 4.53781345039050e+01 5.52391132631369e+01 2.30918784302863e+02
1.13729085843134e+02 4.06946589963722e+01 5.06986093593860e+01 2.10867729388043e+02
1.13729085843134e+02 4.06946589963722e+01 5.06986093593860e+01 2.10867729388043e+02
1.02578624408350e+02 3.65223939483157e+01 4.64701773110955e+01 1.92555547129562e+02
1.02578624408350e+02 3.65223939483157e+01 4.64701773110955e+01 1.92555547129562e+02
9.24052152999640e+01 3.27194051583183e+01 4.24804554073868e+01 1.75525022495217e+02
9.24052152999640e+01 3.27194051583183e+01 4.24804554073868e+01 1.75525022495217e+02
8.28222630877978e+01 2.91541665175203e+01 3.86614615813953e+01 1.59352468216562e+02
8.28222630877978e+01 2.91541665175203e+01 3.86614615813953e+01 1.59352468216562e+02
7.38297677718518e+01 2.58266780259218e+01 3.50131958331209e+01 1.44037884293597e+02
7.38297677718518e+01 2.58266780259218e+01 3.50131958331209e+01 1.44037884293597e+02
6.54277293521260e+01 2.27369396835228e+01 3.15356581625636e+01 1.29581270726323e+02
6.54277293521260e+01 2.27369396835228e+01 3.15356581625636e+01 1.29581270726323e+02
5.76161478286204e+01 1.98849514903232e+01 2.82288485697234e+01 1.15982627514739e+02
5.76161478286204e+01 1.98849514903232e+01 2.82288485697234e+01 1.15982627514739e+02
5.03950232013349e+01 1.72707134463230e+01 2.50927670546003e+01 1.03241954658844e+02
5.03950232013349e+01 1.72707134463230e+01 2.50927670546003e+01 1.03241954658844e+02
4.41041179998795e+01 1.50141926080989e+01 2.22691323624848e+01 9.19196279770336e+01
4.41041179998795e+01 1.50141926080989e+01 2.22691323624848e+01 9.19196279770336e+01
3.87643063866189e+01 1.31227594523785e+01 1.97666513396049e+01 8.20500755618679e+01
3.87643063866189e+01 1.31227594523785e+01 1.97666513396049e+01 8.20500755618679e+01
3.39442156283556e+01 1.14227197902467e+01 1.74605944113043e+01 7.30064861766496e+01
3.39442156283556e+01 1.14227197902467e+01 1.74605944113043e+01 7.30064861766496e+01
2.94847615620669e+01 9.85001766141912e+00 1.53049630745223e+01 6.45577007023863e+01
2.94847615620669e+01 9.85001766141912e+00 1.53049630745223e+01 6.45577007023863e+01
2.53859441877529e+01 8.40465306589577e+00 1.32997573292587e+01 5.67037191390781e+01
2.53859441877529e+01 8.40465306589577e+00 1.32997573292587e+01 5.67037191390781e+01
2.16477635054135e+01 7.08662600367663e+00 1.14449771755135e+01 4.94445414867248e+01
2.16477635054135e+01 7.08662600367663e+00 1.14449771755135e+01 4.94445414867248e+01
1.82702195150487e+01 5.89593647476171e+00 9.74062261328684e+00 4.27801677453265e+01
1.82702195150487e+01 5.89593647476171e+00 9.74062261328684e+00 4.27801677453265e+01
1.52791456769262e+01 4.84259573555215e+00 8.20095125346896e+00 3.67583927409583e+01
1.52791456769262e+01 4.84259573555215e+00 8.20095125346896e+00 3.67583927409583e+01
1.28168264952880e+01 3.98174338558740e+00 6.90449059784211e+00 3.16424589143533e+01
1.28168264952880e+01 3.98174338558740e+00 6.90449059784211e+00 3.16424589143533e+01
1.08832619701340e+01 3.31337942486747e+00 5.85124064640630e+00 2.74323662655115e+01
1.08832619701340e+01 3.31337942486747e+00 5.85124064640630e+00 2.74323662655115e+01
9.13868957185461e+00 2.71753679681576e+00 4.89948265387099e+00 2.35677389760398e+01
9.13868957185461e+00 2.71753679681576e+00 4.89948265387099e+00 2.35677389760398e+01
7.56223513808487e+00 2.18684502470464e+00 4.04050977400825e+00 2.00141489533764e+01
7.56223513808487e+00 2.18684502470464e+00 4.04050977400825e+00 2.00141489533764e+01
6.15389866882482e+00 1.72130410853412e+00 3.27432200681807e+00 1.67715961975212e+01
6.15389866882482e+00 1.72130410853412e+00 3.27432200681807e+00 1.67715961975212e+01
4.91368016407445e+00 1.32091404830418e+00 2.60091935230046e+00 1.38400807084742e+01
4.91368016407445e+00 1.32091404830418e+00 2.60091935230046e+00 1.38400807084742e+01
3.84157962383375e+00 9.85674844014837e-01 2.02030181045540e+00 1.12196024862355e+01
3.84157962383375e+00 9.85674844014837e-01 2.02030181045540e+00 1.12196024862355e+01
2.95773784635363e+00 7.20864666403507e-01 1.54334805623352e+00 8.96672685355126e+00
2.95773784635363e+00 7.20864666403507e-01 1.54334805623352e+00 8.96672685355126e+00
2.29716305422188e+00 5.35657897425191e-01 1.18896712538342e+00 7.17977421385271e+00
2.29716305422188e+00 5.35657897425191e-01 1.18896712538342e+00 7.17977421385271e+00
1.83402178717092e+00 4.20043280678761e-01 9.42901407014780e-01 5.81094974106476e+00
1.83402178717092e+00 4.20043280678761e-01 9.42901407014780e-01 5.81094974106476e+00
1.42602954095864e+00 3.18881216624751e-01 7.26623399345353e-01 4.59701099445424e+00
1.42602954095864e+00 3.18881216624751e-01 7.26623399345353e-01 4.59701099445424e+00
1.07318631558507e+00 2.32171705263160e-01 5.40133102375141e-01 3.53795797402117e+00
1.07318631558507e+00 2.32171705263160e-01 5.40133102375141e-01 3.53795797402117e+00
7.75492111050195e-01 1.59914746593990e-01 3.83430516104146e-01 2.63379067976553e+00
7.75492111050195e-01 1.59914746593990e-01 3.83430516104146e-01 2.63379067976553e+00
5.32946927354016e-01 1.02110340617239e-01 2.56515640532367e-01 1.88450911168732e+00
5.32946927354016e-01 1.02110340617239e-01 2.56515640532367e-01 1.88450911168732e+00
3.45550764496533e-01 5.87584873329085e-02 1.59388475659803e-01 1.29011326978655e+00
3.45550764496533e-01 5.87584873329085e-02 1.59388475659803e-01 1.29011326978655e+00
2.15518855662217e-01 3.01632709374194e-02 9.31242413891564e-02 8.61003730197475e-01
2.15518855662217e-01 3.01632709374194e-02 9.31242413891564e-02 8.61003730197475e-01
1.44476851256847e-01 1.65478438287996e-02 5.85119885902787e-02 6.04812962915363e-01
1.44476851256847e-01 1.65478438287996e-02 5.85119885902787e-02 6.04812962915363e-01
1.12283953029538e-01 1.26340352696272e-02 4.46730423125602e-02 4.64975645193953e-01
1.12283953029538e-01 1.26340352696272e-02 4.46730423125602e-02 4.64975645193953e-01
8.39319383924768e-02 9.24746330490400e-03 3.26983668073942e-02 3.43171373602068e-01
8.39319383924768e-02 9.24746330490400e-03 3.26983668073942e-02 3.43171373602068e-01
6.98520267199354e-02 7.56736833443912e-03 2.67576715265180e-02 2.82720409307749e-01
6.98520267199354e-02 7.56736833443912e-03 2.67576715265180e-02 2.82720409307749e-01
4.16922033748527e-02 4.20717839350937e-03 1.48762809647657e-02 1.61818480719111e-01
4.16922033748527e-02 4.20717839350937e-03 1.48762809647657e-02 1.61818480719111e-01
1.35323800297700e-02 8.46988452579626e-04 2.99489040301344e-03 4.09165521304737e-02
1.35323800297700e-02 8.46988452579626e-04 2.99489040301344e-03 4.09165521304737e-02
0.00000000000000e+00 0.00000000000000e+00 0.00000000000000e+00 0.00000000000000e+00
0.00000000000000e+00 0.00000000000000e+00 0.00000000000000e+00 0.00000000000000e+00
0.00000000000000e+00 0.00000000000000e+00 0.00000000000000e+00 0.00000000000000e+00
0.00000000000000e+00 0.00000000000000e+00 0.00000000000000e+00 0.00000000000000e+00
---