PdfType: central
Format: lhagrid1
---
0.0001  0.00010429532461863897  0.0001087751473730729  0.00011344739305714942  0.00011832032686033726  0.00012340256898882342  0.00012870310991463342  0.00013423132627975076  0.00013999699748337048  0.00014601032298162906  0.0001522819403304134  0.0001588229440031669  0.0001656449050169821  0.00017275989140169766  0.0001801804895482089  0.0001879198264737575  0.00019599159304358843  0.00020441006819005238  0.0002131901441719966  0.00022234735291912848  0.00023189789350795586  0.00024185866081790827  0.00025224727541833065  0.0002630821147392205  0.0002743823455808502  0.0002861679580197835  0.000298459800771264  0.0003112796180705332  0.00032465008813832217  0.0003385948632985606  0.000353138611819271  0.00036830706155066437  0.0003841270454376358  0.00040062654898716905  0.00041783475977461904  0.00043578211907644967  0.00045450037572076693  0.0004740226422509076  0.0004943834535014343  0.0005156188276901594  0.0005377663301342724  0.0005608651397032811  0.0005849561181263205  0.0006100818822764358  0.0006362868795597115  0.0006636174665426095  0.0006921219909566031  0.000721850877225177  0.0007528567156644912  0.0007851943555155049  0.0008189210019721267  0.0008540963173770411  0.000890782526764226  0.000929044527934864  0.0009689500062613694  0.0010105695544226187  0.0010539767972822035  0.0010992485221306084  0.0011464648145217105  0.0011957091999438964  0.0012470687915764175  0.0013006344443923627  0.0013565009158808474  0.0014147670336727418  0.0014755358703664753  0.0015389149258631751  0.0016050163175336874  0.001673956978553886  0.001745858864759136  0.0018208491703838258  0.0018990605530676075  0.001980631368526384  0.0020657059153031832  0.002154434690031882  0.002246974653665322  0.0023434895091387887  0.0024441499909600485  0.002549134167238217  0.0026586277546857403  0.002772824447150728  0.002891926258260833  0.003016143878784795  0.0031456970493438136  0.003280814949132081  0.0034217366013341386  0.0035687112959562244  0.0037219990308195853  0.0038818709714958863  0.004048609930998349  0.004222510870077183  0.004403881419004318  0.0045930424217704826  0.0047903285036573215  0.0049960886631885935  0.005210686889507569  0.005434502806272785  0.0056679323432112455  0.005911388436516999  0.006165301759334096  0.0064301214836161615  0.006706316074710319  0.006994374120071094  0.007294805193570227  0.00760814075693141  0.007934935099884589  0.008275766320702958  0.008631237348857151  0.009001977011595783  0.009388641146339076  0.009791913760853446  0.01021250824325929  0.01065116862401255  0.01110867089209251  0.01158582436772414  0.01208347313406328  0.012602497530377338  0.013143815709363004  0.013708385261355807  0.014297204908304714  0.014911316270508398  0.015551805709238663  0.01621980624851049  0.01691649957939832  0.01764311815044419  0.01840094734785578  0.01919132776935102  0.02001565759567167  0.020875395063961057  0.021772061047381518  0.0227072417455348  0.023682591490444646  0.024699835673065437  0.025760773795493984  0.02686728265428373  0.028021319660492525  0.02922492630233721  0.030480231756580593  0.03178945665503921  0.0331549170128747  0.034579028325618065  0.03606430984217448  0.03761338902136763  0.03922900617990692  0.0409140193399999  0.042671409285185626  0.044504284833332394  0.046415888336127774  0.04840960141478949  0.05048895094214394  0.05265761528165439  0.05491943079443554  0.05727839862576538  0.05973869178310004  0.06230466251811238  0.06498085002581286  0.06777198847437253  0.07068301537985341  0.07371908034066062  0.07688555414716733  0.08018803828262767  0.08363237483218501  0.08722465681750427  0.09097123897530998  0.09487874899889745  0.09895409926250376  0.10320449904927852  0.1076374673044853  0.11226084593649444  0.11708281368909704  0.12211190060968001  0.12735700313885567  0.13282739984823985  0.1385327678542193  0.14448319993674355  0.150689222393424  0.15716181366052454  0.16391242373378453  0.1709529944234296  0.17829598047919984  0.18595437162276682  0.1939417155265149  0.20227214177933603  0.21096038688183238  0.22002182031514395  0.2294724717295179  0.2393290593007152  0.24960901930441615  0.26033053696094227  0.2715125786048606  0.28317492523637666  0.2953382075138675  0.308023942249458  0.32125457047220124  0.33505349712619653  0.3494451324738692  0.3644549352776552  0.38010945783648104  0.3964363929567065  0.41346462294062064  0.4312242706791523  0.44974675293918026  0.4690648359397062  0.48921269331520334  0.5102259665686786  0.5321418281213915  0.5549990470707652  0.578838057772808  0.6037010313703756  0.6296319503938047  0.6566766865658864  0.6848830819488142  0.7143010335766556  0.7449825817230663  0.7769820019603892  0.8103559011729886  0.8451633176946665  0.8814658257473112  0.9193276443655247  0.9588157509999117  1.0  
0.1e+001 0.1e+007
-14 -12 12 14
6.60201868854497e+10 3.75694199816240e+04 1.04856476621929e+09 8.84365686928472e+10
6.60201868854497e+10 3.75694199816240e+04 1.04856476621929e+09 8.84365686928472e+10
6.83566554947024e+10 5.77866054050438e+04 1.08646425186339e+09 9.11496288889801e+10
6.83566554947024e+10 5.77866054050438e+04 1.08646425186339e+09 9.11496288889801e+10
7.06931241039551e+10 7.80037908284635e+04 1.12436373750748e+09 9.38626890851130e+10
7.06931241039551e+10 7.80037908284635e+04 1.12436373750748e+09 9.38626890851130e+10
7.30295927132078e+10 9.82209762518833e+04 1.16226322315157e+09 9.65757492812459e+10
7.30295927132078e+10 9.82209762518833e+04 1.16226322315157e+09 9.65757492812459e+10
7.53660613224605e+10 1.18438161675303e+05 1.20016270879566e+09 9.92888094773789e+10
7.53660613224605e+10 1.18438161675303e+05 1.20016270879566e+09 9.92888094773789e+10
7.89105829409820e+10 1.51499564819425e+05 1.25767096492052e+09 1.03398714076258e+11
7.89105829409820e+10 1.51499564819425e+05 1.25767096492052e+09 1.03398714076258e+11
8.13606507914576e+10 1.78550740156175e+05 1.29744902031409e+09 1.06227413188958e+11
8.13606507914576e+10 1.78550740156175e+05 1.29744902031409e+09 1.06227413188958e+11
8.38867899652996e+10 2.10432068556214e+05 1.33848518990051e+09 1.09133497583880e+11
8.38867899652996e+10 2.10432068556214e+05 1.33848518990051e+09 1.09133497583880e+11
8.64913623751536e+10 2.48006003436978e+05 1.38081926575374e+09 1.12119084305526e+11
8.64913623751536e+10 2.48006003436978e+05 1.38081926575374e+09 1.12119084305526e+11
8.91768032678877e+10 2.92288994556699e+05 1.42449229850531e+09 1.15186348314804e+11
8.91768032678877e+10 2.92288994556699e+05 1.42449229850531e+09 1.15186348314804e+11
9.19456235015217e+10 3.44478985004393e+05 1.46954663715043e+09 1.18337524073459e+11
9.19456235015217e+10 3.44478985004393e+05 1.46954663715043e+09 1.18337524073459e+11
9.48004118928518e+10 4.05987817945836e+05 1.51602597011309e+09 1.21574907171849e+11
9.48004118928518e+10 4.05987817945836e+05 1.51602597011309e+09 1.21574907171849e+11
9.77438376379669e+10 4.78479429792560e+05 1.56397536760997e+09 1.24900856001250e+11
9.77438376379669e+10 4.78479429792560e+05 1.56397536760997e+09 1.24900856001250e+11
1.00778652807917e+11 5.63914862995117e+05 1.61344132535426e+09 1.28317793471920e+11
1.00778652807917e+11 5.63914862995117e+05 1.61344132535426e+09 1.28317793471920e+11
1.03907694921870e+11 6.64605316146335e+05 1.66447180964176e+09 1.31828208778148e+11
1.03907694921870e+11 6.64605316146335e+05 1.66447180964176e+09 1.31828208778148e+11
1.07133889600162e+11 7.83274666505454e+05 1.71711630386300e+09 1.35434659211608e+11
1.07133889600162e+11 7.83274666505454e+05 1.71711630386300e+09 1.35434659211608e+11
1.10460253299719e+11 9.23133156301964e+05 1.77142585648640e+09 1.39139772024308e+11
1.10460253299719e+11 9.23133156301964e+05 1.77142585648640e+09 1.39139772024308e+11
1.13889896134412e+11 1.08796423618035e+06 1.82745313055914e+09 1.42946246342511e+11
1.13889896134412e+11 1.08796423618035e+06 1.82745313055914e+09 1.42946246342511e+11
1.17426024782982e+11 1.28222691507390e+06 1.88525245477359e+09 1.46856855133009e+11
1.17426024782982e+11 1.28222691507390e+06 1.88525245477359e+09 1.46856855133009e+11
1.21071945487244e+11 1.51117638527539e+06 1.94487987614894e+09 1.50874447223199e+11
1.21071945487244e+11 1.51117638527539e+06 1.94487987614894e+09 1.50874447223199e+11
1.24831067143394e+11 1.78100618585313e+06 2.00639321437902e+09 1.55001949376413e+11
1.24831067143394e+11 1.78100618585313e+06 2.00639321437902e+09 1.55001949376413e+11
1.28706904489284e+11 2.09901575021573e+06 2.06985211789907e+09 1.59242368424028e+11
1.28706904489284e+11 2.09901575021573e+06 2.06985211789907e+09 1.59242368424028e+11
1.32703081390667e+11 2.47380787032092e+06 2.13531812172584e+09 1.63598793455900e+11
1.32703081390667e+11 2.47380787032092e+06 2.13531812172584e+09 1.63598793455900e+11
1.36823334229471e+11 2.91552141932843e+06 2.20285470712700e+09 1.68074398070733e+11
1.36823334229471e+11 2.91552141932843e+06 2.20285470712700e+09 1.68074398070733e+11
1.41071515397278e+11 3.43610562830822e+06 2.27252736317789e+09 1.72672442687996e+11
1.41071515397278e+11 3.43610562830822e+06 2.27252736317789e+09 1.72672442687996e+11
1.45451596897262e+11 4.04964333673496e+06 2.34440365026513e+09 1.77396276923101e+11
1.45451596897262e+11 4.04964333673496e+06 2.34440365026513e+09 1.77396276923101e+11
1.49967674057975e+11 4.77273196133853e+06 2.41855326559877e+09 1.82249342027552e+11
1.49967674057975e+11 4.77273196133853e+06 2.41855326559877e+09 1.82249342027552e+11
1.54623969362432e+11 5.62493248927645e+06 2.49504811079652e+09 1.87235173395853e+11
1.54623969362432e+11 5.62493248927645e+06 2.49504811079652e+09 1.87235173395853e+11
1.59424836396086e+11 6.62929864178758e+06 2.57396236160550e+09 1.92357403140997e+11
1.59424836396086e+11 6.62929864178758e+06 2.57396236160550e+09 1.92357403140997e+11
1.64374763917386e+11 7.81300052325780e+06 2.65537253982917e+09 1.97619762740411e+11
1.64374763917386e+11 7.81300052325780e+06 2.65537253982917e+09 1.97619762740411e+11
1.69478380054713e+11 9.20805962664650e+06 2.73935758752929e+09 2.03026085754287e+11
1.69478380054713e+11 9.20805962664650e+06 2.73935758752929e+09 2.03026085754287e+11
1.74740456633634e+11 1.08522150786345e+07 2.82599894357463e+09 2.08580310618288e+11
1.74740456633634e+11 1.08522150786345e+07 2.82599894357463e+09 2.08580310618288e+11
1.80165913638504e+11 1.27899445581492e+07 2.91538062261084e+09 2.14286483512638e+11
1.80165913638504e+11 1.27899445581492e+07 2.91538062261084e+09 2.14286483512638e+11
1.85759823812598e+11 1.50736675061470e+07 3.00758929652811e+09 2.20148761309717e+11
1.85759823812598e+11 1.50736675061470e+07 3.00758929652811e+09 2.20148761309717e+11
1.91527417401073e+11 1.77651631758717e+07 3.10271437850532e+09 2.26171414602286e+11
1.91527417401073e+11 1.77651631758717e+07 3.10271437850532e+09 2.26171414602286e+11
1.97474087041189e+11 2.09372418846738e+07 3.20084810971253e+09 2.32358830814558e+11
1.97474087041189e+11 2.09372418846738e+07 3.20084810971253e+09 2.32358830814558e+11
2.03605392804366e+11 2.46757146780796e+07 3.30208564875568e+09 2.38715517398381e+11
2.03605392804366e+11 2.46757146780796e+07 3.30208564875568e+09 2.38715517398381e+11
2.09927067394788e+11 2.90817146894457e+07 3.40652516395021e+09 2.45246105116856e+11
2.09927067394788e+11 2.90817146894457e+07 3.40652516395021e+09 2.45246105116856e+11
2.16445021509425e+11 3.42744329925986e+07 3.51426792851326e+09 2.51955351417786e+11
2.16445021509425e+11 3.42744329925986e+07 3.51426792851326e+09 2.51955351417786e+11
2.23165349364466e+11 4.03943429577234e+07 3.62541841876657e+09 2.58848143899420e+11
2.23165349364466e+11 4.03943429577234e+07 3.62541841876657e+09 2.58848143899420e+11
2.30094334393343e+11 4.76070003357468e+07 3.74008441544536e+09 2.65929503870999e+11
2.30094334393343e+11 4.76070003357468e+07 3.74008441544536e+09 2.65929503870999e+11
2.37238455121678e+11 5.61075218710659e+07 3.85837710821150e+09 2.73204590010714e+11
2.37238455121678e+11 5.61075218710659e+07 3.85837710821150e+09 2.73204590010714e+11
2.44604391224632e+11 6.61258635980127e+07 3.98041120347221e+09 2.80678702123742e+11
2.44604391224632e+11 6.61258635980127e+07 3.98041120347221e+09 2.80678702123742e+11
2.52199029772327e+11 7.79330416094870e+07 4.10630503560893e+09 2.88357285003076e+11
2.52199029772327e+11 7.79330416094870e+07 4.10630503560893e+09 2.88357285003076e+11
2.60029471669182e+11 9.18484635819344e+07 4.23618068172413e+09 2.96245932395994e+11
2.60029471669182e+11 9.18484635819344e+07 4.23618068172413e+09 2.96245932395994e+11
2.68103038293184e+11 1.08248569389020e+08 4.37016408001739e+09 3.04350391079024e+11
2.68103038293184e+11 1.08248569389020e+08 4.37016408001739e+09 3.04350391079024e+11
2.76427278341293e+11 1.27577014549803e+08 4.50838515190556e+09 3.12676565044399e+11
2.76427278341293e+11 1.27577014549803e+08 4.50838515190556e+09 3.12676565044399e+11
2.85009974887395e+11 1.50356671993962e+08 4.65097792800532e+09 3.21230519801040e+11
2.85009974887395e+11 1.50356671993962e+08 4.65097792800532e+09 3.21230519801040e+11
2.93859152659389e+11 1.77203776815727e+08 4.79808067810036e+09 3.30018486793193e+11
2.93859152659389e+11 1.77203776815727e+08 4.79808067810036e+09 3.30018486793193e+11
3.02983085542223e+11 2.08844596660260e+08 4.94983604521929e+09 3.39046867939964e+11
3.02983085542223e+11 2.08844596660260e+08 4.94983604521929e+09 3.39046867939964e+11
3.12390304313881e+11 2.46135078709652e+08 5.10639118395408e+09 3.48322240299026e+11
3.12390304313881e+11 2.46135078709652e+08 5.10639118395408e+09 3.48322240299026e+11
3.22089604621574e+11 2.90084004758618e+08 5.26789790315343e+09 3.57851360857921e+11
3.22089604621574e+11 2.90084004758618e+08 5.26789790315343e+09 3.57851360857921e+11
3.32090055205572e+11 3.41880280770797e+08 5.43451281312917e+09 3.67641171456443e+11
3.32090055205572e+11 3.41880280770797e+08 5.43451281312917e+09 3.67641171456443e+11
3.42401006378374e+11 4.02925099152495e+08 5.60639747751864e+09 3.77698803843667e+11
3.42401006378374e+11 4.02925099152495e+08 5.60639747751864e+09 3.77698803843667e+11
3.53032098767155e+11 4.74869843797424e+08 5.78371856995019e+09 3.88031584873346e+11
3.53032098767155e+11 4.74869843797424e+08 5.78371856995019e+09 3.88031584873346e+11
3.63993272327643e+11 5.59660763309372e+08 5.96664803566372e+09 3.98647041841420e+11
3.63993272327643e+11 5.59660763309372e+08 5.96664803566372e+09 3.98647041841420e+11
3.75294775637868e+11 6.59591620902435e+08 6.15536325824310e+09 4.09552907969558e+11
3.75294775637868e+11 6.59591620902435e+08 6.15536325824310e+09 4.09552907969558e+11
3.86947175480479e+11 7.77365745263452e+08 6.35004723162198e+09 4.20757128038704e+11
3.86947175480479e+11 7.77365745263452e+08 6.35004723162198e+09 4.20757128038704e+11
3.98961366722560e+11 9.16169160976026e+08 6.55088873752988e+09 4.32267864176751e+11
3.98961366722560e+11 9.16169160976026e+08 6.55088873752988e+09 4.32267864176751e+11
4.11348582502221e+11 1.07975677682974e+09 6.75808252855064e+09 4.44093501804542e+11
4.11348582502221e+11 1.07975677682974e+09 6.75808252855064e+09 4.44093501804542e+11
4.24120404731454e+11 1.27255396357995e+09 6.97182951697064e+09 4.56242655744539e+11
4.24120404731454e+11 1.27255396357995e+09 6.97182951697064e+09 4.56242655744539e+11
4.37288774925100e+11 1.49977626903876e+09 7.19233696960008e+09 4.68724176496611e+11
4.37288774925100e+11 1.49977626903876e+09 7.19233696960008e+09 4.68724176496611e+11
4.50866005366030e+11 1.76757050902896e+09 7.41981870875599e+09 4.81547156685505e+11
4.50866005366030e+11 1.76757050902896e+09 7.41981870875599e+09 4.81547156685505e+11
4.64972119097812e+11 2.11525356450350e+09 7.65633494900479e+09 4.94807858316483e+11
4.64972119097812e+11 2.11525356450350e+09 7.65633494900479e+09 4.94807858316483e+11
4.79666560979894e+11 2.56839104879236e+09 7.90290861777534e+09 5.08553174682968e+11
4.79666560979894e+11 2.56839104879236e+09 7.90290861777534e+09 5.08553174682968e+11
4.94911599568104e+11 3.12457000319868e+09 8.15889709243159e+09 5.22751283506697e+11
4.94911599568104e+11 3.12457000319868e+09 8.15889709243159e+09 5.22751283506697e+11
5.10668331907493e+11 3.78094662046926e+09 8.42363742524489e+09 5.37369491941032e+11
5.10668331907493e+11 3.78094662046926e+09 8.42363742524489e+09 5.37369491941032e+11
5.26896647158496e+11 4.53416931414559e+09 8.69644570054489e+09 5.52374212754651e+11
5.26896647158496e+11 4.53416931414559e+09 8.69644570054489e+09 5.52374212754651e+11
5.43555189093733e+11 5.38028805147622e+09 8.97661637153818e+09 5.67730939863689e+11
5.43555189093733e+11 5.38028805147622e+09 8.97661637153818e+09 5.67730939863689e+11
5.60601317430385e+11 6.31464749716532e+09 9.26342157615157e+09 5.83404223194505e+11
5.60601317430385e+11 6.31464749716532e+09 9.26342157615157e+09 5.83404223194505e+11
5.77991067961996e+11 7.33176107728285e+09 9.55611043123668e+09 5.99357642858769e+11
5.77991067961996e+11 7.33176107728285e+09 9.55611043123668e+09 5.99357642858769e+11
5.95986519262421e+11 8.43146920573638e+09 9.91649856493937e+09 6.15996412417664e+11
5.95986519262421e+11 8.43146920573638e+09 9.91649856493937e+09 6.15996412417664e+11
6.14633299382343e+11 9.60804597656580e+09 1.03625929073171e+10 6.33415085947207e+11
6.14633299382343e+11 9.60804597656580e+09 1.03625929073171e+10 6.33415085947207e+11
6.33775892082472e+11 1.08204373107047e+10 1.08917294210365e+10 6.51487251371584e+11
6.33775892082472e+11 1.08204373107047e+10 1.08917294210365e+10 6.51487251371584e+11
6.53318257291474e+11 1.20410302093451e+10 1.15022622579852e+10 6.70135040505368e+11
6.53318257291474e+11 1.20410302093451e+10 1.15022622579852e+10 6.70135040505368e+11
6.73260395009349e+11 1.32698246724868e+10 1.21941914181631e+10 6.89358453348560e+11
6.73260395009349e+11 1.32698246724868e+10 1.21941914181631e+10 6.89358453348560e+11
6.93602305236097e+11 1.45068207001300e+10 1.29675169015702e+10 7.09157489901158e+11
6.93602305236097e+11 1.45068207001300e+10 1.29675169015702e+10 7.09157489901158e+11
7.14343987971718e+11 1.57520182922747e+10 1.38222387082066e+10 7.29532150163163e+11
7.14343987971718e+11 1.57520182922747e+10 1.38222387082066e+10 7.29532150163163e+11
7.35485443216212e+11 1.70054174489207e+10 1.47583568380721e+10 7.50482434134574e+11
7.35485443216212e+11 1.70054174489207e+10 1.47583568380721e+10 7.50482434134574e+11
7.58307217307441e+11 1.83347884668854e+10 1.57692398084859e+10 7.73182930018077e+11
7.58307217307441e+11 1.83347884668854e+10 1.57692398084859e+10 7.73182930018077e+11
7.82834776221803e+11 1.97414790809037e+10 1.68547557404396e+10 7.97656996621208e+11
7.82834776221803e+11 1.97414790809037e+10 1.68547557404396e+10 7.97656996621208e+11
8.08760712149293e+11 2.12191826417537e+10 1.79523143734450e+10 8.23462004148349e+11
8.08760712149293e+11 2.12191826417537e+10 1.79523143734450e+10 8.23462004148349e+11
8.35992660391044e+11 2.27660042341558e+10 1.90431096447609e+10 8.50464958685710e+11
8.35992660391044e+11 2.27660042341558e+10 1.90431096447609e+10 8.50464958685710e+11
8.64530620947056e+11 2.43819438581101e+10 2.01271415543874e+10 8.78665860233292e+11
8.64530620947056e+11 2.43819438581101e+10 2.01271415543874e+10 8.78665860233292e+11
8.94374593817327e+11 2.60670015136166e+10 2.12044101023245e+10 9.08064708791095e+11
8.94374593817327e+11 2.60670015136166e+10 2.12044101023245e+10 9.08064708791095e+11
9.25524579001859e+11 2.78211772006752e+10 2.22749152885722e+10 9.38661504359118e+11
9.25524579001859e+11 2.78211772006752e+10 2.22749152885722e+10 9.38661504359118e+11
9.57646729075398e+11 2.96831315173315e+10 2.34020204684259e+10 9.70471816475181e+11
9.57646729075398e+11 2.96831315173315e+10 2.34020204684259e+10 9.70471816475181e+11
9.89336510975194e+11 3.18155138778791e+10 2.48523022896218e+10 1.00356114790788e+12
9.89336510975194e+11 3.18155138778791e+10 2.48523022896218e+10 1.00356114790788e+12
1.02059392470125e+12 3.42183242823179e+10 2.66257607521599e+10 1.03792949865720e+12
1.02059392470125e+12 3.42183242823179e+10 2.66257607521599e+10 1.03792949865720e+12
1.05013842391569e+12 3.68237924338307e+10 2.87290273387211e+10 1.07240228052047e+12
1.05013842391569e+12 3.68237924338307e+10 2.87290273387211e+10 1.07240228052047e+12
1.07794454264214e+12 3.96305705976825e+10 3.11622339283140e+10 1.10695613469016e+12
1.07794454264214e+12 3.96305705976825e+10 3.11622339283140e+10 1.10695613469016e+12
1.10401228088058e+12 4.26386587738733e+10 3.39253805209385e+10 1.14159106116625e+12
1.10401228088058e+12 4.26386587738733e+10 3.39253805209385e+10 1.14159106116625e+12
1.12834163863102e+12 4.58480569624032e+10 3.70184671165946e+10 1.17630705994875e+12
1.12834163863102e+12 4.58480569624032e+10 3.70184671165946e+10 1.17630705994875e+12
1.15093261589345e+12 4.92587651632722e+10 4.04414937152824e+10 1.21110413103767e+12
1.15093261589345e+12 4.92587651632722e+10 4.04414937152824e+10 1.21110413103767e+12
1.17197520245576e+12 5.29058140046305e+10 4.41640783429770e+10 1.24536438665030e+12
1.17197520245576e+12 5.29058140046305e+10 4.41640783429770e+10 1.24536438665030e+12
1.19175015895788e+12 5.68409705929463e+10 4.81413235208978e+10 1.27817473260817e+12
1.19175015895788e+12 5.68409705929463e+10 4.81413235208978e+10 1.27817473260817e+12
1.21059133282506e+12 6.10255743301738e+10 5.23098658937493e+10 1.30951959937348e+12
1.21059133282506e+12 6.10255743301738e+10 5.23098658937493e+10 1.30951959937348e+12
1.22990325712006e+12 6.52969758020197e+10 5.64031288137953e+10 1.33933348417763e+12
1.22990325712006e+12 6.52969758020197e+10 5.64031288137953e+10 1.33933348417763e+12
1.24968593184287e+12 6.96551750084841e+10 6.04211122810359e+10 1.36761638702061e+12
1.24968593184287e+12 6.96551750084841e+10 6.04211122810359e+10 1.36761638702061e+12
1.26993935699349e+12 7.41001719495668e+10 6.43638162954710e+10 1.39436830790244e+12
1.26993935699349e+12 7.41001719495668e+10 6.43638162954710e+10 1.39436830790244e+12
1.29066353257193e+12 7.86319666252679e+10 6.82312408571007e+10 1.41958924682310e+12
1.29066353257193e+12 7.86319666252679e+10 6.82312408571007e+10 1.41958924682310e+12
1.31185845857818e+12 8.32505590355874e+10 7.20233859659249e+10 1.44327920378260e+12
1.31185845857818e+12 8.32505590355874e+10 7.20233859659249e+10 1.44327920378260e+12
1.33286587596018e+12 8.80284317678676e+10 7.57656101901762e+10 1.46548106491324e+12
1.33286587596018e+12 8.80284317678676e+10 7.57656101901762e+10 1.46548106491324e+12
1.35327393581603e+12 9.30109345577631e+10 7.94737794696354e+10 1.48622166251828e+12
1.35327393581603e+12 9.30109345577631e+10 7.94737794696354e+10 1.48622166251828e+12
1.37289264835787e+12 9.81630367771236e+10 8.31782757783271e+10 1.50611888438039e+12
1.37289264835787e+12 9.81630367771236e+10 8.31782757783271e+10 1.50611888438039e+12
1.39144125294575e+12 1.03432971319481e+11 8.69239965950322e+10 1.52608582467805e+12
1.39144125294575e+12 1.03432971319481e+11 8.69239965950322e+10 1.52608582467805e+12
1.40891974957968e+12 1.08820738184835e+11 9.07109419197506e+10 1.54612248341126e+12
1.40891974957968e+12 1.08820738184835e+11 9.07109419197506e+10 1.54612248341126e+12
1.42532813825965e+12 1.14326337373187e+11 9.45391117524823e+10 1.56622886058002e+12
1.42532813825965e+12 1.14326337373187e+11 9.45391117524823e+10 1.56622886058002e+12
1.44066641898567e+12 1.19949768884535e+11 9.84085060932273e+10 1.58640495618432e+12
1.44066641898567e+12 1.19949768884535e+11 9.84085060932273e+10 1.58640495618432e+12
1.45493459175773e+12 1.25691032718880e+11 1.02319124941986e+11 1.60665077022418e+12
1.45493459175773e+12 1.25691032718880e+11 1.02319124941986e+11 1.60665077022418e+12
1.46676295334495e+12 1.31612975286841e+11 1.06348988600089e+11 1.62561038317367e+12
1.46676295334495e+12 1.31612975286841e+11 1.06348988600089e+11 1.62561038317367e+12
1.47586432948035e+12 1.37728773071831e+11 1.10514454934218e+11 1.64299951068041e+12
1.47586432948035e+12 1.37728773071831e+11 1.10514454934218e+11 1.64299951068041e+12
1.48289697921599e+12 1.43965943486509e+11 1.14790165376142e+11 1.65877526661210e+12
1.48289697921599e+12 1.43965943486509e+11 1.14790165376142e+11 1.65877526661210e+12
1.48827275145376e+12 1.50279136795218e+11 1.19160253986079e+11 1.67291081866549e+12
1.48827275145376e+12 1.50279136795218e+11 1.19160253986079e+11 1.67291081866549e+12
1.49199164619366e+12 1.56668352997959e+11 1.23624720764030e+11 1.68540616684059e+12
1.49199164619366e+12 1.56668352997959e+11 1.23624720764030e+11 1.68540616684059e+12
1.49405366343569e+12 1.63133592094733e+11 1.28183565709994e+11 1.69626131113739e+12
1.49405366343569e+12 1.63133592094733e+11 1.28183565709994e+11 1.69626131113739e+12
1.49445880317986e+12 1.69674854085539e+11 1.32836788823971e+11 1.70547625155590e+12
1.49445880317986e+12 1.69674854085539e+11 1.32836788823971e+11 1.70547625155590e+12
1.49316551639601e+12 1.76294020186286e+11 1.37583540651060e+11 1.71297306527503e+12
1.49316551639601e+12 1.76294020186286e+11 1.37583540651060e+11 1.71297306527503e+12
1.48912829427223e+12 1.83038427911290e+11 1.42402446141532e+11 1.71679096053157e+12
1.48912829427223e+12 1.83038427911290e+11 1.42402446141532e+11 1.71679096053157e+12
1.48234713680851e+12 1.89908077260551e+11 1.47293505295387e+11 1.71692993732554e+12
1.48234713680851e+12 1.89908077260551e+11 1.47293505295387e+11 1.71692993732554e+12
1.47419174723576e+12 1.96840121823451e+11 1.52178697811294e+11 1.71474591518284e+12
1.47419174723576e+12 1.96840121823451e+11 1.52178697811294e+11 1.71474591518284e+12
1.46494929982094e+12 2.03821385116575e+11 1.57041665822572e+11 1.71052317845585e+12
1.46494929982094e+12 2.03821385116575e+11 1.57041665822572e+11 1.71052317845585e+12
1.45461979456406e+12 2.10851867139925e+11 1.61882409329219e+11 1.70426172714458e+12
1.45461979456406e+12 2.10851867139925e+11 1.61882409329219e+11 1.70426172714458e+12
1.44320323146512e+12 2.17931567893500e+11 1.66700928331236e+11 1.69596156124902e+12
1.44320323146512e+12 2.17931567893500e+11 1.66700928331236e+11 1.69596156124902e+12
1.43069961052412e+12 2.25060487377300e+11 1.71497222828623e+11 1.68562268076918e+12
1.43069961052412e+12 2.25060487377300e+11 1.71497222828623e+11 1.68562268076918e+12
1.41691715656989e+12 2.32106015949852e+11 1.76192069461777e+11 1.67306225989129e+12
1.41691715656989e+12 2.32106015949852e+11 1.76192069461777e+11 1.67306225989129e+12
1.40127982436599e+12 2.38669827009166e+11 1.80547500830452e+11 1.65773113503761e+12
1.40127982436599e+12 2.38669827009166e+11 1.80547500830452e+11 1.65773113503761e+12
1.38382916294256e+12 2.44750039339333e+11 1.84564366389550e+11 1.63970722902923e+12
1.38382916294256e+12 2.44750039339333e+11 1.84564366389550e+11 1.63970722902923e+12
1.36561068111153e+12 2.50299315426038e+11 1.88264041188799e+11 1.62095133362935e+12
1.36561068111153e+12 2.50299315426038e+11 1.88264041188799e+11 1.62095133362935e+12
1.34662437887288e+12 2.55317655269279e+11 1.91646525228199e+11 1.60146344883797e+12
1.34662437887288e+12 2.55317655269279e+11 1.91646525228199e+11 1.60146344883797e+12
1.32687025622663e+12 2.59805058869058e+11 1.94711818507751e+11 1.58124357465509e+12
1.32687025622663e+12 2.59805058869058e+11 1.94711818507751e+11 1.58124357465509e+12
1.30634831317276e+12 2.63761526225375e+11 1.97459921027453e+11 1.56029171108072e+12
1.30634831317276e+12 2.63761526225375e+11 1.97459921027453e+11 1.56029171108072e+12
1.28505854971129e+12 2.67187057338228e+11 1.99890832787307e+11 1.53860785811484e+12
1.28505854971129e+12 2.67187057338228e+11 1.99890832787307e+11 1.53860785811484e+12
1.26274432850945e+12 2.69893711237824e+11 2.01913342442379e+11 1.51590570808728e+12
1.26274432850945e+12 2.69893711237824e+11 2.01913342442379e+11 1.51590570808728e+12
1.23910596369556e+12 2.71662021594932e+11 2.03420938788229e+11 1.49185092786418e+12
1.23910596369556e+12 2.71662021594932e+11 2.03420938788229e+11 1.49185092786418e+12
1.21433523044077e+12 2.72624598051025e+11 2.04492845184460e+11 1.46662634325933e+12
1.21433523044077e+12 2.72624598051025e+11 2.04492845184460e+11 1.46662634325933e+12
1.18900817398154e+12 2.73179767208092e+11 2.05367029031318e+11 1.44078111785044e+12
1.18900817398154e+12 2.73179767208092e+11 2.05367029031318e+11 1.44078111785044e+12
1.16312479431785e+12 2.73327529066133e+11 2.06043490328801e+11 1.41431525163751e+12
1.16312479431785e+12 2.73327529066133e+11 2.06043490328801e+11 1.41431525163751e+12
1.13668509144972e+12 2.73067883625148e+11 2.06522229076911e+11 1.38722874462056e+12
1.13668509144972e+12 2.73067883625148e+11 2.06522229076911e+11 1.38722874462056e+12
1.10968906537713e+12 2.72400830885138e+11 2.06803245275648e+11 1.35952159679957e+12
1.10968906537713e+12 2.72400830885138e+11 2.06803245275648e+11 1.35952159679957e+12
1.08213671610010e+12 2.71326370846101e+11 2.06886538925011e+11 1.33119380817456e+12
1.08213671610010e+12 2.71326370846101e+11 2.06886538925011e+11 1.33119380817456e+12
1.05377121730456e+12 2.69594766493206e+11 2.06537637002475e+11 1.30195170814637e+12
1.05377121730456e+12 2.69594766493206e+11 2.06537637002475e+11 1.30195170814637e+12
1.02446769830115e+12 2.67084594002273e+11 2.05642537140067e+11 1.27165251208527e+12
1.02446769830115e+12 2.67084594002273e+11 2.05642537140067e+11 1.27165251208527e+12
9.94482796422614e+11 2.63983794343096e+11 2.04292450682717e+11 1.24058252766145e+12
9.94482796422614e+11 2.63983794343096e+11 2.04292450682717e+11 1.24058252766145e+12
9.64116197540652e+11 2.60511833844905e+11 2.02593888834867e+11 1.20907608800875e+12
9.64116197540652e+11 2.60511833844905e+11 2.02593888834867e+11 1.20907608800875e+12
9.33367901655267e+11 2.56668712507703e+11 2.00546851596517e+11 1.17713319312718e+12
9.33367901655267e+11 2.56668712507703e+11 2.00546851596517e+11 1.17713319312718e+12
9.02237908766458e+11 2.52454430331487e+11 1.98151338967668e+11 1.14475384301671e+12
9.02237908766458e+11 2.52454430331487e+11 1.98151338967668e+11 1.14475384301671e+12
8.70726218874226e+11 2.47868987316259e+11 1.95407350948318e+11 1.11193803767737e+12
8.70726218874226e+11 2.47868987316259e+11 1.95407350948318e+11 1.11193803767737e+12
8.38832831978571e+11 2.42912383462019e+11 1.92314887538469e+11 1.07868577710915e+12
8.38832831978571e+11 2.42912383462019e+11 1.92314887538469e+11 1.07868577710915e+12
8.06882277269824e+11 2.37436148701814e+11 1.88840478865420e+11 1.04512121888659e+12
8.06882277269824e+11 2.37436148701814e+11 1.88840478865420e+11 1.04512121888659e+12
7.74916974813358e+11 2.31420876122078e+11 1.84979749993940e+11 1.01126059197331e+12
7.74916974813358e+11 2.31420876122078e+11 1.84979749993940e+11 1.01126059197331e+12
7.43193750923229e+11 2.25116302737645e+11 1.80967173946554e+11 9.77397566968468e+11
7.43193750923229e+11 2.25116302737645e+11 1.80967173946554e+11 9.77397566968468e+11
7.11837476288805e+11 2.18643852372695e+11 1.76916753091238e+11 9.43674928501795e+11
7.11837476288805e+11 2.18643852372695e+11 1.76916753091238e+11 9.43674928501795e+11
6.80848150910086e+11 2.12003525027227e+11 1.72828487427991e+11 9.10092676573295e+11
6.80848150910086e+11 2.12003525027227e+11 1.72828487427991e+11 9.10092676573295e+11
6.50225774787071e+11 2.05195320701242e+11 1.68702376956814e+11 8.76650811182967e+11
6.50225774787071e+11 2.05195320701242e+11 1.68702376956814e+11 8.76650811182967e+11
6.19970347919760e+11 1.98219239394740e+11 1.64538421677707e+11 8.43349332330812e+11
6.19970347919760e+11 1.98219239394740e+11 1.64538421677707e+11 8.43349332330812e+11
5.90126408803215e+11 1.91073421947909e+11 1.60324366795611e+11 8.10221747451581e+11
5.90126408803215e+11 1.91073421947909e+11 1.60324366795611e+11 8.10221747451581e+11
5.61113641475945e+11 1.83740349589702e+11 1.55944735982159e+11 7.77583795447492e+11
5.61113641475945e+11 1.83740349589702e+11 1.55944735982159e+11 7.77583795447492e+11
5.32932045937952e+11 1.76220022320120e+11 1.51399529237350e+11 7.45435476318545e+11
5.32932045937952e+11 1.76220022320120e+11 1.51399529237350e+11 7.45435476318545e+11
5.05257092998904e+11 1.68660910206114e+11 1.46722216433884e+11 7.13652632490203e+11
5.05257092998904e+11 1.68660910206114e+11 1.46722216433884e+11 7.13652632490203e+11
4.78046362593427e+11 1.61082420161250e+11 1.41917172506991e+11 6.82219034998831e+11
4.78046362593427e+11 1.61082420161250e+11 1.41917172506991e+11 6.82219034998831e+11
4.51299854721522e+11 1.53484552185527e+11 1.36984397456672e+11 6.51134683844429e+11
4.51299854721522e+11 1.53484552185527e+11 1.36984397456672e+11 6.51134683844429e+11
4.25017569383189e+11 1.45867306278946e+11 1.31923891282926e+11 6.20399579026996e+11
4.25017569383189e+11 1.45867306278946e+11 1.31923891282926e+11 6.20399579026996e+11
3.99199506578428e+11 1.38230682441506e+11 1.26735653985754e+11 5.90013720546533e+11
3.99199506578428e+11 1.38230682441506e+11 1.26735653985754e+11 5.90013720546533e+11
3.74073453393062e+11 1.30621028419410e+11 1.21435290351926e+11 5.60134400977021e+11
3.74073453393062e+11 1.30621028419410e+11 1.21435290351926e+11 5.60134400977021e+11
3.50152426907105e+11 1.23142727590386e+11 1.16057945140045e+11 5.31115871204630e+11
3.50152426907105e+11 1.23142727590386e+11 1.16057945140045e+11 5.31115871204630e+11
3.27391888625499e+11 1.15797639114246e+11 1.10615873145166e+11 5.02924623794610e+11
3.27391888625499e+11 1.15797639114246e+11 1.10615873145166e+11 5.02924623794610e+11
3.05372154509730e+11 1.08603281762038e+11 1.05224550695661e+11 4.75244919844744e+11
3.05372154509730e+11 1.08603281762038e+11 1.05224550695661e+11 4.75244919844744e+11
2.84093224559800e+11 1.01559655533761e+11 9.98839777915282e+10 4.48076759355030e+11
2.84093224559800e+11 1.01559655533761e+11 9.98839777915282e+10 4.48076759355030e+11
2.63555098775708e+11 9.46667604294164e+10 9.45941544327684e+10 4.21420142325468e+11
2.63555098775708e+11 9.46667604294164e+10 9.45941544327684e+10 4.21420142325468e+11
2.43757777157453e+11 8.79245964490029e+10 8.93550806193813e+10 3.95275068756059e+11
2.43757777157453e+11 8.79245964490029e+10 8.93550806193813e+10 3.95275068756059e+11
2.24701259705037e+11 8.13331635925209e+10 8.41667563513672e+10 3.69641538646803e+11
2.24701259705037e+11 8.13331635925209e+10 8.41667563513672e+10 3.69641538646803e+11
2.06744615493102e+11 7.50146230510067e+10 7.90923232386259e+10 3.44913071898722e+11
2.06744615493102e+11 7.50146230510067e+10 7.90923232386259e+10 3.44913071898722e+11
1.90220582915410e+11 6.90821778858098e+10 7.41902926911940e+10 3.21454331438886e+11
1.90220582915410e+11 6.90821778858098e+10 7.41902926911940e+10 3.21454331438886e+11
1.74901374886138e+11 6.34894803507288e+10 6.94450599222999e+10 2.99108024693317e+11
1.74901374886138e+11 6.34894803507288e+10 6.94450599222999e+10 2.99108024693317e+11
1.60273974325272e+11 5.81321470680335e+10 6.48214801733422e+10 2.77519900775840e+11
1.60273974325272e+11 5.81321470680335e+10 6.48214801733422e+10 2.77519900775840e+11
1.46338381232811e+11 5.30101780377240e+10 6.03195534443209e+10 2.56689959686457e+11
1.46338381232811e+11 5.30101780377240e+10 6.03195534443209e+10 2.56689959686457e+11
1.33094595608754e+11 4.81235732598002e+10 5.59392797352361e+10 2.36618201425167e+11
1.33094595608754e+11 4.81235732598002e+10 5.59392797352361e+10 2.36618201425167e+11
1.20542617453103e+11 4.34723327342621e+10 5.16806590460877e+10 2.17304625991969e+11
1.20542617453103e+11 4.34723327342621e+10 5.16806590460877e+10 2.17304625991969e+11
1.08682446765857e+11 3.90564564611098e+10 4.75436913768758e+10 1.98749233386865e+11
1.08682446765857e+11 3.90564564611098e+10 4.75436913768758e+10 1.98749233386865e+11
9.78853612682543e+10 3.50254410999365e+10 4.36357300874339e+10 1.81491513080787e+11
9.78853612682543e+10 3.50254410999365e+10 4.36357300874339e+10 1.81491513080787e+11
8.82882829328408e+10 3.14344189044426e+10 3.99963655785512e+10 1.65730421160520e+11
8.82882829328408e+10 3.14344189044426e+10 3.99963655785512e+10 1.65730421160520e+11
7.95321426849740e+10 2.81612286835921e+10 3.65624562403274e+10 1.51072437725041e+11
7.95321426849740e+10 2.81612286835921e+10 3.65624562403274e+10 1.51072437725041e+11
7.12842021308917e+10 2.50926673760352e+10 3.32754906627264e+10 1.37152899847281e+11
7.12842021308917e+10 2.50926673760352e+10 3.32754906627264e+10 1.37152899847281e+11
6.35444612705935e+10 2.22287349817722e+10 3.01354688457481e+10 1.23971807527238e+11
6.35444612705935e+10 2.22287349817722e+10 3.01354688457481e+10 1.23971807527238e+11
5.63129201040797e+10 1.95694315008028e+10 2.71423907893925e+10 1.11529160764914e+11
5.63129201040797e+10 1.95694315008028e+10 2.71423907893925e+10 1.11529160764914e+11
4.95895786313500e+10 1.71147569331272e+10 2.42962564936596e+10 9.98249595603072e+10
4.95895786313500e+10 1.71147569331272e+10 2.42962564936596e+10 9.98249595603072e+10
4.33744368524047e+10 1.48647112787453e+10 2.15970659585495e+10 8.88592039134185e+10
4.33744368524047e+10 1.48647112787453e+10 2.15970659585495e+10 8.88592039134185e+10
3.79599246035491e+10 1.29225488510655e+10 1.91667949344024e+10 7.91142030683848e+10
3.79599246035491e+10 1.29225488510655e+10 1.91667949344024e+10 7.91142030683848e+10
3.33640080445311e+10 1.12946133375609e+10 1.70129373070808e+10 7.06195889021637e+10
3.33640080445311e+10 1.12946133375609e+10 1.70129373070808e+10 7.06195889021637e+10
2.92154094541129e+10 9.83140807863832e+09 1.50281397167510e+10 6.28358719438225e+10
2.92154094541129e+10 9.83140807863832e+09 1.50281397167510e+10 6.28358719438225e+10
2.53772068597481e+10 8.47780082059725e+09 1.31728117626240e+10 5.55640961065760e+10
2.53772068597481e+10 8.47780082059725e+09 1.31728117626240e+10 5.55640961065760e+10
2.18494002614368e+10 7.23379156343773e+09 1.14469534446996e+10 4.88042613904241e+10
2.18494002614368e+10 7.23379156343773e+09 1.14469534446996e+10 4.88042613904241e+10
1.86319896591788e+10 6.09938030715975e+09 9.85056476297791e+09 4.25563677953668e+10
1.86319896591788e+10 6.09938030715975e+09 9.85056476297791e+09 4.25563677953668e+10
1.57249750529743e+10 5.07456705176330e+09 8.38364571745894e+09 3.68204153214040e+10
1.57249750529743e+10 5.07456705176330e+09 8.38364571745894e+09 3.68204153214040e+10
1.31505910152051e+10 4.16796837446177e+09 7.05846767551078e+09 3.16375404445960e+10
1.31505910152051e+10 4.16796837446177e+09 7.05846767551078e+09 3.16375404445960e+10
1.10313002386587e+10 3.42704231627511e+09 5.94261838590029e+09 2.72343130104774e+10
1.10313002386587e+10 3.42704231627511e+09 5.94261838590029e+09 2.72343130104774e+10
9.36710272333503e+09 2.85178887720334e+09 5.03609784862746e+09 2.36107330190484e+10
9.36710272333503e+09 2.85178887720334e+09 5.03609784862746e+09 2.36107330190484e+10
7.86556863292876e+09 2.33895374383812e+09 4.21693031335186e+09 2.02844912261717e+10
7.86556863292876e+09 2.33895374383812e+09 4.21693031335186e+09 2.02844912261717e+10
6.50873180769187e+09 1.88219322870625e+09 3.47762189421122e+09 1.72259557548899e+10
6.50873180769187e+09 1.88219322870625e+09 3.47762189421122e+09 1.72259557548899e+10
5.29659224762434e+09 1.48150733180772e+09 2.81817259120554e+09 1.44351266052030e+10
5.29659224762434e+09 1.48150733180772e+09 2.81817259120554e+09 1.44351266052030e+10
4.22914995272619e+09 1.13689605314253e+09 2.23858240433482e+09 1.19120037771110e+10
4.22914995272619e+09 1.13689605314253e+09 2.23858240433482e+09 1.19120037771110e+10
3.30640492299739e+09 8.48359392710685e+08 1.73885133359906e+09 9.65658727061392e+09
3.30640492299739e+09 8.48359392710685e+08 1.73885133359906e+09 9.65658727061392e+09
2.54569211983684e+09 6.20440213453865e+08 1.32834253372482e+09 7.71756223086367e+09
2.54569211983684e+09 6.20440213453865e+08 1.32834253372482e+09 7.71756223086367e+09
1.97714273167325e+09 4.61034804042820e+08 1.02333080180351e+09 6.17955193728393e+09
1.97714273167325e+09 4.61034804042820e+08 1.02333080180351e+09 6.17955193728393e+09
1.57852218612476e+09 3.61526587264181e+08 8.11544770466993e+08 5.00141991381471e+09
1.57852218612476e+09 3.61526587264181e+08 8.11544770466993e+08 5.00141991381471e+09
1.22736779040387e+09 2.74457522097973e+08 6.25396690948438e+08 3.95659631492111e+09
1.22736779040387e+09 2.74457522097973e+08 6.25396690948438e+08 3.95659631492111e+09
9.23679544510587e+08 1.99827608544197e+08 4.64886563247845e+08 3.04508114060314e+09
9.23679544510587e+08 1.99827608544197e+08 4.64886563247845e+08 3.04508114060314e+09
6.67457448444903e+08 1.37636846602852e+08 3.30014387365213e+08 2.26687439086080e+09
6.67457448444903e+08 1.37636846602852e+08 3.30014387365213e+08 2.26687439086080e+09
4.58701502206820e+08 8.78852362739396e+07 2.20780163300541e+08 1.62197606569408e+09
4.58701502206820e+08 8.78852362739396e+07 2.20780163300541e+08 1.62197606569408e+09
2.97411705796338e+08 5.05727775574583e+07 1.37183891053830e+08 1.11038616510298e+09
2.97411705796338e+08 5.05727775574583e+07 1.37183891053830e+08 1.11038616510298e+09
1.85494685816034e+08 2.59611923445333e+07 8.01510004554390e+07 7.41056349471946e+08
1.85494685816034e+08 2.59611923445333e+07 8.01510004554390e+07 7.41056349471946e+08
1.24349621517951e+08 1.42425454261267e+07 5.03606188269487e+07 5.20555800970309e+08
1.24349621517951e+08 1.42425454261267e+07 5.03606188269487e+07 5.20555800970309e+08
9.66415515032260e+07 1.08739738605573e+07 3.84495914417918e+07 4.00199374446106e+08
9.66415515032260e+07 1.08739738605573e+07 3.84495914417918e+07 4.00199374446106e+08
7.22392873431195e+07 7.95918897707469e+06 2.81431212085744e+07 2.95363790475676e+08
7.22392873431195e+07 7.95918897707469e+06 2.81431212085744e+07 2.95363790475676e+08
6.01208637184647e+07 6.51314989279184e+06 2.30300307494173e+07 2.43334316791824e+08
6.01208637184647e+07 6.51314989279184e+06 2.30300307494173e+07 2.43334316791824e+08
3.58840164691553e+07 3.62107172422613e+06 1.28038498311033e+07 1.39275369424123e+08
3.58840164691553e+07 3.62107172422613e+06 1.28038498311033e+07 1.39275369424123e+08
1.16471692198458e+07 7.28993555660430e+05 2.57766891278934e+06 3.52164220564213e+07
1.16471692198458e+07 7.28993555660430e+05 2.57766891278934e+06 3.52164220564213e+07
0.00000000000000e+00 0.00000000000000e+00 0.00000000000000e+00 0.00000000000000e+00
0.00000000000000e+00 0.00000000000000e+00 0.00000000000000e+00 0.00000000000000e+00
0.00000000000000e+00 0.00000000000000e+00 0.00000000000000e+00 0.00000000000000e+00
0.00000000000000e+00 0.00000000000000e+00 0.00000000000000e+00 0.00000000000000e+00
---