PdfType: central
Format: lhagrid1
---
0.001  0.001039345108679769  0.00108023825493656  0.001122740346477083  0.0011669146874283855  0.001212827072625273  0.0012605458856074806  0.0013101422004725427  0.0013616898877360855  0.0014152657243572044  0.0014709495080927908  0.0015288241763511529  0.0015889759297219475  0.0016514943603663948  0.0017164725854590347  0.0017840073858797646  0.0018541993503627147  0.0019271530253166913  0.0020029770705403223  0.0020817844210638168  0.0021636924553584207  0.0022488231701640942  0.0023373033621957836  0.002429264816998964  0.0025248445052357274  0.002624184786693745  0.0027274336223220047  0.0028347447946091204  0.002946278136632426  0.0030621997701190534  0.0031826823528735516  0.003307905335940545  0.00343805523088551  0.0035733258875917493  0.0037139187829872754  0.0038600433211317454  0.004011917145110291  0.004169766461198885  0.004333826375784006  0.004504341245538478  0.004681565041374952  0.0048657617267192565  0.005057205650666887  0.005256181956608318  0.0054629870069317086  0.005677928824435604  0.00590132755110901  0.00613351592496231  0.006374839775619047  0.006625658539406893  0.0068863457947148906  0.0071572898184144185  0.007438894164172531  0.0077315782635192  0.008035778050563503  0.008351946611289428  0.008680554858398231  0.009022092232702608  0.009377067432117183  0.009746009169331356  0.010129466959292725  0.010528011937674223  0.010942237711543916  0.01137276124350448  0.011820223770619224  0.012285291759493422  0.012768657898933363  0.013271042131661682  0.013793192726625698  0.014335887393495787  0.014899934441013804  0.01548617398091692  0.016095479179229908  0.01672875755678966  0.017386952340939052  0.018071043870403265  0.018782051055441146  0.01952103289544644  0.02028909005625913  0.021087366509536257  0.021917051236624074  0.022779379999469117  0.023675637181205977  0.024607157699163294  0.02557532899313709  0.026581593091892907  0.02762744876097482  0.02871445373502013  0.02984422703790468  0.03101845139417473  0.03223887573535667  0.03350731780487783  0.0348256668654783  0.036195886513145974  0.037620017601766274  0.039100181282842573  0.04063858216481469  0.04223751159668103  0.043899351080815434  0.04562657582006143  0.047421758404387476  0.049287572642593834  0.05122679754477868  0.053242321461494525  0.0553371463857602  0.0575143924243362  0.059777302444922596  0.062129246906201474  0.06457372887791815  0.06711438925847778  0.06975501219782888  0.07249953073371104  0.07535203264966117  0.07831676656350356  0.08139814825539268  0.08460076724483306  0.08792939362647283  0.09138898517485256  0.09498469472869094  0.09872187786570592  0.10260610087940301  0.10664314906971037  0.11083903535981095  0.11520000925200348  0.11973256613593385  0.1244434569630598  0.12933969830175757  0.13442858278804865  0.13971768998751175  0.1452148976845567  0.15092839361587698  0.15686668766555661  0.16303862453999335  0.16945339694151929  0.17612055926033943  0.1830500418051792  0.19025216559384006  0.19773765772569113  0.20551766735899143  0.21360378231684338  0.22200804634650934  0.23074297705779595  0.23982158456722816  0.2492573908757802  0.25906445000902345  0.2692573689496928  0.2798513293938472  0.290862110363026  0.30230611170608596  0.3142003785257203  0.32656262656603935  0.3394112685990307  0.3527654418491979  0.36664503649722135  0.38107072530510205  0.39606399440690976  0.41164717531099304  0.4278434781613236  0.4446770263075113  0.46217289223497693  0.48035713490880483  0.4992568385868943  0.5189001531602135  0.5393163360802504  0.5605357959361028  0.5825901377461097  0.6055122100314914  0.6293361537421076  0.6540974531071988  0.679832988486861  0.7065810913029688  0.734381601131354  0.7632759250402892  0.7933070992636506  0.8245198533006114  0.8569606765373503  0.8906778874900009  0.9257217057719621  0.9621443268927803  1.0  
0.1e+001 0.1e+007
-14 -12 12 14
6.46861199688000e+04 1.30521699530485e+02 7.83350739291763e+02 7.86052680377225e+04
6.46861199688000e+04 1.30521699530485e+02 7.83350739291763e+02 7.86052680377225e+04
6.71904878985895e+04 1.68346161315608e+02 8.34772700336316e+02 8.08405751204283e+04
6.71904878985895e+04 1.68346161315608e+02 8.34772700336316e+02 8.08405751204283e+04
6.96948558283790e+04 2.06170623100730e+02 8.86194661380868e+02 8.30758822031341e+04
6.96948558283790e+04 2.06170623100730e+02 8.86194661380868e+02 8.30758822031341e+04
7.21992237581685e+04 2.43995084885852e+02 9.37616622425421e+02 8.53111892858398e+04
7.21992237581685e+04 2.43995084885852e+02 9.37616622425421e+02 8.53111892858398e+04
7.47035916879580e+04 2.81819546670974e+02 9.89038583469974e+02 8.75464963685455e+04
7.47035916879580e+04 2.81819546670974e+02 9.89038583469974e+02 8.75464963685455e+04
7.85066378368672e+04 3.42232773042114e+02 1.06773218028994e+03 9.09303292316789e+04
7.85066378368672e+04 3.42232773042114e+02 1.06773218028994e+03 9.09303292316789e+04
8.11431669477993e+04 3.89460907300859e+02 1.12348115168583e+03 9.32544301454858e+04
8.11431669477993e+04 3.89460907300859e+02 1.12348115168583e+03 9.32544301454858e+04
8.38682399824598e+04 4.43206525685206e+02 1.18214091650826e+03 9.56379330773345e+04
8.38682399824598e+04 4.43206525685206e+02 1.18214091650826e+03 9.56379330773345e+04
8.66848305573342e+04 5.04369041224994e+02 1.24386345457247e+03 9.80823562916541e+04
8.66848305573342e+04 5.04369041224994e+02 1.24386345457247e+03 9.80823562916541e+04
8.96046428175230e+04 5.75615670632231e+02 1.30914810216031e+03 1.00594609117530e+05
8.96046428175230e+04 5.75615670632231e+02 1.30914810216031e+03 1.00594609117530e+05
9.26670680982227e+04 6.65304478164629e+02 1.37959924972206e+03 1.03198663769379e+05
9.26670680982227e+04 6.65304478164629e+02 1.37959924972206e+03 1.03198663769379e+05
9.58637178375515e+04 7.72933885175418e+02 1.45495007268487e+03 1.05888815719879e+05
9.58637178375515e+04 7.72933885175418e+02 1.45495007268487e+03 1.05888815719879e+05
9.91859217562060e+04 8.97933095147606e+02 1.53491981489664e+03 1.08659214638899e+05
9.91859217562060e+04 8.97933095147606e+02 1.53491981489664e+03 1.08659214638899e+05
1.02624718396399e+05 1.03965254162554e+03 1.61921306122339e+03 1.11503860666907e+05
1.02624718396399e+05 1.03965254162554e+03 1.61921306122339e+03 1.11503860666907e+05
1.06170845343061e+05 1.19735301796072e+03 1.70751897216708e+03 1.14416600593131e+05
1.06170845343061e+05 1.19735301796072e+03 1.70751897216708e+03 1.14416600593131e+05
1.09814729116636e+05 1.37019330696214e+03 1.79951047852095e+03 1.17391123936026e+05
1.09814729116636e+05 1.37019330696214e+03 1.79951047852095e+03 1.17391123936026e+05
1.13546474726443e+05 1.55721610343795e+03 1.89484343397577e+03 1.20420958923578e+05
1.13546474726443e+05 1.55721610343795e+03 1.89484343397577e+03 1.20420958923578e+05
1.17355854873199e+05 1.75733199404747e+03 1.99315572348155e+03 1.23499468370849e+05
1.17355854873199e+05 1.75733199404747e+03 1.99315572348155e+03 1.23499468370849e+05
1.21237081367214e+05 1.96386389696641e+03 2.10215287534659e+03 1.26730798529888e+05
1.21237081367214e+05 1.96386389696641e+03 2.10215287534659e+03 1.26730798529888e+05
1.25172851341338e+05 2.17119519958688e+03 2.22490496456288e+03 1.30154897838533e+05
1.25172851341338e+05 2.17119519958688e+03 2.22490496456288e+03 1.30154897838533e+05
1.29115657462264e+05 2.37052708314163e+03 2.35955401637879e+03 1.33742231724128e+05
1.29115657462264e+05 2.37052708314163e+03 2.35955401637879e+03 1.33742231724128e+05
1.33065499729994e+05 2.56185954763068e+03 2.50610003079430e+03 1.37492800186674e+05
1.33065499729994e+05 2.56185954763068e+03 2.50610003079430e+03 1.37492800186674e+05
1.37022378144525e+05 2.74519259305401e+03 2.66454300780943e+03 1.41406603226171e+05
1.37022378144525e+05 2.74519259305401e+03 2.66454300780943e+03 1.41406603226171e+05
1.40986292705860e+05 2.92052621941162e+03 2.83488294742417e+03 1.45483640842618e+05
1.40986292705860e+05 2.92052621941162e+03 2.83488294742417e+03 1.45483640842618e+05
1.44957243413997e+05 3.08786042670352e+03 3.01711984963852e+03 1.49723913036016e+05
1.44957243413997e+05 3.08786042670352e+03 3.01711984963852e+03 1.49723913036016e+05
1.48935230268937e+05 3.24719521492971e+03 3.21125371445249e+03 1.54127419806365e+05
1.48935230268937e+05 3.24719521492971e+03 3.21125371445249e+03 1.54127419806365e+05
1.52965710144393e+05 3.40469110866914e+03 3.41696213191636e+03 1.58710381480778e+05
1.52965710144393e+05 3.40469110866914e+03 3.41696213191636e+03 1.58710381480778e+05
1.57240178529156e+05 3.58630045723764e+03 3.63288689048006e+03 1.63541129187534e+05
1.57240178529156e+05 3.58630045723764e+03 3.63288689048006e+03 1.63541129187534e+05
1.61753852844939e+05 3.79746059004094e+03 3.85094143985157e+03 1.68508709848917e+05
1.61753852844939e+05 3.79746059004094e+03 3.85094143985157e+03 1.68508709848917e+05
1.66504479523226e+05 4.04073359673904e+03 4.06731536772330e+03 1.73560841965693e+05
1.66504479523226e+05 4.04073359673904e+03 4.06731536772330e+03 1.73560841965693e+05
1.71492058564016e+05 4.31611947733193e+03 4.28200867409524e+03 1.78697525537861e+05
1.71492058564016e+05 4.31611947733193e+03 4.28200867409524e+03 1.78697525537861e+05
1.76716589967309e+05 4.62361823181961e+03 4.49502135896740e+03 1.83918760565423e+05
1.76716589967309e+05 4.62361823181961e+03 4.49502135896740e+03 1.83918760565423e+05
1.82178073733106e+05 4.96322986020208e+03 4.70635342233978e+03 1.89224547048377e+05
1.82178073733106e+05 4.96322986020208e+03 4.70635342233978e+03 1.89224547048377e+05
1.87876509861406e+05 5.33495436247935e+03 4.91600486421237e+03 1.94614884986724e+05
1.87876509861406e+05 5.33495436247935e+03 4.91600486421237e+03 1.94614884986724e+05
1.93811898352208e+05 5.73879173865140e+03 5.12397568458517e+03 2.00089774380464e+05
1.93811898352208e+05 5.73879173865140e+03 5.12397568458517e+03 2.00089774380464e+05
1.99763457425425e+05 6.19537611377757e+03 5.36481349414519e+03 2.05678695988242e+05
1.99763457425425e+05 6.19537611377757e+03 5.36481349414519e+03 2.05678695988242e+05
2.05592885420171e+05 6.70722417816859e+03 5.65336891961865e+03 2.11377826949622e+05
2.05592885420171e+05 6.70722417816859e+03 5.65336891961865e+03 2.11377826949622e+05
2.11108686847659e+05 7.24838358250861e+03 5.99100017255564e+03 2.17118836136325e+05
2.11108686847659e+05 7.24838358250861e+03 5.99100017255564e+03 2.17118836136325e+05
2.16310861707888e+05 7.81885432679763e+03 6.37770725295615e+03 2.22901723548352e+05
2.16310861707888e+05 7.81885432679763e+03 6.37770725295615e+03 2.22901723548352e+05
2.21199410000857e+05 8.41863641103566e+03 6.81349016082019e+03 2.28726489185703e+05
2.21199410000857e+05 8.41863641103566e+03 6.81349016082019e+03 2.28726489185703e+05
2.25774331726568e+05 9.04772983522269e+03 7.29834889614775e+03 2.34593133048376e+05
2.25774331726568e+05 9.04772983522269e+03 7.29834889614775e+03 2.34593133048376e+05
2.30035626885021e+05 9.70613459935872e+03 7.83228345893883e+03 2.40501655136374e+05
2.30035626885021e+05 9.70613459935872e+03 7.83228345893883e+03 2.40501655136374e+05
2.33983295476214e+05 1.03938507034437e+04 8.41529384919344e+03 2.46452055449695e+05
2.33983295476214e+05 1.03938507034437e+04 8.41529384919344e+03 2.46452055449695e+05
2.37638373012499e+05 1.11121754069171e+04 9.04674695403820e+03 2.52399309262568e+05
2.37638373012499e+05 1.11121754069171e+04 9.04674695403820e+03 2.52399309262568e+05
2.41077170918506e+05 1.18658148331327e+04 9.72434600292086e+03 2.58180078458481e+05
2.41077170918506e+05 1.18658148331327e+04 9.72434600292086e+03 2.58180078458481e+05
2.44520470974325e+05 1.26341348570310e+04 1.04135433851544e+04 2.63764882278788e+05
2.44520470974325e+05 1.26341348570310e+04 1.04135433851544e+04 2.63764882278788e+05
2.48061117967125e+05 1.34084582637225e+04 1.10998108839623e+04 2.69141323256813e+05
2.48061117967125e+05 1.34084582637225e+04 1.10998108839623e+04 2.69141323256813e+05
2.51699111896906e+05 1.41887850532072e+04 1.17831484993446e+04 2.74309401392553e+05
2.51699111896906e+05 1.41887850532072e+04 1.17831484993446e+04 2.74309401392553e+05
2.55434452763669e+05 1.49751152254850e+04 1.24635562313012e+04 2.79269116686009e+05
2.55434452763669e+05 1.49751152254850e+04 1.24635562313012e+04 2.79269116686009e+05
2.59267140567413e+05 1.57674487805560e+04 1.31410340798322e+04 2.84020469137182e+05
2.59267140567413e+05 1.57674487805560e+04 1.31410340798322e+04 2.84020469137182e+05
2.63197175308139e+05 1.65657857184201e+04 1.38155820449376e+04 2.88563458746071e+05
2.63197175308139e+05 1.65657857184201e+04 1.38155820449376e+04 2.88563458746071e+05
2.67224556985845e+05 1.73701260390773e+04 1.44872001266173e+04 2.92898085512676e+05
2.67224556985845e+05 1.73701260390773e+04 1.44872001266173e+04 2.92898085512676e+05
2.71190669748987e+05 1.82089410372323e+04 1.51664046693259e+04 2.97008172732657e+05
2.71190669748987e+05 1.82089410372323e+04 1.51664046693259e+04 2.97008172732657e+05
2.75015278526449e+05 1.90915596806956e+04 1.58577537590431e+04 3.00932707565236e+05
2.75015278526449e+05 1.90915596806956e+04 1.58577537590431e+04 3.00932707565236e+05
2.78622071893600e+05 2.00132758461135e+04 1.65635441663210e+04 3.04835028126928e+05
2.78622071893600e+05 2.00132758461135e+04 1.65635441663210e+04 3.04835028126928e+05
2.82011049850440e+05 2.09740895334861e+04 1.72837758911598e+04 3.08715134417731e+05
2.82011049850440e+05 2.09740895334861e+04 1.72837758911598e+04 3.08715134417731e+05
2.85182212396969e+05 2.19740007428132e+04 1.80184489335593e+04 3.12573026437645e+05
2.85182212396969e+05 2.19740007428132e+04 1.80184489335593e+04 3.12573026437645e+05
2.88135559533186e+05 2.30130094740950e+04 1.87675632935196e+04 3.16408704186672e+05
2.88135559533186e+05 2.30130094740950e+04 1.87675632935196e+04 3.16408704186672e+05
2.90871091259093e+05 2.40911157273313e+04 1.95311189710407e+04 3.20222167664809e+05
2.90871091259093e+05 2.40911157273313e+04 1.95311189710407e+04 3.20222167664809e+05
2.93388807574689e+05 2.52083195025222e+04 2.03091159661225e+04 3.24013416872059e+05
2.93388807574689e+05 2.52083195025222e+04 2.03091159661225e+04 3.24013416872059e+05
2.95614848489445e+05 2.63657102938202e+04 2.11029727303417e+04 3.27699525548014e+05
2.95614848489445e+05 2.63657102938202e+04 2.11029727303417e+04 3.27699525548014e+05
2.97315754840512e+05 2.75667318112900e+04 2.19171727535447e+04 3.31018377556526e+05
2.97315754840512e+05 2.75667318112900e+04 2.19171727535447e+04 3.31018377556526e+05
2.98650142479432e+05 2.87829127602271e+04 2.27411996912771e+04 3.33986149601937e+05
2.98650142479432e+05 2.87829127602271e+04 2.27411996912771e+04 3.33986149601937e+05
2.99677210964974e+05 3.00036269133814e+04 2.35711285704326e+04 3.36608879250795e+05
2.99677210964974e+05 3.00036269133814e+04 2.35711285704326e+04 3.36608879250795e+05
3.00396960297136e+05 3.12288742707528e+04 2.44069593910113e+04 3.38886566503099e+05
3.00396960297136e+05 3.12288742707528e+04 2.44069593910113e+04 3.38886566503099e+05
3.00809390475919e+05 3.24586548323414e+04 2.52486921530130e+04 3.40819211358849e+05
3.00809390475919e+05 3.24586548323414e+04 2.52486921530130e+04 3.40819211358849e+05
3.00914501501322e+05 3.36929685981473e+04 2.60963268564378e+04 3.42406813818046e+05
3.00914501501322e+05 3.36929685981473e+04 2.60963268564378e+04 3.42406813818046e+05
3.00712293373345e+05 3.49318155681703e+04 2.69498635012858e+04 3.43649373880689e+05
3.00712293373345e+05 3.49318155681703e+04 2.69498635012858e+04 3.43649373880689e+05
3.00202766091989e+05 3.61751957424105e+04 2.78093020875569e+04 3.44546891546779e+05
3.00202766091989e+05 3.61751957424105e+04 2.78093020875569e+04 3.44546891546779e+05
2.99217606526113e+05 3.74228531545554e+04 2.86801036516327e+04 3.44796622899951e+05
2.99217606526113e+05 3.74228531545554e+04 2.86801036516327e+04 3.44796622899951e+05
2.97775304155923e+05 3.86736141043940e+04 2.95626462765820e+04 3.44381899563921e+05
2.97775304155923e+05 3.86736141043940e+04 2.95626462765820e+04 3.44381899563921e+05
2.96109318144270e+05 3.99240348818617e+04 3.04524464725583e+04 3.43564837674837e+05
2.96109318144270e+05 3.99240348818617e+04 3.04524464725583e+04 3.43564837674837e+05
2.94219648491155e+05 4.11741154869584e+04 3.13495042395614e+04 3.42345437232699e+05
2.94219648491155e+05 4.11741154869584e+04 3.13495042395614e+04 3.42345437232699e+05
2.92106295196577e+05 4.24238559196842e+04 3.22538195775914e+04 3.40723698237506e+05
2.92106295196577e+05 4.24238559196842e+04 3.22538195775914e+04 3.40723698237506e+05
2.89769258260536e+05 4.36732561800390e+04 3.31653924866483e+04 3.38699620689259e+05
2.89769258260536e+05 4.36732561800390e+04 3.31653924866483e+04 3.38699620689259e+05
2.87208537683033e+05 4.49223162680228e+04 3.40842229667321e+04 3.36273204587958e+05
2.87208537683033e+05 4.49223162680228e+04 3.40842229667321e+04 3.36273204587958e+05
2.84424133464067e+05 4.61710361836357e+04 3.50103110178427e+04 3.33444449933603e+05
2.84424133464067e+05 4.61710361836357e+04 3.50103110178427e+04 3.33444449933603e+05
2.81386278596153e+05 4.73925529798746e+04 3.59235938889174e+04 3.30197546478482e+05
2.81386278596153e+05 4.73925529798746e+04 3.59235938889174e+04 3.30197546478482e+05
2.78012235484789e+05 4.85122009175877e+04 3.67683070304684e+04 3.26488549534348e+05
2.78012235484789e+05 4.85122009175877e+04 3.67683070304684e+04 3.26488549534348e+05
2.74470317261115e+05 4.95302359630875e+04 3.75389894061142e+04 3.22620203017566e+05
2.74470317261115e+05 4.95302359630875e+04 3.75389894061142e+04 3.22620203017566e+05
2.70815894435454e+05 5.04467423224324e+04 3.82338444812095e+04 3.18692101564824e+05
2.70815894435454e+05 5.04467423224324e+04 3.82338444812095e+04 3.18692101564824e+05
2.67048967007804e+05 5.12617199956225e+04 3.88528722557543e+04 3.14704245176124e+05
2.67048967007804e+05 5.12617199956225e+04 3.88528722557543e+04 3.14704245176124e+05
2.63169534978168e+05 5.19751689826578e+04 3.93960727297486e+04 3.10656633851465e+05
2.63169534978168e+05 5.19751689826578e+04 3.93960727297486e+04 3.10656633851465e+05
2.59177598346543e+05 5.25870892835382e+04 3.98634459031924e+04 3.06549267590846e+05
2.59177598346543e+05 5.25870892835382e+04 3.98634459031924e+04 3.06549267590846e+05
2.55073157112931e+05 5.30974808982637e+04 4.02549917760857e+04 3.02382146394269e+05
2.55073157112931e+05 5.30974808982637e+04 4.02549917760857e+04 3.02382146394269e+05
2.50856211277332e+05 5.35063438268344e+04 4.05707103484285e+04 2.98155270261733e+05
2.50856211277332e+05 5.35063438268344e+04 4.05707103484285e+04 2.98155270261733e+05
2.46449254451259e+05 5.37584075711644e+04 4.07854282318020e+04 2.93766200318739e+05
2.46449254451259e+05 5.37584075711644e+04 4.07854282318020e+04 2.93766200318739e+05
2.41859771833903e+05 5.38646457216908e+04 4.09119712433096e+04 2.89201297326210e+05
2.41859771833903e+05 5.38646457216908e+04 4.09119712433096e+04 2.89201297326210e+05
2.37170501019764e+05 5.38997240175651e+04 4.10061039324387e+04 2.84504505972395e+05
2.37170501019764e+05 5.38997240175651e+04 4.10061039324387e+04 2.84504505972395e+05
2.32381442008843e+05 5.38636424587875e+04 4.10678262991893e+04 2.79675826257292e+05
2.32381442008843e+05 5.38636424587875e+04 4.10678262991893e+04 2.79675826257292e+05
2.27492594801140e+05 5.37564010453580e+04 4.10971383435615e+04 2.74715258180903e+05
2.27492594801140e+05 5.37564010453580e+04 4.10971383435615e+04 2.74715258180903e+05
2.22503959396654e+05 5.35779997772765e+04 4.10940400655553e+04 2.69622801743227e+05
2.22503959396654e+05 5.35779997772765e+04 4.10940400655553e+04 2.69622801743227e+05
2.17415535795387e+05 5.33284386545430e+04 4.10585314651707e+04 2.64398456944264e+05
2.17415535795387e+05 5.33284386545430e+04 4.10585314651707e+04 2.64398456944264e+05
2.12227323997337e+05 5.30077176771576e+04 4.09906125424076e+04 2.59042223784014e+05
2.12227323997337e+05 5.30077176771576e+04 4.09906125424076e+04 2.59042223784014e+05
2.06921275605057e+05 5.25977815874132e+04 4.08742969207000e+04 2.53536644129919e+05
2.06921275605057e+05 5.25977815874132e+04 4.08742969207000e+04 2.53536644129919e+05
2.01452951739804e+05 5.20541746151928e+04 4.06702228422064e+04 2.47838732457193e+05
2.01452951739804e+05 5.20541746151928e+04 4.06702228422064e+04 2.47838732457193e+05
1.95899858790063e+05 5.14321672585820e+04 4.04035636953457e+04 2.42050927640334e+05
1.95899858790063e+05 5.14321672585820e+04 4.04035636953457e+04 2.42050927640334e+05
1.90284278564131e+05 5.07476488741471e+04 4.00815564140776e+04 2.36202679166131e+05
1.90284278564131e+05 5.07476488741471e+04 4.00815564140776e+04 2.36202679166131e+05
1.84606211062007e+05 5.00006194618880e+04 3.97042009984019e+04 2.30293987034584e+05
1.84606211062007e+05 5.00006194618880e+04 3.97042009984019e+04 2.30293987034584e+05
1.78865656283692e+05 4.91910790218048e+04 3.92714974483187e+04 2.24324851245692e+05
1.78865656283692e+05 4.91910790218048e+04 3.92714974483187e+04 2.24324851245692e+05
1.73062614229186e+05 4.83190275538974e+04 3.87834457638281e+04 2.18295271799456e+05
1.73062614229186e+05 4.83190275538974e+04 3.87834457638281e+04 2.18295271799456e+05
1.67197084898489e+05 4.73844650581660e+04 3.82400459449299e+04 2.12205248695876e+05
1.67197084898489e+05 4.73844650581660e+04 3.82400459449299e+04 2.12205248695876e+05
1.61269068291601e+05 4.63873915346103e+04 3.76412979916243e+04 2.06054781934951e+05
1.61269068291601e+05 4.63873915346103e+04 3.76412979916243e+04 2.06054781934951e+05
1.55339549835814e+05 4.53091033378813e+04 3.69751803857054e+04 1.99869596672422e+05
1.55339549835814e+05 4.53091033378813e+04 3.69751803857054e+04 1.99869596672422e+05
1.49441733169697e+05 4.41630077586601e+04 3.62546920850206e+04 1.93673543894935e+05
1.49441733169697e+05 4.41630077586601e+04 3.62546920850206e+04 1.93673543894935e+05
1.43620057171994e+05 4.29935605670640e+04 3.55191948474116e+04 1.87509609127275e+05
1.43620057171994e+05 4.29935605670640e+04 3.55191948474116e+04 1.87509609127275e+05
1.37874521842704e+05 4.18007617630928e+04 3.47686886728783e+04 1.81377792369443e+05
1.37874521842704e+05 4.18007617630928e+04 3.47686886728783e+04 1.81377792369443e+05
1.32205127181828e+05 4.05846113467467e+04 3.40031735614206e+04 1.75278093621438e+05
1.32205127181828e+05 4.05846113467467e+04 3.40031735614206e+04 1.75278093621438e+05
1.26611873189365e+05 3.93451093180256e+04 3.32226495130386e+04 1.69210512883260e+05
1.26611873189365e+05 3.93451093180256e+04 3.32226495130386e+04 1.69210512883260e+05
1.21094759865316e+05 3.80822556769295e+04 3.24271165277323e+04 1.63175050154910e+05
1.21094759865316e+05 3.80822556769295e+04 3.24271165277323e+04 1.63175050154910e+05
1.15653787209680e+05 3.67960504234584e+04 3.16165746055017e+04 1.57171705436388e+05
1.15653787209680e+05 3.67960504234584e+04 3.16165746055017e+04 1.57171705436388e+05
1.10318805190696e+05 3.54860493164215e+04 3.07863789381928e+04 1.51221634758498e+05
1.10318805190696e+05 3.54860493164215e+04 3.07863789381928e+04 1.51221634758498e+05
1.05155306318693e+05 3.41512776656435e+04 2.99263385552967e+04 1.45371255643534e+05
1.05155306318693e+05 3.41512776656435e+04 2.99263385552967e+04 1.45371255643534e+05
1.00102305166378e+05 3.28104391164734e+04 2.90484749750194e+04 1.39594842935753e+05
1.00102305166378e+05 3.28104391164734e+04 2.90484749750194e+04 1.39594842935753e+05
9.51446464926299e+04 3.14681816359372e+04 2.81557756160791e+04 1.33886003781068e+05
9.51446464926299e+04 3.14681816359372e+04 2.81557756160791e+04 1.33886003781068e+05
9.02823302974489e+04 3.01245052240348e+04 2.72482404784761e+04 1.28244738179481e+05
9.02823302974489e+04 3.01245052240348e+04 2.72482404784761e+04 1.28244738179481e+05
8.55153565808352e+04 2.87794098807661e+04 2.63258695622102e+04 1.22671046130991e+05
8.55153565808352e+04 2.87794098807661e+04 2.63258695622102e+04 1.22671046130991e+05
8.08437253427886e+04 2.74328956061313e+04 2.53886628672814e+04 1.17164927635597e+05
8.08437253427886e+04 2.74328956061313e+04 2.53886628672814e+04 1.17164927635597e+05
7.62674365833091e+04 2.60849624001302e+04 2.44366203936898e+04 1.11726382693300e+05
7.62674365833091e+04 2.60849624001302e+04 2.44366203936898e+04 1.11726382693300e+05
7.17864903023968e+04 2.47356102627629e+04 2.34697421414354e+04 1.06355411304100e+05
7.17864903023968e+04 2.47356102627629e+04 2.34697421414354e+04 1.06355411304100e+05
6.75049194461569e+04 2.34094459185561e+04 2.24956067729664e+04 1.01133111326933e+05
6.75049194461569e+04 2.34094459185561e+04 2.24956067729664e+04 1.01133111326933e+05
6.34149102074490e+04 2.21121257820174e+04 2.15204644016105e+04 9.60555048034320e+04
6.34149102074490e+04 2.21121257820174e+04 2.15204644016105e+04 9.60555048034320e+04
5.94509700759439e+04 2.08446245433222e+04 2.05545059978766e+04 9.10761742113052e+04
5.94509700759439e+04 2.08446245433222e+04 2.05545059978766e+04 9.10761742113052e+04
5.56130990516417e+04 1.96069422024705e+04 1.95977315617646e+04 8.61951195505530e+04
5.56130990516417e+04 1.96069422024705e+04 1.95977315617646e+04 8.61951195505530e+04
5.19012971345423e+04 1.83990787594624e+04 1.86501410932745e+04 8.14123408211754e+04
5.19012971345423e+04 1.83990787594624e+04 1.86501410932745e+04 8.14123408211754e+04
4.83155643246458e+04 1.72210342142977e+04 1.77117345924064e+04 7.67278380231724e+04
4.83155643246458e+04 1.72210342142977e+04 1.77117345924064e+04 7.67278380231724e+04
4.48559006219522e+04 1.60728085669766e+04 1.67825120591602e+04 7.21416111565439e+04
4.48559006219522e+04 1.60728085669766e+04 1.67825120591602e+04 7.21416111565439e+04
4.15223060264614e+04 1.49544018174989e+04 1.58624734935359e+04 6.76536602212901e+04
4.15223060264614e+04 1.49544018174989e+04 1.58624734935359e+04 6.76536602212901e+04
3.83590603962155e+04 1.38789356507204e+04 1.49590844286645e+04 6.33111445844183e+04
3.83590603962155e+04 1.38789356507204e+04 1.49590844286645e+04 6.33111445844183e+04
3.54531496172634e+04 1.28721870549623e+04 1.40870105848740e+04 5.92067068041039e+04
3.54531496172634e+04 1.28721870549623e+04 1.40870105848740e+04 5.92067068041039e+04
3.27005407435000e+04 1.19095493056980e+04 1.32386732997161e+04 5.52592490214109e+04
3.27005407435000e+04 1.19095493056980e+04 1.32386732997161e+04 5.52592490214109e+04
3.00791976138277e+04 1.09858102296107e+04 1.24124672680173e+04 5.14515931639008e+04
3.00791976138277e+04 1.09858102296107e+04 1.24124672680173e+04 5.14515931639008e+04
2.75891202282463e+04 1.01009698267003e+04 1.16083924897775e+04 4.77837392315735e+04
2.75891202282463e+04 1.01009698267003e+04 1.16083924897775e+04 4.77837392315735e+04
2.52303085867561e+04 9.25502809696691e+03 1.08264489649968e+04 4.42556872244292e+04
2.52303085867561e+04 9.25502809696691e+03 1.08264489649968e+04 4.42556872244292e+04
2.30027626893568e+04 8.44798504041046e+03 1.00666366936750e+04 4.08674371424676e+04
2.30027626893568e+04 8.44798504041046e+03 1.00666366936750e+04 4.08674371424676e+04
2.09064825360486e+04 7.67984065703098e+03 9.32895567581226e+03 3.76189889856890e+04
2.09064825360486e+04 7.67984065703098e+03 9.32895567581226e+03 3.76189889856890e+04
1.89414681268315e+04 6.95059494682847e+03 8.61340591140854e+03 3.45103427540932e+04
1.89414681268315e+04 6.95059494682847e+03 8.61340591140854e+03 3.45103427540932e+04
1.71838247921128e+04 6.29021546281681e+03 7.94276328906062e+03 3.16532702538541e+04
1.71838247921128e+04 6.29021546281681e+03 7.94276328906062e+03 3.16532702538541e+04
1.56027605700852e+04 5.69089157053985e+03 7.31359877111574e+03 2.90204210658473e+04
1.56027605700852e+04 5.69089157053985e+03 7.31359877111574e+03 2.90204210658473e+04
1.41112895746998e+04 5.12684628167622e+03 6.71124663724574e+03 2.65191526318971e+04
1.41112895746998e+04 5.12684628167622e+03 6.71124663724574e+03 2.65191526318971e+04
1.27094118059566e+04 4.59807959622592e+03 6.13570688745061e+03 2.41494649520036e+04
1.27094118059566e+04 4.59807959622592e+03 6.13570688745061e+03 2.41494649520036e+04
1.13971272638555e+04 4.10459151418896e+03 5.58697952173036e+03 2.19113580261669e+04
1.13971272638555e+04 4.10459151418896e+03 5.58697952173036e+03 2.19113580261669e+04
1.01744359483965e+04 3.64638203556533e+03 5.06506454008497e+03 1.98048318543869e+04
1.01744359483965e+04 3.64638203556533e+03 5.06506454008497e+03 1.98048318543869e+04
9.04133785957972e+03 3.22345116035503e+03 4.56996194251446e+03 1.78298864366635e+04
9.04133785957972e+03 3.22345116035503e+03 4.56996194251446e+03 1.78298864366635e+04
7.99783299740504e+03 2.83579888855806e+03 4.10167172901882e+03 1.59865217729969e+04
7.99783299740504e+03 2.83579888855806e+03 4.10167172901882e+03 1.59865217729969e+04
7.06286195228233e+03 2.49045440948712e+03 3.66835661442574e+03 1.43068701282546e+04
7.06286195228233e+03 2.49045440948712e+03 3.66835661442574e+03 1.43068701282546e+04
6.26986723685826e+03 2.19982883321845e+03 3.28442912167930e+03 1.28476659363137e+04
6.26986723685826e+03 2.19982883321845e+03 3.28442912167930e+03 1.28476659363137e+04
5.54274352072542e+03 1.93395460673816e+03 2.92711336218269e+03 1.14971373910002e+04
5.54274352072542e+03 1.93395460673816e+03 2.92711336218269e+03 1.14971373910002e+04
4.86800290764909e+03 1.68752067964682e+03 2.59237284045785e+03 1.02354755444313e+04
4.86800290764909e+03 1.68752067964682e+03 2.59237284045785e+03 1.02354755444313e+04
4.24564539762925e+03 1.46052705194441e+03 2.28020755650476e+03 9.06268039660714e+03
4.24564539762925e+03 1.46052705194441e+03 2.28020755650476e+03 9.06268039660714e+03
3.67567099066591e+03 1.25297372363093e+03 1.99061751032343e+03 7.97875194752761e+03
3.67567099066591e+03 1.25297372363093e+03 1.99061751032343e+03 7.97875194752761e+03
3.15807968675906e+03 1.06486069470640e+03 1.72360270191387e+03 6.98369019719274e+03
3.15807968675906e+03 1.06486069470640e+03 1.72360270191387e+03 6.98369019719274e+03
2.69287148590872e+03 8.96187965170806e+02 1.47916313127606e+03 6.07749514560253e+03
2.69287148590872e+03 8.96187965170806e+02 1.47916313127606e+03 6.07749514560253e+03
2.28004638811487e+03 7.46955535024148e+02 1.25729879841001e+03 5.26016679275697e+03
2.28004638811487e+03 7.46955535024148e+02 1.25729879841001e+03 5.26016679275697e+03
1.94113167619499e+03 6.25514326975907e+02 1.07038999829507e+03 4.57096675580717e+03
1.94113167619499e+03 6.25514326975907e+02 1.07038999829507e+03 4.57096675580717e+03
1.66029862431888e+03 5.26042314772806e+02 9.12063642865001e+02 3.98343821145368e+03
1.66029862431888e+03 5.26042314772806e+02 9.12063642865001e+02 3.98343821145368e+03
1.40410471983988e+03 4.36128388338598e+02 7.67907209175732e+02 3.44084672581944e+03
1.40410471983988e+03 4.36128388338598e+02 7.67907209175732e+02 3.44084672581944e+03
1.17254996275799e+03 3.55772547673286e+02 6.37920697227264e+02 2.94319229890443e+03
1.17254996275799e+03 3.55772547673286e+02 6.37920697227264e+02 2.94319229890443e+03
9.65634353073207e+02 2.84974792776867e+02 5.22104107019596e+02 2.49047493070866e+03
9.65634353073207e+02 2.84974792776867e+02 5.22104107019596e+02 2.49047493070866e+03
7.83357890785528e+02 2.23735123649343e+02 4.20457438552728e+02 2.08269462123213e+03
7.83357890785528e+02 2.23735123649343e+02 4.20457438552728e+02 2.08269462123213e+03
6.25720575894958e+02 1.72053540290713e+02 3.32980691826661e+02 1.71985137047484e+03
6.25720575894958e+02 1.72053540290713e+02 3.32980691826661e+02 1.71985137047484e+03
4.92722408401494e+02 1.29930042700978e+02 2.59673866841396e+02 1.40194517843678e+03
4.92722408401494e+02 1.29930042700978e+02 2.59673866841396e+02 1.40194517843678e+03
3.87255823340214e+02 9.81763389266897e+01 2.02106910896787e+02 1.13662225951334e+03
3.87255823340214e+02 9.81763389266897e+01 2.02106910896787e+02 1.13662225951334e+03
3.13925108289164e+02 7.80845365624616e+01 1.62778925532977e+02 9.36054147216168e+02
3.13925108289164e+02 7.80845365624616e+01 1.62778925532977e+02 9.36054147216168e+02
2.51202980430867e+02 6.13037128988155e+01 1.29309615770622e+02 7.60979224394164e+02
2.51202980430867e+02 6.13037128988155e+01 1.29309615770622e+02 7.60979224394164e+02
1.95977575185692e+02 4.66267048763348e+01 9.99093548482651e+01 6.05722049479186e+02
1.95977575185692e+02 4.66267048763348e+01 9.99093548482651e+01 6.05722049479186e+02
1.48248892553639e+02 3.40535124950197e+01 7.45781427659058e+01 4.70282622471233e+02
1.48248892553639e+02 3.40535124950197e+01 7.45781427659058e+01 4.70282622471233e+02
1.08016932534709e+02 2.35841357548702e+01 5.33159795235443e+01 3.54660943370307e+02
1.08016932534709e+02 2.35841357548702e+01 5.33159795235443e+01 3.54660943370307e+02
7.52816951289001e+01 1.52185746558861e+01 3.61228651211807e+01 2.58857012176406e+02
7.52816951289001e+01 1.52185746558861e+01 3.61228651211807e+01 2.58857012176406e+02
5.00431803362137e+01 8.95682919806763e+00 2.29987995588149e+01 1.82870828889532e+02
5.00431803362137e+01 8.95682919806763e+00 2.29987995588149e+01 1.82870828889532e+02
3.23013881566494e+01 4.79889938141469e+00 1.39437828364470e+01 1.26702393509684e+02
3.23013881566494e+01 4.79889938141469e+00 1.39437828364470e+01 1.26702393509684e+02
2.25227969279386e+01 2.81320964672843e+00 9.18112331267239e+00 9.24478405520184e+01
2.25227969279386e+01 2.81320964672843e+00 9.18112331267239e+00 9.24478405520184e+01
1.78679853754548e+01 2.19582816474180e+00 7.16625196326143e+00 7.26991745566806e+01
1.78679853754548e+01 2.19582816474180e+00 7.16625196326143e+00 7.26991745566806e+01
1.37326659211529e+01 1.65464734084271e+00 5.40006724807343e+00 5.52848620120220e+01
1.37326659211529e+01 1.65464734084271e+00 5.40006724807343e+00 5.52848620120220e+01
1.01168385650328e+01 1.18966717503115e+00 3.88256916710837e+00 4.02049029180423e+01
1.01168385650328e+01 1.18966717503115e+00 3.88256916710837e+00 4.02049029180423e+01
8.35984504422585e+00 9.64646213419386e-01 3.14819617116179e+00 3.28937346373041e+01
8.35984504422585e+00 9.64646213419386e-01 3.14819617116179e+00 3.28937346373041e+01
4.84585800261190e+00 5.14604290195854e-01 1.67945017926866e+00 1.82713980758278e+01
4.84585800261190e+00 5.14604290195854e-01 1.67945017926866e+00 1.82713980758278e+01
1.33187096099795e+00 6.45623669723223e-02 2.10704187375521e-01 3.64906151435156e+00
1.33187096099795e+00 6.45623669723223e-02 2.10704187375521e-01 3.64906151435156e+00
0.00000000000000e+00 0.00000000000000e+00 0.00000000000000e+00 0.00000000000000e+00
0.00000000000000e+00 0.00000000000000e+00 0.00000000000000e+00 0.00000000000000e+00
0.00000000000000e+00 0.00000000000000e+00 0.00000000000000e+00 0.00000000000000e+00
0.00000000000000e+00 0.00000000000000e+00 0.00000000000000e+00 0.00000000000000e+00
---