PdfType: central
Format: lhagrid1
---
0.0001  0.00010429532461863897  0.0001087751473730729  0.00011344739305714942  0.00011832032686033726  0.00012340256898882342  0.00012870310991463342  0.00013423132627975076  0.00013999699748337048  0.00014601032298162906  0.0001522819403304134  0.0001588229440031669  0.0001656449050169821  0.00017275989140169766  0.0001801804895482089  0.0001879198264737575  0.00019599159304358843  0.00020441006819005238  0.0002131901441719966  0.00022234735291912848  0.00023189789350795586  0.00024185866081790827  0.00025224727541833065  0.0002630821147392205  0.0002743823455808502  0.0002861679580197835  0.000298459800771264  0.0003112796180705332  0.00032465008813832217  0.0003385948632985606  0.000353138611819271  0.00036830706155066437  0.0003841270454376358  0.00040062654898716905  0.00041783475977461904  0.00043578211907644967  0.00045450037572076693  0.0004740226422509076  0.0004943834535014343  0.0005156188276901594  0.0005377663301342724  0.0005608651397032811  0.0005849561181263205  0.0006100818822764358  0.0006362868795597115  0.0006636174665426095  0.0006921219909566031  0.000721850877225177  0.0007528567156644912  0.0007851943555155049  0.0008189210019721267  0.0008540963173770411  0.000890782526764226  0.000929044527934864  0.0009689500062613694  0.0010105695544226187  0.0010539767972822035  0.0010992485221306084  0.0011464648145217105  0.0011957091999438964  0.0012470687915764175  0.0013006344443923627  0.0013565009158808474  0.0014147670336727418  0.0014755358703664753  0.0015389149258631751  0.0016050163175336874  0.001673956978553886  0.001745858864759136  0.0018208491703838258  0.0018990605530676075  0.001980631368526384  0.0020657059153031832  0.002154434690031882  0.002246974653665322  0.0023434895091387887  0.0024441499909600485  0.002549134167238217  0.0026586277546857403  0.002772824447150728  0.002891926258260833  0.003016143878784795  0.0031456970493438136  0.003280814949132081  0.0034217366013341386  0.0035687112959562244  0.0037219990308195853  0.0038818709714958863  0.004048609930998349  0.004222510870077183  0.004403881419004318  0.0045930424217704826  0.0047903285036573215  0.0049960886631885935  0.005210686889507569  0.005434502806272785  0.0056679323432112455  0.005911388436516999  0.006165301759334096  0.0064301214836161615  0.006706316074710319  0.006994374120071094  0.007294805193570227  0.00760814075693141  0.007934935099884589  0.008275766320702958  0.008631237348857151  0.009001977011595783  0.009388641146339076  0.009791913760853446  0.01021250824325929  0.01065116862401255  0.01110867089209251  0.01158582436772414  0.01208347313406328  0.012602497530377338  0.013143815709363004  0.013708385261355807  0.014297204908304714  0.014911316270508398  0.015551805709238663  0.01621980624851049  0.01691649957939832  0.01764311815044419  0.01840094734785578  0.01919132776935102  0.02001565759567167  0.020875395063961057  0.021772061047381518  0.0227072417455348  0.023682591490444646  0.024699835673065437  0.025760773795493984  0.02686728265428373  0.028021319660492525  0.02922492630233721  0.030480231756580593  0.03178945665503921  0.0331549170128747  0.034579028325618065  0.03606430984217448  0.03761338902136763  0.03922900617990692  0.0409140193399999  0.042671409285185626  0.044504284833332394  0.046415888336127774  0.04840960141478949  0.05048895094214394  0.05265761528165439  0.05491943079443554  0.05727839862576538  0.05973869178310004  0.06230466251811238  0.06498085002581286  0.06777198847437253  0.07068301537985341  0.07371908034066062  0.07688555414716733  0.08018803828262767  0.08363237483218501  0.08722465681750427  0.09097123897530998  0.09487874899889745  0.09895409926250376  0.10320449904927852  0.1076374673044853  0.11226084593649444  0.11708281368909704  0.12211190060968001  0.12735700313885567  0.13282739984823985  0.1385327678542193  0.14448319993674355  0.150689222393424  0.15716181366052454  0.16391242373378453  0.1709529944234296  0.17829598047919984  0.18595437162276682  0.1939417155265149  0.20227214177933603  0.21096038688183238  0.22002182031514395  0.2294724717295179  0.2393290593007152  0.24960901930441615  0.26033053696094227  0.2715125786048606  0.28317492523637666  0.2953382075138675  0.308023942249458  0.32125457047220124  0.33505349712619653  0.3494451324738692  0.3644549352776552  0.38010945783648104  0.3964363929567065  0.41346462294062064  0.4312242706791523  0.44974675293918026  0.4690648359397062  0.48921269331520334  0.5102259665686786  0.5321418281213915  0.5549990470707652  0.578838057772808  0.6037010313703756  0.6296319503938047  0.6566766865658864  0.6848830819488142  0.7143010335766556  0.7449825817230663  0.7769820019603892  0.8103559011729886  0.8451633176946665  0.8814658257473112  0.9193276443655247  0.9588157509999117  1.0  
0.1e+001 0.1e+007
-14 -12 12 14
2.91716099387565e+10 1.92648135084032e+09 2.79723376849246e+08 2.13680807726724e+10
2.91716099387565e+10 1.92648135084032e+09 2.79723376849246e+08 2.13680807726724e+10
3.03999413374051e+10 1.96221585826071e+09 2.95852058486464e+08 2.24182190923067e+10
3.03999413374051e+10 1.96221585826071e+09 2.95852058486464e+08 2.24182190923067e+10
3.16282727360536e+10 1.99795036568110e+09 3.11980740123683e+08 2.34683574119410e+10
3.16282727360536e+10 1.99795036568110e+09 3.11980740123683e+08 2.34683574119410e+10
3.28566041347022e+10 2.03368487310150e+09 3.28109421760902e+08 2.45184957315753e+10
3.28566041347022e+10 2.03368487310150e+09 3.28109421760902e+08 2.45184957315753e+10
3.40849355333507e+10 2.06941938052189e+09 3.44238103398121e+08 2.55686340512096e+10
3.40849355333507e+10 2.06941938052189e+09 3.44238103398121e+08 2.55686340512096e+10
3.59521261835865e+10 2.12334673276341e+09 3.68865925520176e+08 2.71682530327987e+10
3.59521261835865e+10 2.12334673276341e+09 3.68865925520176e+08 2.71682530327987e+10
3.72503993245615e+10 2.16002980788297e+09 3.86208138045595e+08 2.82870532743033e+10
3.72503993245615e+10 2.16002980788297e+09 3.86208138045595e+08 2.82870532743033e+10
3.85955546204324e+10 2.19734662217450e+09 4.04365693801357e+08 2.94519261866889e+10
3.85955546204324e+10 2.19734662217450e+09 4.04365693801357e+08 2.94519261866889e+10
3.99892850404045e+10 2.23530812415681e+09 4.23376926107520e+08 3.06647690621828e+10
3.99892850404045e+10 2.23530812415681e+09 4.23376926107520e+08 3.06647690621828e+10
4.14333446887724e+10 2.27392545149604e+09 4.43281970523215e+08 3.19275573243150e+10
4.14333446887724e+10 2.27392545149604e+09 4.43281970523215e+08 3.19275573243150e+10
4.29295510125795e+10 2.31320993427335e+09 4.64122849578821e+08 3.32423477453985e+10
4.29295510125795e+10 2.31320993427335e+09 4.64122849578821e+08 3.32423477453985e+10
4.44797870889980e+10 2.35317309830913e+09 4.85943561491825e+08 3.46112817965071e+10
4.44797870889980e+10 2.35317309830913e+09 4.85943561491825e+08 3.46112817965071e+10
4.60860039953098e+10 2.39382666854458e+09 5.08790173053644e+08 3.60365891354063e+10
4.60860039953098e+10 2.39382666854458e+09 5.08790173053644e+08 3.60365891354063e+10
4.77502232644692e+10 2.43518257248173e+09 5.32710916883529e+08 3.75205912381187e+10
4.77502232644692e+10 2.43518257248173e+09 5.32710916883529e+08 3.75205912381187e+10
4.94745394293396e+10 2.47725294368292e+09 5.57756293254841e+08 3.90657051800393e+10
4.94745394293396e+10 2.47725294368292e+09 5.57756293254841e+08 3.90657051800393e+10
5.12611226588050e+10 2.52005012533069e+09 5.83979176708700e+08 4.06744475727583e+10
5.12611226588050e+10 2.52005012533069e+09 5.83979176708700e+08 4.06744475727583e+10
5.31122214890748e+10 2.56358667384919e+09 6.11434927680059e+08 4.23494386630037e+10
5.31122214890748e+10 2.56358667384919e+09 6.11434927680059e+08 4.23494386630037e+10
5.50301656536193e+10 2.60787536258818e+09 6.40181509371873e+08 4.40934066003810e+10
5.50301656536193e+10 2.60787536258818e+09 6.40181509371873e+08 4.40934066003810e+10
5.70173690152974e+10 2.65292918557063e+09 6.70279610124103e+08 4.59091918808594e+10
5.70173690152974e+10 2.65292918557063e+09 6.70279610124103e+08 4.59091918808594e+10
5.90763326043664e+10 2.69876136130507e+09 7.01792771535896e+08 4.77997519732430e+10
5.90763326043664e+10 2.69876136130507e+09 7.01792771535896e+08 4.77997519732430e+10
6.12096477661987e+10 2.74538533666386e+09 7.34787522611414e+08 4.97681661361620e+10
6.12096477661987e+10 2.74538533666386e+09 7.34787522611414e+08 4.97681661361620e+10
6.34199994226655e+10 2.79281479082837e+09 7.69333520212530e+08 5.18176404334296e+10
6.34199994226655e+10 2.79281479082837e+09 7.69333520212530e+08 5.18176404334296e+10
6.57101694512933e+10 2.84106363930242e+09 8.05503696114899e+08 5.39515129559335e+10
6.57101694512933e+10 2.84106363930242e+09 8.05503696114899e+08 5.39515129559335e+10
6.80830401864454e+10 2.89014603799496e+09 8.43374410977857e+08 5.61732592585673e+10
6.80830401864454e+10 2.89014603799496e+09 8.43374410977857e+08 5.61732592585673e+10
7.05415980469353e+10 2.94007638737331e+09 8.83025615553213e+08 5.84864980210566e+10
7.05415980469353e+10 2.94007638737331e+09 8.83025615553213e+08 5.84864980210566e+10
7.30889372946374e+10 2.99086933668824e+09 9.24541019473263e+08 6.08949969419009e+10
7.30889372946374e+10 2.99086933668824e+09 9.24541019473263e+08 6.08949969419009e+10
7.57282639288255e+10 3.04253978827187e+09 9.68008267974362e+08 6.34026788750298e+10
7.57282639288255e+10 3.04253978827187e+09 9.68008267974362e+08 6.34026788750298e+10
7.84628997211404e+10 3.09510290191002e+09 1.01351912692915e+09 6.60136282191702e+10
7.84628997211404e+10 3.09510290191002e+09 1.01351912692915e+09 6.60136282191702e+10
8.12962863962649e+10 3.14857409928991e+09 1.06116967657804e+09 6.87320975703296e+10
8.12962863962649e+10 3.14857409928991e+09 1.06116967657804e+09 6.87320975703296e+10
8.42319899635678e+10 3.20296906852484e+09 1.11106051436902e+09 7.15625146482320e+10
8.42319899635678e+10 3.20296906852484e+09 1.11106051436902e+09 7.15625146482320e+10
8.72737052051687e+10 3.25830376875696e+09 1.16329696733392e+09 7.45094895079871e+10
8.72737052051687e+10 3.25830376875696e+09 1.16329696733392e+09 7.45094895079871e+10
9.04252603260718e+10 3.31459443483960e+09 1.21798931444956e+09 7.75778220487392e+10
9.04252603260718e+10 3.31459443483960e+09 1.21798931444956e+09 7.75778220487392e+10
9.36906217722220e+10 3.37185758210046e+09 1.27525301945317e+09 8.07725098315257e+10
9.36906217722220e+10 3.37185758210046e+09 1.27525301945317e+09 8.07725098315257e+10
9.70738992225456e+10 3.43011001118710e+09 1.33520897460369e+09 8.40987562190778e+10
9.70738992225456e+10 3.43011001118710e+09 1.33520897460369e+09 8.40987562190778e+10
1.00579350761261e+11 3.48936881299616e+09 1.39798375590334e+09 8.75619788508221e+10
1.00579350761261e+11 3.48936881299616e+09 1.39798375590334e+09 8.75619788508221e+10
1.04211388236966e+11 3.54965137368770e+09 1.46370989031864e+09 9.11678184668865e+10
1.04211388236966e+11 3.54965137368770e+09 1.46370989031864e+09 9.11678184668865e+10
1.07974582815247e+11 3.61097537978621e+09 1.53252613556457e+09 9.49221480954815e+10
1.07974582815247e+11 3.61097537978621e+09 1.53252613556457e+09 9.49221480954815e+10
1.11873670731806e+11 3.67335882336972e+09 1.60457777304299e+09 9.88310826186236e+10
1.11873670731806e+11 3.67335882336972e+09 1.60457777304299e+09 9.88310826186236e+10
1.15913559253328e+11 3.73682000734856e+09 1.68001691455337e+09 1.02900988731777e+11
1.15913559253328e+11 3.73682000734856e+09 1.68001691455337e+09 1.02900988731777e+11
1.20099332853614e+11 3.80137755083532e+09 1.75900282342364e+09 1.07138495313639e+11
1.20099332853614e+11 3.80137755083532e+09 1.75900282342364e+09 1.07138495313639e+11
1.24436259612734e+11 3.86705039460758e+09 1.84170225073888e+09 1.11550504222958e+11
1.24436259612734e+11 3.86705039460758e+09 1.84170225073888e+09 1.11550504222958e+11
1.28929797847264e+11 3.93385780666500e+09 1.92828978737788e+09 1.16144201539968e+11
1.28929797847264e+11 3.93385780666500e+09 1.92828978737788e+09 1.16144201539968e+11
1.33585602979948e+11 4.00181938788248e+09 2.01894823260062e+09 1.20927069270749e+11
1.33585602979948e+11 4.00181938788248e+09 2.01894823260062e+09 1.20927069270749e+11
1.38409534657429e+11 4.07095507776086e+09 2.11386897996487e+09 1.25906897533584e+11
1.38409534657429e+11 4.07095507776086e+09 2.11386897996487e+09 1.25906897533584e+11
1.43407664125016e+11 4.14128516027711e+09 2.21325242138669e+09 1.31091797247143e+11
1.43407664125016e+11 4.14128516027711e+09 2.21325242138669e+09 1.31091797247143e+11
1.48586281867754e+11 4.21283026983548e+09 2.31730837019779e+09 1.36490213341190e+11
1.48586281867754e+11 4.21283026983548e+09 2.31730837019779e+09 1.36490213341190e+11
1.53951905527428e+11 4.28561139732152e+09 2.42625650409287e+09 1.42110938511292e+11
1.53951905527428e+11 4.28561139732152e+09 2.42625650409287e+09 1.42110938511292e+11
1.59511288105458e+11 4.35964989626069e+09 2.54032682890215e+09 1.47963127539969e+11
1.59511288105458e+11 4.35964989626069e+09 2.54032682890215e+09 1.47963127539969e+11
1.65271426462009e+11 4.43496748908331e+09 2.65976016416812e+09 1.54056312207590e+11
1.65271426462009e+11 4.43496748908331e+09 2.65976016416812e+09 1.54056312207590e+11
1.71239570122013e+11 4.51158627349782e+09 2.78480865155172e+09 1.60400416817301e+11
1.71239570122013e+11 4.51158627349782e+09 2.78480865155172e+09 1.60400416817301e+11
1.77423230399190e+11 4.58952872897409e+09 2.91573628714108e+09 1.67005774359282e+11
1.77423230399190e+11 4.58952872897409e+09 2.91573628714108e+09 1.67005774359282e+11
1.83830189849545e+11 4.66881772333877e+09 3.05281947878685e+09 1.73883143340654e+11
1.83830189849545e+11 4.66881772333877e+09 3.05281947878685e+09 1.73883143340654e+11
1.90468512066242e+11 4.74947651948454e+09 3.19634762964059e+09 1.81043725308448e+11
1.90468512066242e+11 4.74947651948454e+09 3.19634762964059e+09 1.81043725308448e+11
1.97346551828184e+11 4.83152878219535e+09 3.34662374912812e+09 1.88499183094175e+11
1.97346551828184e+11 4.83152878219535e+09 3.34662374912812e+09 1.88499183094175e+11
2.04472965615070e+11 4.91499858508945e+09 3.50396509264785e+09 1.96261659809723e+11
2.04472965615070e+11 4.91499858508945e+09 3.50396509264785e+09 1.96261659809723e+11
2.11856722502159e+11 4.99991041768248e+09 3.66870383134446e+09 2.04343798625499e+11
2.11856722502159e+11 4.99991041768248e+09 3.66870383134446e+09 2.04343798625499e+11
2.19507115448463e+11 5.08628919257254e+09 3.84118775337189e+09 2.12758763363062e+11
2.19507115448463e+11 5.08628919257254e+09 3.84118775337189e+09 2.12758763363062e+11
2.27433772992564e+11 5.17416025274938e+09 4.02178099812626e+09 2.21520259935751e+11
2.27433772992564e+11 5.17416025274938e+09 4.02178099812626e+09 2.21520259935751e+11
2.35646671370787e+11 5.26354937902987e+09 4.21086482499870e+09 2.30642558672262e+11
2.35646671370787e+11 5.26354937902987e+09 4.21086482499870e+09 2.30642558672262e+11
2.44156147072965e+11 5.35448279762193e+09 4.40883841827100e+09 2.40140517559506e+11
2.44156147072965e+11 5.35448279762193e+09 4.40883841827100e+09 2.40140517559506e+11
2.52972909851615e+11 5.44698718781916e+09 4.61611972985343e+09 2.50029606442633e+11
2.52972909851615e+11 5.44698718781916e+09 4.61611972985343e+09 2.50029606442633e+11
2.62108056200889e+11 5.54108968982834e+09 4.83314636164386e+09 2.60325932221609e+11
2.62108056200889e+11 5.54108968982834e+09 4.83314636164386e+09 2.60325932221609e+11
2.71573083322265e+11 5.63681791273222e+09 5.06037648937085e+09 2.71046265085405e+11
2.71573083322265e+11 5.63681791273222e+09 5.06037648937085e+09 2.71046265085405e+11
2.81470204102159e+11 5.73458009667571e+09 5.30134326566028e+09 2.82329064843806e+11
2.81470204102159e+11 5.73458009667571e+09 5.30134326566028e+09 2.82329064843806e+11
2.91851109838331e+11 5.83456496605478e+09 5.55790444957295e+09 2.94245698869346e+11
2.91851109838331e+11 5.83456496605478e+09 5.55790444957295e+09 2.94245698869346e+11
3.02685768198629e+11 5.93661695172604e+09 5.82915827875571e+09 3.06758091746301e+11
3.02685768198629e+11 5.93661695172604e+09 5.82915827875571e+09 3.06758091746301e+11
3.13943062348419e+11 6.04057779692351e+09 6.11416059454473e+09 3.19826600097094e+11
3.13943062348419e+11 6.04057779692351e+09 6.11416059454473e+09 3.19826600097094e+11
3.25590751787931e+11 6.14628651082716e+09 6.41192284870516e+09 3.33409948012958e+11
3.25590751787931e+11 6.14628651082716e+09 6.41192284870516e+09 3.33409948012958e+11
3.37595431775406e+11 6.25357932132911e+09 6.72141001645768e+09 3.47465159825611e+11
3.37595431775406e+11 6.25357932132911e+09 6.72141001645768e+09 3.47465159825611e+11
3.49922491284965e+11 6.36228962698404e+09 7.04153841138619e+09 3.61947490110429e+11
3.49922491284965e+11 6.36228962698404e+09 7.04153841138619e+09 3.61947490110429e+11
3.62536069446278e+11 6.47224794812928e+09 7.37117339761347e+09 3.76810350807128e+11
3.62536069446278e+11 6.47224794812928e+09 7.37117339761347e+09 3.76810350807128e+11
3.75099647998040e+11 6.60545625744756e+09 7.72672608326967e+09 3.91784812486413e+11
3.75099647998040e+11 6.60545625744756e+09 7.72672608326967e+09 3.91784812486413e+11
3.87484781997074e+11 6.76840175151307e+09 8.11224051130344e+09 4.06754142120012e+11
3.87484781997074e+11 6.76840175151307e+09 8.11224051130344e+09 4.06754142120012e+11
3.99561283153946e+11 6.96052586012870e+09 8.52336093357675e+09 4.21544756812400e+11
3.99561283153946e+11 6.96052586012870e+09 8.52336093357675e+09 4.21544756812400e+11
4.11248474543504e+11 7.18148693173465e+09 8.95736832123093e+09 4.36048719721652e+11
4.11248474543504e+11 7.18148693173465e+09 8.95736832123093e+09 4.36048719721652e+11
4.22546356165749e+11 7.43128496633090e+09 9.41426267426598e+09 4.50266030847768e+11
4.22546356165749e+11 7.43128496633090e+09 9.41426267426598e+09 4.50266030847768e+11
4.33454928020679e+11 7.70991996391746e+09 9.89404399268188e+09 4.64196690190748e+11
4.33454928020679e+11 7.70991996391746e+09 9.89404399268188e+09 4.64196690190748e+11
4.43974190108296e+11 8.01739192449432e+09 1.03967122764787e+10 4.77840697750593e+11
4.43974190108296e+11 8.01739192449432e+09 1.03967122764787e+10 4.77840697750593e+11
4.54104142428599e+11 8.35370084806149e+09 1.09222675256563e+10 4.91198053527303e+11
4.54104142428599e+11 8.35370084806149e+09 1.09222675256563e+10 4.91198053527303e+11
4.64701461494789e+11 8.86325200901206e+09 1.14690445261769e+10 5.05643960943727e+11
4.64701461494789e+11 8.86325200901206e+09 1.14690445261769e+10 5.05643960943727e+11
4.75783183866358e+11 9.54891716700106e+09 1.20370101622523e+10 5.21205768403337e+11
4.75783183866358e+11 9.54891716700106e+09 1.20370101622523e+10 5.21205768403337e+11
4.87648671956497e+11 1.03885219417415e+10 1.26085653450276e+10 5.38103898758958e+11
4.87648671956497e+11 1.03885219417415e+10 1.26085653450276e+10 5.38103898758958e+11
5.00387873119328e+11 1.13754037505301e+10 1.31784221979767e+10 5.56404580940900e+11
5.00387873119328e+11 1.13754037505301e+10 1.31784221979767e+10 5.56404580940900e+11
5.14000787354853e+11 1.25095625933669e+10 1.37465807210997e+10 5.76107814949163e+11
5.14000787354853e+11 1.25095625933669e+10 1.37465807210997e+10 5.76107814949163e+11
5.28487414663070e+11 1.37909984702517e+10 1.43130409143966e+10 5.97213600783746e+11
5.28487414663070e+11 1.37909984702517e+10 1.43130409143966e+10 5.97213600783746e+11
5.43847755043980e+11 1.52197113811847e+10 1.48778027778673e+10 6.19721938444649e+11
5.43847755043980e+11 1.52197113811847e+10 1.48778027778673e+10 6.19721938444649e+11
5.59968873130952e+11 1.67853626879200e+10 1.54844239427954e+10 6.43350099890645e+11
5.59968873130952e+11 1.67853626879200e+10 1.54844239427954e+10 6.43350099890645e+11
5.76375637338752e+11 1.84444565952481e+10 1.63161561842288e+10 6.66908616964622e+11
5.76375637338752e+11 1.84444565952481e+10 1.63161561842288e+10 6.66908616964622e+11
5.93068047667380e+11 2.01969931031688e+10 1.73729995021673e+10 6.90397489666580e+11
5.93068047667380e+11 2.01969931031688e+10 1.73729995021673e+10 6.90397489666580e+11
6.09189427603634e+11 2.18985669372892e+10 1.86566191106488e+10 7.12441514573669e+11
6.09189427603634e+11 2.18985669372892e+10 1.86566191106488e+10 7.12441514573669e+11
6.24722740588022e+11 2.35463063379541e+10 2.01670481254617e+10 7.33013343282419e+11
6.24722740588022e+11 2.35463063379541e+10 2.01670481254617e+10 7.33013343282419e+11
6.39667986620546e+11 2.51402113051636e+10 2.19042865466059e+10 7.52112975792829e+11
6.39667986620546e+11 2.51402113051636e+10 2.19042865466059e+10 7.52112975792829e+11
6.54025165701205e+11 2.66802818389177e+10 2.38683343740815e+10 7.69740412104900e+11
6.54025165701205e+11 2.66802818389177e+10 2.38683343740815e+10 7.69740412104900e+11
6.67794277829998e+11 2.81665179392164e+10 2.60591916078883e+10 7.85895652218632e+11
6.67794277829998e+11 2.81665179392164e+10 2.60591916078883e+10 7.85895652218632e+11
6.80854050645620e+11 2.96291024160774e+10 2.84165204602432e+10 8.00628919760293e+11
6.80854050645620e+11 2.96291024160774e+10 2.84165204602432e+10 8.00628919760293e+11
6.93025271853833e+11 3.11126384302834e+10 3.08511557391655e+10 8.14014433547684e+11
6.93025271853833e+11 3.11126384302834e+10 3.08511557391655e+10 8.14014433547684e+11
7.04420876821267e+11 3.26274646200801e+10 3.33195398133716e+10 8.26334921622034e+11
7.04420876821267e+11 3.26274646200801e+10 3.33195398133716e+10 8.26334921622034e+11
7.15515997133157e+11 3.42170767806772e+10 3.56384209078137e+10 8.38779852140455e+11
7.15515997133157e+11 3.42170767806772e+10 3.56384209078137e+10 8.38779852140455e+11
7.26310632789504e+11 3.58814749120746e+10 3.78077990224918e+10 8.51349225102945e+11
7.26310632789504e+11 3.58814749120746e+10 3.78077990224918e+10 8.51349225102945e+11
7.36804783790306e+11 3.76206590142724e+10 3.98276741574060e+10 8.64043040509505e+11
7.36804783790306e+11 3.76206590142724e+10 3.98276741574060e+10 8.64043040509505e+11
7.46998450135565e+11 3.94346290872704e+10 4.16980463125562e+10 8.76861298360136e+11
7.46998450135565e+11 3.94346290872704e+10 4.16980463125562e+10 8.76861298360136e+11
7.56891631825279e+11 4.13233851310688e+10 4.34189154879424e+10 8.89803998654836e+11
7.56891631825279e+11 4.13233851310688e+10 4.34189154879424e+10 8.89803998654836e+11
7.66081706120241e+11 4.33658601643128e+10 4.50479140218982e+10 9.02788900609495e+11
7.66081706120241e+11 4.33658601643128e+10 4.50479140218982e+10 9.02788900609495e+11
7.74316766521785e+11 4.56114397244291e+10 4.66211003859050e+10 9.15764549137363e+11
7.74316766521785e+11 4.56114397244291e+10 4.66211003859050e+10 9.15764549137363e+11
7.81718085391218e+11 4.80299410013998e+10 4.81988123677462e+10 9.28680720612172e+11
7.81718085391218e+11 4.80299410013998e+10 4.81988123677462e+10 9.28680720612172e+11
7.88464875022776e+11 5.05767608344425e+10 4.98702151594023e+10 9.41463196216122e+11
7.88464875022776e+11 5.05767608344425e+10 4.98702151594023e+10 9.41463196216122e+11
7.94557135416460e+11 5.32518992235571e+10 5.16353087608735e+10 9.54111975949210e+11
7.94557135416460e+11 5.32518992235571e+10 5.16353087608735e+10 9.54111975949210e+11
7.99994866572270e+11 5.60553561687437e+10 5.34940931721597e+10 9.66627059811438e+11
7.99994866572270e+11 5.60553561687437e+10 5.34940931721597e+10 9.66627059811438e+11
8.04778068490206e+11 5.89871316700022e+10 5.54465683932609e+10 9.79008447802805e+11
8.04778068490206e+11 5.89871316700022e+10 5.54465683932609e+10 9.79008447802805e+11
8.08906741170268e+11 6.20472257273327e+10 5.74927344241772e+10 9.91256139923311e+11
8.08906741170268e+11 6.20472257273327e+10 5.74927344241772e+10 9.91256139923311e+11
8.12248324681949e+11 6.53700688397474e+10 5.96869704787939e+10 1.00274542334038e+12
8.12248324681949e+11 6.53700688397474e+10 5.96869704787939e+10 1.00274542334038e+12
8.14775026288826e+11 6.89838459301875e+10 6.20406777939154e+10 1.01334531971817e+12
8.14775026288826e+11 6.89838459301875e+10 6.20406777939154e+10 1.01334531971817e+12
8.16889468730107e+11 7.28096239800077e+10 6.44962240312080e+10 1.02313806984079e+12
8.16889468730107e+11 7.28096239800077e+10 6.44962240312080e+10 1.02313806984079e+12
8.18843558504458e+11 7.67980174517813e+10 6.70175507191903e+10 1.03217512879500e+12
8.18843558504458e+11 7.67980174517813e+10 6.70175507191903e+10 1.03217512879500e+12
8.20637295611878e+11 8.09490263455082e+10 6.96046578578624e+10 1.04045649658080e+12
8.20637295611878e+11 8.09490263455082e+10 6.96046578578624e+10 1.04045649658080e+12
8.22270680052368e+11 8.52626506611885e+10 7.22575454472242e+10 1.04798217319817e+12
8.22270680052368e+11 8.52626506611885e+10 7.22575454472242e+10 1.04798217319817e+12
8.23743711825928e+11 8.97388903988222e+10 7.49762134872757e+10 1.05475215864713e+12
8.23743711825928e+11 8.97388903988222e+10 7.49762134872757e+10 1.05475215864713e+12
8.25030991172613e+11 9.43799064913264e+10 7.77675854454803e+10 1.06074139611672e+12
8.25030991172613e+11 9.43799064913264e+10 7.77675854454803e+10 1.06074139611672e+12
8.25493377473601e+11 9.92400750432383e+10 8.08058782943090e+10 1.06531937470078e+12
8.25493377473601e+11 9.92400750432383e+10 8.08058782943090e+10 1.06531937470078e+12
8.25130870728891e+11 1.04319396054558e+11 8.40910920337615e+10 1.06848609439930e+12
8.25130870728891e+11 1.04319396054558e+11 8.40910920337615e+10 1.06848609439930e+12
8.24076030868990e+11 1.09483439026273e+11 8.75688474499525e+10 1.07086626804487e+12
8.24076030868990e+11 1.09483439026273e+11 8.75688474499525e+10 1.07086626804487e+12
8.22356650630322e+11 1.14704019035442e+11 9.12277433060777e+10 1.07259087397332e+12
8.22356650630322e+11 1.14704019035442e+11 9.12277433060777e+10 1.07259087397332e+12
8.19972730012887e+11 1.19981136082066e+11 9.50677796021371e+10 1.07365991218465e+12
8.19972730012887e+11 1.19981136082066e+11 9.50677796021371e+10 1.07365991218465e+12
8.16924269016685e+11 1.25314790166144e+11 9.90889563381306e+10 1.07407338267886e+12
8.16924269016685e+11 1.25314790166144e+11 9.90889563381306e+10 1.07407338267886e+12
8.13211267641716e+11 1.30704981287676e+11 1.03291273514058e+11 1.07383128545595e+12
8.13211267641716e+11 1.30704981287676e+11 1.03291273514058e+11 1.07383128545595e+12
8.08710268735062e+11 1.36089124946278e+11 1.07606348348306e+11 1.07273633087256e+12
8.08710268735062e+11 1.36089124946278e+11 1.07606348348306e+11 1.07273633087256e+12
8.03050437509252e+11 1.41279232764195e+11 1.11828775858760e+11 1.07019590958009e+12
8.03050437509252e+11 1.41279232764195e+11 1.11828775858760e+11 1.07019590958009e+12
7.96257173724231e+11 1.46273143808509e+11 1.15951632577957e+11 1.06623507838949e+12
7.96257173724231e+11 1.46273143808509e+11 1.15951632577957e+11 1.06623507838949e+12
7.88969617998821e+11 1.51016481974683e+11 1.19800701533426e+11 1.06148434820694e+12
7.88969617998821e+11 1.51016481974683e+11 1.19800701533426e+11 1.06148434820694e+12
7.81187770333022e+11 1.55509247262718e+11 1.23375982725168e+11 1.05594371903242e+12
7.81187770333022e+11 1.55509247262718e+11 1.23375982725168e+11 1.05594371903242e+12
7.72911630726834e+11 1.59751439672613e+11 1.26677476153181e+11 1.04961319086595e+12
7.72911630726834e+11 1.59751439672613e+11 1.26677476153181e+11 1.04961319086595e+12
7.64141199180257e+11 1.63743059204368e+11 1.29705181817467e+11 1.04249276370751e+12
7.64141199180257e+11 1.63743059204368e+11 1.29705181817467e+11 1.04249276370751e+12
7.54876475693291e+11 1.67484105857984e+11 1.32459099718025e+11 1.03458243755711e+12
7.54876475693291e+11 1.67484105857984e+11 1.32459099718025e+11 1.03458243755711e+12
7.44953364590992e+11 1.70892524175974e+11 1.34920527052452e+11 1.02569210747608e+12
7.44953364590992e+11 1.70892524175974e+11 1.34920527052452e+11 1.02569210747608e+12
7.34180244666646e+11 1.73872494656782e+11 1.37067623796219e+11 1.01559978018051e+12
7.34180244666646e+11 1.73872494656782e+11 1.37067623796219e+11 1.01559978018051e+12
7.22680573073169e+11 1.76486601800792e+11 1.38968772730941e+11 1.00450274531379e+12
7.22680573073169e+11 1.76486601800792e+11 1.38968772730941e+11 1.00450274531379e+12
7.10825184598034e+11 1.78922833985759e+11 1.40829378838733e+11 9.92993612224508e+11
7.10825184598034e+11 1.78922833985759e+11 1.40829378838733e+11 9.92993612224508e+11
6.98614079241241e+11 1.81181191211684e+11 1.42649442119593e+11 9.81072380912659e+11
6.98614079241241e+11 1.81181191211684e+11 1.42649442119593e+11 9.81072380912659e+11
6.86047257002790e+11 1.83261673478565e+11 1.44428962573521e+11 9.68739051378244e+11
6.86047257002790e+11 1.83261673478565e+11 1.44428962573521e+11 9.68739051378244e+11
6.73124717882681e+11 1.85164280786404e+11 1.46167940200519e+11 9.55993623621265e+11
6.73124717882681e+11 1.85164280786404e+11 1.46167940200519e+11 9.55993623621265e+11
6.59846461880913e+11 1.86889013135200e+11 1.47866375000585e+11 9.42836097641721e+11
6.59846461880913e+11 1.86889013135200e+11 1.47866375000585e+11 9.42836097641721e+11
6.46169597914337e+11 1.88199680829374e+11 1.49296541136171e+11 9.29142956572979e+11
6.46169597914337e+11 1.88199680829374e+11 1.49296541136171e+11 9.29142956572979e+11
6.32073272048493e+11 1.88981446842912e+11 1.50347716766229e+11 9.14854145679835e+11
6.32073272048493e+11 1.88981446842912e+11 1.50347716766229e+11 9.14854145679835e+11
6.17721579958327e+11 1.89316366633300e+11 1.51038604693163e+11 9.00159769900966e+11
6.17721579958327e+11 1.89316366633300e+11 1.51038604693163e+11 9.00159769900966e+11
6.03306142850551e+11 1.89300259702094e+11 1.51391044941500e+11 8.85281822520259e+11
6.03306142850551e+11 1.89300259702094e+11 1.51391044941500e+11 8.85281822520259e+11
5.88826960725166e+11 1.88933126049295e+11 1.51405037511241e+11 8.70220303537714e+11
5.88826960725166e+11 1.88933126049295e+11 1.51405037511241e+11 8.70220303537714e+11
5.74284033582172e+11 1.88214965674902e+11 1.51080582402386e+11 8.54975212953329e+11
5.74284033582172e+11 1.88214965674902e+11 1.51080582402386e+11 8.54975212953329e+11
5.59677361421568e+11 1.87145778578916e+11 1.50417679614934e+11 8.39546550767106e+11
5.59677361421568e+11 1.87145778578916e+11 1.50417679614934e+11 8.39546550767106e+11
5.45006944243356e+11 1.85725564761336e+11 1.49416329148886e+11 8.23934316979043e+11
5.45006944243356e+11 1.85725564761336e+11 1.49416329148886e+11 8.23934316979043e+11
5.30259023768195e+11 1.83664783948111e+11 1.48021627957344e+11 8.07923405731670e+11
5.30259023768195e+11 1.83664783948111e+11 1.48021627957344e+11 8.07923405731670e+11
5.15431801615149e+11 1.80925589567286e+11 1.46226399518420e+11 7.91485699971704e+11
5.15431801615149e+11 1.80925589567286e+11 1.46226399518420e+11 7.91485699971704e+11
5.00568168867369e+11 1.77744171314440e+11 1.44258369669661e+11 7.74744716565778e+11
5.00568168867369e+11 1.77744171314440e+11 1.44258369669661e+11 7.74744716565778e+11
4.85688979459314e+11 1.74235366215587e+11 1.42228260252115e+11 7.57760510249097e+11
4.85688979459314e+11 1.74235366215587e+11 1.42228260252115e+11 7.57760510249097e+11
4.70794233390984e+11 1.70399174270728e+11 1.40136071265783e+11 7.40533081021663e+11
4.70794233390984e+11 1.70399174270728e+11 1.40136071265783e+11 7.40533081021663e+11
4.55883930662379e+11 1.66235595479862e+11 1.37981802710664e+11 7.23062428883475e+11
4.55883930662379e+11 1.66235595479862e+11 1.37981802710664e+11 7.23062428883475e+11
4.40958071273498e+11 1.61744629842989e+11 1.35765454586758e+11 7.05348553834534e+11
4.40958071273498e+11 1.61744629842989e+11 1.35765454586758e+11 7.05348553834534e+11
4.26010160490187e+11 1.56923101901603e+11 1.33468280854754e+11 6.87394372203468e+11
4.26010160490187e+11 1.56923101901603e+11 1.33468280854754e+11 6.87394372203468e+11
4.10978998753376e+11 1.51741089467085e+11 1.30913638512381e+11 6.69227364410877e+11
4.10978998753376e+11 1.51741089467085e+11 1.30913638512381e+11 6.69227364410877e+11
3.95864586063063e+11 1.46198592539435e+11 1.28101527559639e+11 6.50847530456760e+11
3.95864586063063e+11 1.46198592539435e+11 1.28101527559639e+11 6.50847530456760e+11
3.80680680698588e+11 1.40585151392704e+11 1.25086851043425e+11 6.32469976198590e+11
3.80680680698588e+11 1.40585151392704e+11 1.25086851043425e+11 6.32469976198590e+11
3.65429081040888e+11 1.34938612598847e+11 1.21876785485628e+11 6.14122818689648e+11
3.65429081040888e+11 1.34938612598847e+11 1.21876785485628e+11 6.14122818689648e+11
3.50109787089962e+11 1.29258976157864e+11 1.18471330886248e+11 5.95806057929933e+11
3.50109787089962e+11 1.29258976157864e+11 1.18471330886248e+11 5.95806057929933e+11
3.34722798845810e+11 1.23546242069755e+11 1.14870487245287e+11 5.77519693919447e+11
3.34722798845810e+11 1.23546242069755e+11 1.14870487245287e+11 5.77519693919447e+11
3.19268116308432e+11 1.17800410334521e+11 1.11074254562743e+11 5.59263726658189e+11
3.19268116308432e+11 1.17800410334521e+11 1.11074254562743e+11 5.59263726658189e+11
3.03832676245910e+11 1.12039890776708e+11 1.07077528421580e+11 5.40983887973728e+11
3.03832676245910e+11 1.12039890776708e+11 1.07077528421580e+11 5.40983887973728e+11
2.88612275741058e+11 1.06306145599495e+11 1.02868812765675e+11 5.22557956278048e+11
2.88612275741058e+11 1.06306145599495e+11 1.02868812765675e+11 5.22557956278048e+11
2.73613409528031e+11 1.00602350261386e+11 9.84668536343366e+10 5.03983015242519e+11
2.73613409528031e+11 1.00602350261386e+11 9.84668536343366e+10 5.03983015242519e+11
2.58897277165901e+11 9.49584269510018e+10 9.40482940298376e+10 4.85231584446543e+11
2.58897277165901e+11 9.49584269510018e+10 9.40482940298376e+10 4.85231584446543e+11
2.44463878654667e+11 8.93743756683423e+10 8.96131339521777e+10 4.66303663890121e+11
2.44463878654667e+11 8.93743756683423e+10 8.96131339521777e+10 4.66303663890121e+11
2.30313213994329e+11 8.38501964134072e+10 8.51613734013570e+10 4.47199253573251e+11
2.30313213994329e+11 8.38501964134072e+10 8.51613734013570e+10 4.47199253573251e+11
2.16445283184887e+11 7.83858891861968e+10 8.06930123773754e+10 4.27918353495935e+11
2.16445283184887e+11 7.83858891861968e+10 8.06930123773754e+10 4.27918353495935e+11
2.02860086226342e+11 7.29814539867109e+10 7.62080508802329e+10 4.08460963658172e+11
2.02860086226342e+11 7.29814539867109e+10 7.62080508802329e+10 4.08460963658172e+11
1.89725443478774e+11 6.77341637697456e+10 7.17552667414046e+10 3.88933710815345e+11
1.89725443478774e+11 6.77341637697456e+10 7.17552667414046e+10 3.88933710815345e+11
1.77196868967196e+11 6.27341584248680e+10 6.73798608941996e+10 3.69435402739618e+11
1.77196868967196e+11 6.27341584248680e+10 6.73798608941996e+10 3.69435402739618e+11
1.65187425923524e+11 5.79630281275301e+10 6.30869377556539e+10 3.50020307603422e+11
1.65187425923524e+11 5.79630281275301e+10 6.30869377556539e+10 3.50020307603422e+11
1.53501317264945e+11 5.33793106745554e+10 5.88879933818924e+10 3.30810646994772e+11
1.53501317264945e+11 5.33793106745554e+10 5.88879933818924e+10 3.30810646994772e+11
1.42138542991459e+11 4.89830060659440e+10 5.47830277729149e+10 3.11806420913668e+11
1.42138542991459e+11 4.89830060659440e+10 5.47830277729149e+10 3.11806420913668e+11
1.31099103103064e+11 4.47741143016959e+10 5.07720409287215e+10 2.93007629360111e+11
1.31099103103064e+11 4.47741143016959e+10 5.07720409287215e+10 2.93007629360111e+11
1.20382997599762e+11 4.07526353818110e+10 4.68550328493121e+10 2.74414272334100e+11
1.20382997599762e+11 4.07526353818110e+10 4.68550328493121e+10 2.74414272334100e+11
1.09990226481553e+11 3.69185693062894e+10 4.30320035346869e+10 2.56026349835635e+11
1.09990226481553e+11 3.69185693062894e+10 4.30320035346869e+10 2.56026349835635e+11
1.00233836106416e+11 3.33825718432169e+10 3.94269247813775e+10 2.38314731766759e+11
1.00233836106416e+11 3.33825718432169e+10 3.94269247813775e+10 2.38314731766759e+11
9.12292735437055e+10 3.01854512748398e+10 3.60855156345899e+10 2.21453068287748e+11
9.12292735437055e+10 3.01854512748398e+10 3.60855156345899e+10 2.21453068287748e+11
8.28087184333387e+10 2.72299346463620e+10 3.29589982628490e+10 2.05334732643220e+11
8.28087184333387e+10 2.72299346463620e+10 3.29589982628490e+10 2.05334732643220e+11
7.48166567503056e+10 2.44258820682161e+10 3.00021717328459e+10 1.89860917061012e+11
7.48166567503056e+10 2.44258820682161e+10 3.00021717328459e+10 1.89860917061012e+11
6.72530884946062e+10 2.17732935404023e+10 2.72150360445806e+10 1.75031621541122e+11
6.72530884946062e+10 2.17732935404023e+10 2.72150360445806e+10 1.75031621541122e+11
6.01180136662404e+10 1.92721690629205e+10 2.45975911980530e+10 1.60846846083552e+11
6.01180136662404e+10 1.92721690629205e+10 2.45975911980530e+10 1.60846846083552e+11
5.34114322652082e+10 1.69225086357707e+10 2.21498371932631e+10 1.47306590688301e+11
5.34114322652082e+10 1.69225086357707e+10 2.21498371932631e+10 1.47306590688301e+11
4.71333442915097e+10 1.47243122589529e+10 1.98717740302110e+10 1.34410855355370e+11
4.71333442915097e+10 1.47243122589529e+10 1.98717740302110e+10 1.34410855355370e+11
4.15708636223895e+10 1.27943077410084e+10 1.78550657924828e+10 1.22644207113896e+11
4.15708636223895e+10 1.27943077410084e+10 1.78550657924828e+10 1.22644207113896e+11
3.67416298183301e+10 1.11396665473452e+10 1.61053440927403e+10 1.12036416553518e+11
3.67416298183301e+10 1.11396665473452e+10 1.61053440927403e+10 1.12036416553518e+11
3.23325965213514e+10 9.64973290987718e+09 1.44986371344518e+10 1.02116613772193e+11
3.23325965213514e+10 9.64973290987718e+09 1.44986371344518e+10 1.02116613772193e+11
2.82283166620999e+10 8.28369854635841e+09 1.29892258724113e+10 9.27111486096442e+10
2.82283166620999e+10 8.28369854635841e+09 1.29892258724113e+10 9.27111486096442e+10
2.44287902405756e+10 7.04156345678885e+09 1.15771103066189e+10 8.38200210658708e+10
2.44287902405756e+10 7.04156345678885e+09 1.15771103066189e+10 8.38200210658708e+10
2.09340172567786e+10 5.92332764116850e+09 1.02622904370745e+10 7.54432311408733e+10
2.09340172567786e+10 5.92332764116850e+09 1.02622904370745e+10 7.54432311408733e+10
1.77439977107087e+10 4.92899109949734e+09 9.04476626377808e+09 6.75807788346516e+10
1.77439977107087e+10 4.92899109949734e+09 9.04476626377808e+09 6.75807788346516e+10
1.48848268837631e+10 4.06570043754333e+09 7.93241477247319e+09 6.02784119704574e+10
1.48848268837631e+10 4.06570043754333e+09 7.93241477247319e+09 6.02784119704574e+10
1.25002313281790e+10 3.37281744610686e+09 6.96862051171903e+09 5.37880985883481e+10
1.25002313281790e+10 3.37281744610686e+09 6.96862051171903e+09 5.37880985883481e+10
1.05902110439564e+10 2.85034212518793e+09 6.15338348151561e+09 4.81098386883236e+10
1.05902110439564e+10 2.85034212518793e+09 6.15338348151561e+09 4.81098386883236e+10
8.86765215385077e+09 2.38154666624519e+09 5.39503959827682e+09 4.27590652412447e+10
8.86765215385077e+09 2.38154666624519e+09 5.39503959827682e+09 4.27590652412447e+10
7.31491509737939e+09 1.95925960387079e+09 4.68795724934074e+09 3.77060076574747e+10
7.31491509737939e+09 1.95925960387079e+09 4.68795724934074e+09 3.77060076574747e+10
5.93199987454228e+09 1.58348093806472e+09 4.03213643470738e+09 3.29506659370138e+10
5.93199987454228e+09 1.58348093806472e+09 4.03213643470738e+09 3.29506659370138e+10
4.71890648533944e+09 1.25421066882699e+09 3.42757715437673e+09 2.84930400798619e+10
4.71890648533944e+09 1.25421066882699e+09 3.42757715437673e+09 2.84930400798619e+10
3.67563492977087e+09 9.71448796157588e+08 2.87427940834879e+09 2.43331300860189e+10
3.67563492977087e+09 9.71448796157588e+08 2.87427940834879e+09 2.43331300860189e+10
2.82102303902631e+09 7.40340289018775e+08 2.38415524413971e+09 2.05615346475022e+10
2.82102303902631e+09 7.40340289018775e+08 2.38415524413971e+09 2.05615346475022e+10
2.18781425153096e+09 5.69828001432233e+08 1.97790987937432e+09 1.73357301034718e+10
2.18781425153096e+09 5.69828001432233e+08 1.97790987937432e+09 1.73357301034718e+10
1.74991328588786e+09 4.52765327630029e+08 1.64766632830912e+09 1.46099686306757e+10
1.74991328588786e+09 4.52765327630029e+08 1.64766632830912e+09 1.46099686306757e+10
1.36359358985968e+09 3.49790476811760e+08 1.35004004238489e+09 1.21322821890568e+10
1.36359358985968e+09 3.49790476811760e+08 1.35004004238489e+09 1.21322821890568e+10
1.02885516344643e+09 2.60903448977426e+08 1.08503102160163e+09 9.90267077861503e+09
1.02885516344643e+09 2.60903448977426e+08 1.08503102160163e+09 9.90267077861503e+09
7.45698006648113e+08 1.86104244127028e+08 8.52639265959339e+08 7.92113439935045e+09
7.45698006648113e+08 1.86104244127028e+08 8.52639265959339e+08 7.92113439935045e+09
5.14122119464722e+08 1.25392862260566e+08 6.52864775458011e+08 6.18767305126302e+09
5.14122119464722e+08 1.25392862260566e+08 6.52864775458011e+08 6.18767305126302e+09
3.34127501896258e+08 7.87693033780380e+07 4.85707550097650e+08 4.70228673435274e+09
3.34127501896258e+08 7.87693033780380e+07 4.85707550097650e+08 4.70228673435274e+09
2.08256970352007e+08 4.67817726355070e+07 3.55661121581422e+08 3.51223297737741e+09
2.08256970352007e+08 4.67817726355070e+07 3.55661121581422e+08 3.51223297737741e+09
1.38376572414026e+08 2.98325707662087e+07 2.66023071260060e+08 2.65219175052701e+09
1.38376572414026e+08 2.98325707662087e+07 2.66023071260060e+08 2.65219175052701e+09
1.05648476892578e+08 2.27767288078927e+07 2.04881351617415e+08 2.03156436178425e+09
1.05648476892578e+08 2.27767288078927e+07 2.04881351617415e+08 2.03156436178425e+09
7.73292453624711e+07 1.66713927388738e+07 1.51530745028668e+08 1.49287447198925e+09
7.73292453624711e+07 1.66713927388738e+07 1.51530745028668e+08 1.49287447198925e+09
6.32799356307487e+07 1.36425055546042e+07 1.25050368767176e+08 1.22557953373921e+09
6.32799356307487e+07 1.36425055546042e+07 1.25050368767176e+08 1.22557953373921e+09
3.51813161673043e+07 7.58473118606519e+06 7.20896162441926e+07 6.90989657239132e+08
3.51813161673043e+07 7.58473118606519e+06 7.20896162441926e+07 6.90989657239132e+08
7.08269670385996e+06 1.52695681752614e+06 1.91288637212091e+07 1.56399780739057e+08
7.08269670385996e+06 1.52695681752614e+06 1.91288637212091e+07 1.56399780739057e+08
0.00000000000000e+00 0.00000000000000e+00 0.00000000000000e+00 0.00000000000000e+00
0.00000000000000e+00 0.00000000000000e+00 0.00000000000000e+00 0.00000000000000e+00
0.00000000000000e+00 0.00000000000000e+00 0.00000000000000e+00 0.00000000000000e+00
0.00000000000000e+00 0.00000000000000e+00 0.00000000000000e+00 0.00000000000000e+00
---