PdfType: central
Format: lhagrid1
---
0.0001  0.00010429532461863897  0.0001087751473730729  0.00011344739305714942  0.00011832032686033726  0.00012340256898882342  0.00012870310991463342  0.00013423132627975076  0.00013999699748337048  0.00014601032298162906  0.0001522819403304134  0.0001588229440031669  0.0001656449050169821  0.00017275989140169766  0.0001801804895482089  0.0001879198264737575  0.00019599159304358843  0.00020441006819005238  0.0002131901441719966  0.00022234735291912848  0.00023189789350795586  0.00024185866081790827  0.00025224727541833065  0.0002630821147392205  0.0002743823455808502  0.0002861679580197835  0.000298459800771264  0.0003112796180705332  0.00032465008813832217  0.0003385948632985606  0.000353138611819271  0.00036830706155066437  0.0003841270454376358  0.00040062654898716905  0.00041783475977461904  0.00043578211907644967  0.00045450037572076693  0.0004740226422509076  0.0004943834535014343  0.0005156188276901594  0.0005377663301342724  0.0005608651397032811  0.0005849561181263205  0.0006100818822764358  0.0006362868795597115  0.0006636174665426095  0.0006921219909566031  0.000721850877225177  0.0007528567156644912  0.0007851943555155049  0.0008189210019721267  0.0008540963173770411  0.000890782526764226  0.000929044527934864  0.0009689500062613694  0.0010105695544226187  0.0010539767972822035  0.0010992485221306084  0.0011464648145217105  0.0011957091999438964  0.0012470687915764175  0.0013006344443923627  0.0013565009158808474  0.0014147670336727418  0.0014755358703664753  0.0015389149258631751  0.0016050163175336874  0.001673956978553886  0.001745858864759136  0.0018208491703838258  0.0018990605530676075  0.001980631368526384  0.0020657059153031832  0.002154434690031882  0.002246974653665322  0.0023434895091387887  0.0024441499909600485  0.002549134167238217  0.0026586277546857403  0.002772824447150728  0.002891926258260833  0.003016143878784795  0.0031456970493438136  0.003280814949132081  0.0034217366013341386  0.0035687112959562244  0.0037219990308195853  0.0038818709714958863  0.004048609930998349  0.004222510870077183  0.004403881419004318  0.0045930424217704826  0.0047903285036573215  0.0049960886631885935  0.005210686889507569  0.005434502806272785  0.0056679323432112455  0.005911388436516999  0.006165301759334096  0.0064301214836161615  0.006706316074710319  0.006994374120071094  0.007294805193570227  0.00760814075693141  0.007934935099884589  0.008275766320702958  0.008631237348857151  0.009001977011595783  0.009388641146339076  0.009791913760853446  0.01021250824325929  0.01065116862401255  0.01110867089209251  0.01158582436772414  0.01208347313406328  0.012602497530377338  0.013143815709363004  0.013708385261355807  0.014297204908304714  0.014911316270508398  0.015551805709238663  0.01621980624851049  0.01691649957939832  0.01764311815044419  0.01840094734785578  0.01919132776935102  0.02001565759567167  0.020875395063961057  0.021772061047381518  0.0227072417455348  0.023682591490444646  0.024699835673065437  0.025760773795493984  0.02686728265428373  0.028021319660492525  0.02922492630233721  0.030480231756580593  0.03178945665503921  0.0331549170128747  0.034579028325618065  0.03606430984217448  0.03761338902136763  0.03922900617990692  0.0409140193399999  0.042671409285185626  0.044504284833332394  0.046415888336127774  0.04840960141478949  0.05048895094214394  0.05265761528165439  0.05491943079443554  0.05727839862576538  0.05973869178310004  0.06230466251811238  0.06498085002581286  0.06777198847437253  0.07068301537985341  0.07371908034066062  0.07688555414716733  0.08018803828262767  0.08363237483218501  0.08722465681750427  0.09097123897530998  0.09487874899889745  0.09895409926250376  0.10320449904927852  0.1076374673044853  0.11226084593649444  0.11708281368909704  0.12211190060968001  0.12735700313885567  0.13282739984823985  0.1385327678542193  0.14448319993674355  0.150689222393424  0.15716181366052454  0.16391242373378453  0.1709529944234296  0.17829598047919984  0.18595437162276682  0.1939417155265149  0.20227214177933603  0.21096038688183238  0.22002182031514395  0.2294724717295179  0.2393290593007152  0.24960901930441615  0.26033053696094227  0.2715125786048606  0.28317492523637666  0.2953382075138675  0.308023942249458  0.32125457047220124  0.33505349712619653  0.3494451324738692  0.3644549352776552  0.38010945783648104  0.3964363929567065  0.41346462294062064  0.4312242706791523  0.44974675293918026  0.4690648359397062  0.48921269331520334  0.5102259665686786  0.5321418281213915  0.5549990470707652  0.578838057772808  0.6037010313703756  0.6296319503938047  0.6566766865658864  0.6848830819488142  0.7143010335766556  0.7449825817230663  0.7769820019603892  0.8103559011729886  0.8451633176946665  0.8814658257473112  0.9193276443655247  0.9588157509999117  1.0  
0.1e+001 0.1e+007
-14 -12 12 14
3.38933267234436e+01 2.23830162228733e+00 3.24999402626064e-01 2.48267183265372e+01
3.38933267234436e+01 2.23830162228733e+00 3.24999402626064e-01 2.48267183265372e+01
3.53204758422774e+01 2.27982011707879e+00 3.43738672673083e-01 2.60468320345875e+01
3.53204758422774e+01 2.27982011707879e+00 3.43738672673083e-01 2.60468320345875e+01
3.67476249611112e+01 2.32133861187025e+00 3.62477942720103e-01 2.72669457426378e+01
3.67476249611112e+01 2.32133861187025e+00 3.62477942720103e-01 2.72669457426378e+01
3.81747740799451e+01 2.36285710666171e+00 3.81217212767122e-01 2.84870594506881e+01
3.81747740799451e+01 2.36285710666171e+00 3.81217212767122e-01 2.84870594506881e+01
3.96019231987789e+01 2.40437560145317e+00 3.99956482814141e-01 2.97071731587384e+01
3.96019231987789e+01 2.40437560145317e+00 3.99956482814141e-01 2.97071731587384e+01
4.17713373276619e+01 2.46703163492849e+00 4.28570564224871e-01 3.15657064686874e+01
4.17713373276619e+01 2.46703163492849e+00 4.28570564224871e-01 3.15657064686874e+01
4.32797489592350e+01 2.50965223258690e+00 4.48719787269655e-01 3.28655957172820e+01
4.32797489592350e+01 2.50965223258690e+00 4.48719787269655e-01 3.28655957172820e+01
4.48426310912956e+01 2.55300914643966e+00 4.69816325000045e-01 3.42190149592664e+01
4.48426310912956e+01 2.55300914643966e+00 4.69816325000045e-01 3.42190149592664e+01
4.64619507170444e+01 2.59711509713283e+00 4.91904715367283e-01 3.56281685825877e+01
4.64619507170444e+01 2.59711509713283e+00 4.91904715367283e-01 3.56281685825877e+01
4.81397458600971e+01 2.64198302507519e+00 5.15031590272102e-01 3.70953517528286e+01
4.81397458600971e+01 2.64198302507519e+00 5.15031590272102e-01 3.70953517528286e+01
4.98781281394756e+01 2.68762609423484e+00 5.39245774011649e-01 3.86229541514687e+01
4.98781281394756e+01 2.68762609423484e+00 5.39245774011649e-01 3.86229541514687e+01
5.16792854272232e+01 2.73405769600145e+00 5.64598386354892e-01 4.02134638680897e+01
5.16792854272232e+01 2.73405769600145e+00 5.64598386354892e-01 4.02134638680897e+01
5.35454846019906e+01 2.78129145311520e+00 5.91142950464107e-01 4.18694714528631e+01
5.35454846019906e+01 2.78129145311520e+00 5.91142950464107e-01 4.18694714528631e+01
5.54790744020562e+01 2.82934122366362e+00 6.18935505890296e-01 4.35936741359206e+01
5.54790744020562e+01 2.82934122366362e+00 6.18935505890296e-01 4.35936741359206e+01
5.74824883813725e+01 2.87822110514744e+00 6.48034726881069e-01 4.53888802204805e+01
5.74824883813725e+01 2.87822110514744e+00 6.48034726881069e-01 4.53888802204805e+01
5.95582479723591e+01 2.92794543861671e+00 6.78502046250771e-01 4.72580136568849e+01
5.95582479723591e+01 2.92794543861671e+00 6.78502046250771e-01 4.72580136568849e+01
6.17089656592964e+01 2.97852881287842e+00 7.10401785074354e-01 4.92041188049974e+01
6.17089656592964e+01 2.97852881287842e+00 7.10401785074354e-01 4.92041188049974e+01
6.39373482663141e+01 3.02998606877671e+00 7.43801288478804e-01 5.12303653927186e+01
6.39373482663141e+01 3.02998606877671e+00 7.43801288478804e-01 5.12303653927186e+01
6.62462003641134e+01 3.08233230354709e+00 7.78771067818791e-01 5.33400536786953e+01
6.62462003641134e+01 3.08233230354709e+00 7.78771067818791e-01 5.33400536786953e+01
6.86384277997091e+01 3.13558287524591e+00 8.15384949536696e-01 5.55366198276321e+01
6.86384277997091e+01 3.13558287524591e+00 8.15384949536696e-01 5.55366198276321e+01
7.11170413536356e+01 3.18975340725627e+00 8.53720231021297e-01 5.78236415069612e+01
7.11170413536356e+01 3.18975340725627e+00 8.53720231021297e-01 5.78236415069612e+01
7.36851605292181e+01 3.24485979287185e+00 8.93857843794130e-01 6.02048437139845e+01
7.36851605292181e+01 3.24485979287185e+00 8.93857843794130e-01 6.02048437139845e+01
7.63460174786796e+01 3.30091819995992e+00 9.35882524368057e-01 6.26841048429809e+01
7.63460174786796e+01 3.30091819995992e+00 9.35882524368057e-01 6.26841048429809e+01
7.91029610710234e+01 3.35794507570482e+00 9.79882993138733e-01 6.52654630021590e+01
7.91029610710234e+01 3.35794507570482e+00 9.79882993138733e-01 6.52654630021590e+01
8.19594611068122e+01 3.41595715143356e+00 1.02595214168666e+00 6.79531225907449e+01
8.19594611068122e+01 3.41595715143356e+00 1.02595214168666e+00 6.79531225907449e+01
8.49191126851474e+01 3.47497144752460e+00 1.07418722888521e+00 7.07514611469170e+01
8.49191126851474e+01 3.47497144752460e+00 1.07418722888521e+00 7.07514611469170e+01
8.79856407283452e+01 3.53500527840156e+00 1.12469008622869e+00 7.36650364777422e+01
8.79856407283452e+01 3.53500527840156e+00 1.12469008622869e+00 7.36650364777422e+01
9.11629046700042e+01 3.59607625761317e+00 1.17756733281390e+00 7.66985940827251e+01
9.11629046700042e+01 3.59607625761317e+00 1.17756733281390e+00 7.66985940827251e+01
9.44549033123643e+01 3.65820230300097e+00 1.23293060042896e+00 7.98570748830631e+01
9.44549033123643e+01 3.65820230300097e+00 1.23293060042896e+00 7.98570748830631e+01
9.78657798590709e+01 3.72140164195627e+00 1.29089676922478e+00 8.31456232691948e+01
9.78657798590709e+01 3.72140164195627e+00 1.29089676922478e+00 8.31456232691948e+01
1.01399827129677e+02 3.78569281676796e+00 1.35158821446658e+00 8.65695954797498e+01
1.01399827129677e+02 3.78569281676796e+00 1.35158821446658e+00 8.65695954797498e+01
1.05061492962450e+02 3.85109469006274e+00 1.41513306488636e+00 9.01345683255481e+01
1.05061492962450e+02 3.85109469006274e+00 1.41513306488636e+00 9.01345683255481e+01
1.08855385812274e+02 3.91762645033924e+00 1.48166547318187e+00 9.38463482728564e+01
1.08855385812274e+02 3.91762645033924e+00 1.48166547318187e+00 9.38463482728564e+01
1.12786280550707e+02 3.98530761759785e+00 1.55132589923304e+00 9.77109809006977e+01
1.12786280550707e+02 3.98530761759785e+00 1.55132589923304e+00 9.77109809006977e+01
1.16859124475479e+02 4.05415804906772e+00 1.62426140663386e+00 1.01734760747616e+02
1.16859124475479e+02 4.05415804906772e+00 1.62426140663386e+00 1.01734760747616e+02
1.21079043537001e+02 4.12419794503279e+00 1.70062597316561e+00 1.05924241563937e+02
1.21079043537001e+02 4.12419794503279e+00 1.70062597316561e+00 1.05924241563937e+02
1.25451348789723e+02 4.19544785475840e+00 1.78058081586705e+00 1.10286246986216e+02
1.25451348789723e+02 4.19544785475840e+00 1.78058081586705e+00 1.10286246986216e+02
1.29981543076456e+02 4.26792868252034e+00 1.86429473138772e+00 1.14827881651274e+02
1.29981543076456e+02 4.26792868252034e+00 1.86429473138772e+00 1.14827881651274e+02
1.34675327954071e+02 4.34166169373800e+00 1.95194445234298e+00 1.19556542767902e+02
1.34675327954071e+02 4.34166169373800e+00 1.95194445234298e+00 1.19556542767902e+02
1.39538610869300e+02 4.41666852121353e+00 2.04371502042299e+00 1.24479932165105e+02
1.39538610869300e+02 4.41666852121353e+00 2.04371502042299e+00 1.24479932165105e+02
1.44577512593651e+02 4.49297117147876e+00 2.13980017704348e+00 1.29606068836486e+02
1.44577512593651e+02 4.49297117147876e+00 2.13980017704348e+00 1.29606068836486e+02
1.49798374926822e+02 4.57059203125180e+00 2.24040277236287e+00 1.34943302001227e+02
1.49798374926822e+02 4.57059203125180e+00 2.24040277236287e+00 1.34943302001227e+02
1.55207768678282e+02 4.64955387400514e+00 2.34573519352935e+00 1.40500324702913e+02
1.55207768678282e+02 4.64955387400514e+00 2.34573519352935e+00 1.40500324702913e+02
1.60812501937080e+02 4.72987986664723e+00 2.45601981306198e+00 1.46286187968370e+02
1.60812501937080e+02 4.72987986664723e+00 2.45601981306198e+00 1.46286187968370e+02
1.66619628640291e+02 4.81159357631956e+00 2.57148945831234e+00 1.52310315549566e+02
1.66619628640291e+02 4.81159357631956e+00 2.57148945831234e+00 1.52310315549566e+02
1.72636457450868e+02 4.89471897731105e+00 2.69238790299801e+00 1.58582519272595e+02
1.72636457450868e+02 4.89471897731105e+00 2.69238790299801e+00 1.58582519272595e+02
1.78870560956097e+02 4.97928045809199e+00 2.81897038184534e+00 1.65113015018729e+02
1.78870560956097e+02 4.97928045809199e+00 2.81897038184534e+00 1.65113015018729e+02
1.85329785198207e+02 5.06530282846945e+00 2.95150412942825e+00 1.71912439363589e+02
1.85329785198207e+02 5.06530282846945e+00 2.95150412942825e+00 1.71912439363589e+02
1.92022259549150e+02 5.15281132686633e+00 3.09026894434038e+00 1.78991866901511e+02
1.92022259549150e+02 5.15281132686633e+00 3.09026894434038e+00 1.78991866901511e+02
1.98956406941962e+02 5.24183162772617e+00 3.23555777989188e+00 1.86362828283350e+02
1.98956406941962e+02 5.24183162772617e+00 3.23555777989188e+00 1.86362828283350e+02
2.06140954471603e+02 5.33238984904583e+00 3.38767736257773e+00 1.94037328997076e+02
2.06140954471603e+02 5.33238984904583e+00 3.38767736257773e+00 1.94037328997076e+02
2.13584944378593e+02 5.42451256003838e+00 3.54694883962329e+00 2.02027868921773e+02
2.13584944378593e+02 5.42451256003838e+00 3.54694883962329e+00 2.02027868921773e+02
2.21297745429284e+02 5.51822678892831e+00 3.71370845697421e+00 2.10347462686873e+02
2.21297745429284e+02 5.51822678892831e+00 3.71370845697421e+00 2.10347462686873e+02
2.29289064707094e+02 5.61356003088149e+00 3.88830826916199e+00 2.19009660869799e+02
2.29289064707094e+02 5.61356003088149e+00 3.88830826916199e+00 2.19009660869799e+02
2.37568959829525e+02 5.71054025607203e+00 4.07111688254384e+00 2.28028572066524e+02
2.37568959829525e+02 5.71054025607203e+00 4.07111688254384e+00 2.28028572066524e+02
2.46147851606358e+02 5.80919591788857e+00 4.26252023348588e+00 2.37418885871022e+02
2.46147851606358e+02 5.80919591788857e+00 4.26252023348588e+00 2.37418885871022e+02
2.55036537154951e+02 5.90955596128233e+00 4.46292240313266e+00 2.47195896801007e+02
2.55036537154951e+02 5.90955596128233e+00 4.46292240313266e+00 2.47195896801007e+02
2.64246203489141e+02 6.01164983125939e+00 4.67274647048298e+00 2.57375529208952e+02
2.64246203489141e+02 6.01164983125939e+00 4.67274647048298e+00 2.57375529208952e+02
2.73788441598863e+02 6.11550748151964e+00 4.89243540557299e+00 2.67974363218954e+02
2.73788441598863e+02 6.11550748151964e+00 4.89243540557299e+00 2.67974363218954e+02
2.83675261038195e+02 6.22115938324502e+00 5.12245300465235e+00 2.79009661731688e+02
2.83675261038195e+02 6.22115938324502e+00 5.12245300465235e+00 2.79009661731688e+02
2.93919105040197e+02 6.32863653403957e+00 5.36328486932751e+00 2.90499398541438e+02
2.93919105040197e+02 6.32863653403957e+00 5.36328486932751e+00 2.90499398541438e+02
3.04532866177565e+02 6.43797046702395e+00 5.61543943173953e+00 3.02462287610998e+02
3.04532866177565e+02 6.43797046702395e+00 5.61543943173953e+00 3.02462287610998e+02
3.15529902588807e+02 6.54919326008705e+00 5.87944902794042e+00 3.14917813552129e+02
3.15529902588807e+02 6.54919326008705e+00 5.87944902794042e+00 3.14917813552129e+02
3.27028971338134e+02 6.66277923112364e+00 6.15941868664006e+00 3.28026847279424e+02
3.27028971338134e+02 6.66277923112364e+00 6.15941868664006e+00 3.28026847279424e+02
3.39090130476763e+02 6.77894765146041e+00 6.45750686378083e+00 3.41872307688339e+02
3.39090130476763e+02 6.77894765146041e+00 6.45750686378083e+00 3.41872307688339e+02
3.51678486639260e+02 6.89751777153241e+00 6.77266583775511e+00 3.56409956476358e+02
3.51678486639260e+02 6.89751777153241e+00 6.77266583775511e+00 3.56409956476358e+02
3.64757886420134e+02 7.01830571913355e+00 7.10379862837775e+00 3.71593733588809e+02
3.64757886420134e+02 7.01830571913355e+00 7.10379862837775e+00 3.71593733588809e+02
3.78290870872325e+02 7.14112444546964e+00 7.44975668099658e+00 3.87375682198335e+02
3.78290870872325e+02 7.14112444546964e+00 7.44975668099658e+00 3.87375682198335e+02
3.92238628362574e+02 7.26578367027944e+00 7.80933744172152e+00 4.03705870594984e+02
3.92238628362574e+02 7.26578367027944e+00 7.80933744172152e+00 4.03705870594984e+02
4.06560945724349e+02 7.39208982600768e+00 8.18128181865316e+00 4.20532310859703e+02
4.06560945724349e+02 7.39208982600768e+00 8.18128181865316e+00 4.20532310859703e+02
4.21216157646852e+02 7.51984600101348e+00 8.56427152375118e+00 4.37800874188770e+02
4.21216157646852e+02 7.51984600101348e+00 8.56427152375118e+00 4.37800874188770e+02
4.35813277023003e+02 7.67461540727802e+00 8.97737396710770e+00 4.55199102235464e+02
4.35813277023003e+02 7.67461540727802e+00 8.97737396710770e+00 4.55199102235464e+02
4.50203068811120e+02 7.86393525901297e+00 9.42528776046301e+00 4.72591367563557e+02
4.50203068811120e+02 7.86393525901297e+00 9.42528776046301e+00 4.72591367563557e+02
4.64234272445244e+02 8.08715657584914e+00 9.90295213428548e+00 4.89775991150055e+02
4.64234272445244e+02 8.08715657584914e+00 9.90295213428548e+00 4.89775991150055e+02
4.77813152633116e+02 8.34388240650522e+00 1.04072079577054e+01 5.06627565495798e+02
4.77813152633116e+02 8.34388240650522e+00 1.04072079577054e+01 5.06627565495798e+02
4.90939709374737e+02 8.63411275098122e+00 1.09380552307227e+01 5.23146090600787e+02
4.90939709374737e+02 8.63411275098122e+00 1.09380552307227e+01 5.23146090600787e+02
5.03613942670107e+02 8.95784760927713e+00 1.14954939533374e+01 5.39331566465023e+02
5.03613942670107e+02 8.95784760927713e+00 1.14954939533374e+01 5.39331566465023e+02
5.15835852519225e+02 9.31508698139297e+00 1.20795241255495e+01 5.55183993088504e+02
5.15835852519225e+02 9.31508698139297e+00 1.20795241255495e+01 5.55183993088504e+02
5.27605438922092e+02 9.70583086732872e+00 1.26901457473590e+01 5.70703370471232e+02
5.27605438922092e+02 9.70583086732872e+00 1.26901457473590e+01 5.70703370471232e+02
5.39918040052336e+02 1.02978579791907e+01 1.33254240731839e+01 5.87487492462079e+02
5.39918040052336e+02 1.02978579791907e+01 1.33254240731839e+01 5.87487492462079e+02
5.52793450006967e+02 1.10945048996519e+01 1.39853206271145e+01 6.05568134077101e+02
5.52793450006967e+02 1.10945048996519e+01 1.39853206271145e+01 6.05568134077101e+02
5.66579485999375e+02 1.20700081032318e+01 1.46493877317737e+01 6.25201395812083e+02
5.66579485999375e+02 1.20700081032318e+01 1.46493877317737e+01 6.25201395812083e+02
5.81380654262423e+02 1.32166266015909e+01 1.53114816149412e+01 6.46464226411995e+02
5.81380654262423e+02 1.32166266015909e+01 1.53114816149412e+01 6.46464226411995e+02
5.97196954796109e+02 1.45343603947292e+01 1.59716022766169e+01 6.69356625876834e+02
5.97196954796109e+02 1.45343603947292e+01 1.59716022766169e+01 6.69356625876834e+02
6.14028387600434e+02 1.60232094826467e+01 1.66297497168008e+01 6.93878594206603e+02
6.14028387600434e+02 1.60232094826467e+01 1.66297497168008e+01 6.93878594206603e+02
6.31874952675399e+02 1.76831738653433e+01 1.72859239354929e+01 7.20030131401300e+02
6.31874952675399e+02 1.76831738653433e+01 1.72859239354929e+01 7.20030131401300e+02
6.50605434935928e+02 1.95022414925868e+01 1.79907328021763e+01 7.47482747058945e+02
6.50605434935928e+02 1.95022414925868e+01 1.79907328021763e+01 7.47482747058945e+02
6.69667797998403e+02 2.14298763397549e+01 1.89570892242080e+01 7.74854445706516e+02
6.69667797998403e+02 2.14298763397549e+01 1.89570892242080e+01 7.74854445706516e+02
6.89062041862822e+02 2.34660784068477e+01 2.01849932015881e+01 8.02145227344013e+02
6.89062041862822e+02 2.34660784068477e+01 2.01849932015881e+01 8.02145227344013e+02
7.07792828355558e+02 2.54430689817588e+01 2.16763794798985e+01 8.27757298122563e+02
7.07792828355558e+02 2.54430689817588e+01 2.16763794798985e+01 8.27757298122563e+02
7.25840363379600e+02 2.73575114818154e+01 2.34312865350490e+01 8.51658883026111e+02
7.25840363379600e+02 2.73575114818154e+01 2.34312865350490e+01 8.51658883026111e+02
7.43204646934948e+02 2.92094059070174e+01 2.54497143670396e+01 8.73849982054656e+02
7.43204646934948e+02 2.92094059070174e+01 2.54497143670396e+01 8.73849982054656e+02
7.59885679021602e+02 3.09987522573649e+01 2.77316629758703e+01 8.94330595208199e+02
7.59885679021602e+02 3.09987522573649e+01 2.77316629758703e+01 8.94330595208199e+02
7.75883459639562e+02 3.27255505328579e+01 3.02771323615411e+01 9.13100722486740e+02
7.75883459639562e+02 3.27255505328579e+01 3.02771323615411e+01 9.13100722486740e+02
7.91057087283120e+02 3.44248689331437e+01 3.30160184619382e+01 9.30218716712694e+02
7.91057087283120e+02 3.44248689331437e+01 3.30160184619382e+01 9.30218716712694e+02
8.05198342356094e+02 3.61485300866091e+01 3.58447238071068e+01 9.45770809761712e+02
8.05198342356094e+02 3.61485300866091e+01 3.58447238071068e+01 9.45770809761712e+02
8.18438439943557e+02 3.79085460434863e+01 3.87126405275639e+01 9.60085492035777e+02
8.18438439943557e+02 3.79085460434863e+01 3.87126405275639e+01 9.60085492035777e+02
8.31329416429130e+02 3.97554528283976e+01 4.14068557159524e+01 9.74544759007909e+02
8.31329416429130e+02 3.97554528283976e+01 4.14068557159524e+01 9.74544759007909e+02
8.43871271812813e+02 4.16892504413430e+01 4.39273693722724e+01 9.89148610678108e+02
8.43871271812813e+02 4.16892504413430e+01 4.39273693722724e+01 9.89148610678108e+02
8.56064006094605e+02 4.37099388823225e+01 4.62741814965237e+01 1.00389704704637e+03
8.56064006094605e+02 4.37099388823225e+01 4.62741814965237e+01 1.00389704704637e+03
8.67907619274507e+02 4.58175181513360e+01 4.84472920887065e+01 1.01879006811271e+03
8.67907619274507e+02 4.58175181513360e+01 4.84472920887065e+01 1.01879006811271e+03
8.79402111352519e+02 4.80119882483837e+01 5.04467011488207e+01 1.03382767387711e+03
8.79402111352519e+02 4.80119882483837e+01 5.04467011488207e+01 1.03382767387711e+03
8.90079691072864e+02 5.03850582905085e+01 5.23393693854826e+01 1.04891431206215e+03
8.90079691072864e+02 5.03850582905085e+01 5.23393693854826e+01 1.04891431206215e+03
8.99647678351001e+02 5.29941073582252e+01 5.41671916943676e+01 1.06399019906074e+03
8.99647678351001e+02 5.29941073582252e+01 5.41671916943676e+01 1.06399019906074e+03
9.08246974692640e+02 5.58040672518864e+01 5.60002721375895e+01 1.07899698205046e+03
9.08246974692640e+02 5.58040672518864e+01 5.60002721375895e+01 1.07899698205046e+03
9.16085799693963e+02 5.87631153431053e+01 5.79422081851032e+01 1.09384842915566e+03
9.16085799693963e+02 5.87631153431053e+01 5.79422081851032e+01 1.09384842915566e+03
9.23164153354968e+02 6.18712516318820e+01 5.99929998369085e+01 1.10854454037635e+03
9.23164153354968e+02 6.18712516318820e+01 5.99929998369085e+01 1.10854454037635e+03
9.29482035675658e+02 6.51284761182165e+01 6.21526470930055e+01 1.12308531571252e+03
9.29482035675658e+02 6.51284761182165e+01 6.21526470930055e+01 1.12308531571252e+03
9.35039446656031e+02 6.85347888021087e+01 6.44211499533942e+01 1.13747075516417e+03
9.35039446656031e+02 6.85347888021087e+01 6.44211499533942e+01 1.13747075516417e+03
9.39836386296087e+02 7.20901896835587e+01 6.67985084180745e+01 1.15170085873130e+03
9.39836386296087e+02 7.20901896835587e+01 6.67985084180745e+01 1.15170085873130e+03
9.43718838514970e+02 7.59508681821490e+01 6.93479035204915e+01 1.16504979756225e+03
9.43718838514970e+02 7.59508681821490e+01 6.93479035204915e+01 1.16504979756225e+03
9.46654512043936e+02 8.01495712324477e+01 7.20825819016385e+01 1.17736539316775e+03
9.46654512043936e+02 8.01495712324477e+01 7.20825819016385e+01 1.17736539316775e+03
9.49111198138762e+02 8.45945897174118e+01 7.49355828528993e+01 1.18874319782523e+03
9.49111198138762e+02 8.45945897174118e+01 7.49355828528993e+01 1.18874319782523e+03
9.51381576883989e+02 8.92285445565266e+01 7.78650114785985e+01 1.19924299514176e+03
9.51381576883989e+02 8.92285445565266e+01 7.78650114785985e+01 1.19924299514176e+03
9.53465648279617e+02 9.40514357497922e+01 8.08708677787360e+01 1.20886478511736e+03
9.53465648279617e+02 9.40514357497922e+01 8.08708677787360e+01 1.20886478511736e+03
9.55363412325645e+02 9.90632632972085e+01 8.39531517533119e+01 1.21760856775203e+03
9.55363412325645e+02 9.90632632972085e+01 8.39531517533119e+01 1.21760856775203e+03
9.57074869022073e+02 1.04264027198775e+02 8.71118634023261e+01 1.22547434304576e+03
9.57074869022073e+02 1.04264027198775e+02 8.71118634023261e+01 1.22547434304576e+03
9.58570507403812e+02 1.09656238156012e+02 9.03550468256858e+01 1.23243299849218e+03
9.58570507403812e+02 1.09656238156012e+02 9.03550468256858e+01 1.23243299849218e+03
9.59107735551478e+02 1.15303073589737e+02 9.38851177550258e+01 1.23775196868985e+03
9.59107735551478e+02 1.15303073589737e+02 9.38851177550258e+01 1.23775196868985e+03
9.58686553465069e+02 1.21204533499949e+02 9.77020761903461e+01 1.24143125363877e+03
9.58686553465069e+02 1.21204533499949e+02 9.77020761903461e+01 1.24143125363877e+03
9.57460977225445e+02 1.27204428467065e+02 1.01742741098202e+02 1.24419668219061e+03
9.57460977225445e+02 1.27204428467065e+02 1.01742741098202e+02 1.24419668219061e+03
9.55463298101346e+02 1.33270011556519e+02 1.05993865837599e+02 1.24620043283464e+03
9.55463298101346e+02 1.33270011556519e+02 1.05993865837599e+02 1.24620043283464e+03
9.52693516092773e+02 1.39401282768309e+02 1.10455450408539e+02 1.24744250557085e+03
9.52693516092773e+02 1.39401282768309e+02 1.10455450408539e+02 1.24744250557085e+03
9.49151631199726e+02 1.45598242102436e+02 1.15127494811020e+02 1.24792290039926e+03
9.49151631199726e+02 1.45598242102436e+02 1.15127494811020e+02 1.24792290039926e+03
9.44837643422204e+02 1.51860889558899e+02 1.20009999045044e+02 1.24764161731985e+03
9.44837643422204e+02 1.51860889558899e+02 1.20009999045044e+02 1.24764161731985e+03
9.39608112832519e+02 1.58116510710083e+02 1.25023511891963e+02 1.24636943338759e+03
9.39608112832519e+02 1.58116510710083e+02 1.25023511891963e+02 1.24636943338759e+03
9.33032181324500e+02 1.64146689379407e+02 1.29929381519259e+02 1.24341781950472e+03
9.33032181324500e+02 1.64146689379407e+02 1.29929381519259e+02 1.24341781950472e+03
9.25139359863236e+02 1.69948914865354e+02 1.34719563827025e+02 1.23881588817762e+03
9.25139359863236e+02 1.69948914865354e+02 1.34719563827025e+02 1.23881588817762e+03
9.16672240368110e+02 1.75460009747105e+02 1.39191643083627e+02 1.23329620480771e+03
9.16672240368110e+02 1.75460009747105e+02 1.39191643083627e+02 1.23329620480771e+03
9.07630822839125e+02 1.80679974024661e+02 1.43345619289063e+02 1.22685876939501e+03
9.07630822839125e+02 1.80679974024661e+02 1.43345619289063e+02 1.22685876939501e+03
8.98015107276280e+02 1.85608807698022e+02 1.47181492443335e+02 1.21950358193951e+03
8.98015107276280e+02 1.85608807698022e+02 1.47181492443335e+02 1.21950358193951e+03
8.87825093679574e+02 1.90246510767187e+02 1.50699262546443e+02 1.21123064244121e+03
8.87825093679574e+02 1.90246510767187e+02 1.50699262546443e+02 1.21123064244121e+03
8.77060782049007e+02 1.94593083232157e+02 1.53898929598385e+02 1.20203995090011e+03
8.77060782049007e+02 1.94593083232157e+02 1.53898929598385e+02 1.20203995090011e+03
8.65531516183690e+02 1.98553188139098e+02 1.56758763561161e+02 1.19171063199215e+03
8.65531516183690e+02 1.98553188139098e+02 1.56758763561161e+02 1.19171063199215e+03
8.53014659068389e+02 2.02015496641929e+02 1.59253389383875e+02 1.17998476060053e+03
8.53014659068389e+02 2.02015496641929e+02 1.59253389383875e+02 1.17998476060053e+03
8.39653650630792e+02 2.05052723168268e+02 1.61462258285172e+02 1.16709155967028e+03
8.39653650630792e+02 2.05052723168268e+02 1.61462258285172e+02 1.16709155967028e+03
8.25879348977072e+02 2.07883283894694e+02 1.63624022097570e+02 1.15371955829917e+03
8.25879348977072e+02 2.07883283894694e+02 1.63624022097570e+02 1.15371955829917e+03
8.11691754107229e+02 2.10507178821207e+02 1.65738680821070e+02 1.13986875648718e+03
8.11691754107229e+02 2.10507178821207e+02 1.65738680821070e+02 1.13986875648718e+03
7.97090866021261e+02 2.12924407947806e+02 1.67806234455672e+02 1.12553915423433e+03
7.97090866021261e+02 2.12924407947806e+02 1.67806234455672e+02 1.12553915423433e+03
7.82076684719171e+02 2.15134971274491e+02 1.69826683001375e+02 1.11073075154060e+03
7.82076684719171e+02 2.15134971274491e+02 1.69826683001375e+02 1.11073075154060e+03
7.66649210200957e+02 2.17138868801263e+02 1.71800026458180e+02 1.09544354840601e+03
7.66649210200957e+02 2.17138868801263e+02 1.71800026458180e+02 1.09544354840601e+03
7.50758609032751e+02 2.18661681168417e+02 1.73461679284471e+02 1.07953403552388e+03
7.50758609032751e+02 2.18661681168417e+02 1.73461679284471e+02 1.07953403552388e+03
7.34380651862263e+02 2.19569983828906e+02 1.74682998202010e+02 1.06293243769957e+03
7.34380651862263e+02 2.19569983828906e+02 1.74682998202010e+02 1.06293243769957e+03
7.17705994890381e+02 2.19959113736566e+02 1.75485713248798e+02 1.04585963025714e+03
7.17705994890381e+02 2.19959113736566e+02 1.75485713248798e+02 1.04585963025714e+03
7.00957275132341e+02 2.19940399737475e+02 1.75895199475732e+02 1.02857353831339e+03
7.00957275132341e+02 2.19940399737475e+02 1.75895199475732e+02 1.02857353831339e+03
6.84134492588141e+02 2.19513841831634e+02 1.75911456882811e+02 1.01107416186833e+03
6.84134492588141e+02 2.19513841831634e+02 1.75911456882811e+02 1.01107416186833e+03
6.67237647257782e+02 2.18679440019042e+02 1.75534485470036e+02 9.93361500921955e+02
6.67237647257782e+02 2.18679440019042e+02 1.75534485470036e+02 9.93361500921955e+02
6.50266739141264e+02 2.17437194299699e+02 1.74764285237407e+02 9.75435555474269e+02
6.50266739141264e+02 2.17437194299699e+02 1.74764285237407e+02 9.75435555474269e+02
6.33221768238585e+02 2.15787104673606e+02 1.73600856184924e+02 9.57296325525271e+02
6.33221768238585e+02 2.15787104673606e+02 1.73600856184924e+02 9.57296325525271e+02
6.16086749355315e+02 2.13392765877953e+02 1.71980408658520e+02 9.38693888183398e+02
6.16086749355315e+02 2.13392765877953e+02 1.71980408658520e+02 9.38693888183398e+02
5.98859593024577e+02 2.10210205494647e+02 1.69894604544471e+02 9.19595575369124e+02
5.98859593024577e+02 2.10210205494647e+02 1.69894604544471e+02 9.19595575369124e+02
5.81590132680241e+02 2.06513842883395e+02 1.67608029384392e+02 9.00144896389114e+02
5.81590132680241e+02 2.06513842883395e+02 1.67608029384392e+02 9.00144896389114e+02
5.64302597674599e+02 2.02437102591242e+02 1.65249326456523e+02 8.80411626438016e+02
5.64302597674599e+02 2.02437102591242e+02 1.65249326456523e+02 8.80411626438016e+02
5.46996988007649e+02 1.97979984618188e+02 1.62818495760863e+02 8.60395765515830e+02
5.46996988007649e+02 1.97979984618188e+02 1.62818495760863e+02 8.60395765515830e+02
5.29673303679391e+02 1.93142488964232e+02 1.60315537297412e+02 8.40097313622554e+02
5.29673303679391e+02 1.93142488964232e+02 1.60315537297412e+02 8.40097313622554e+02
5.12331544689827e+02 1.87924615629375e+02 1.57740451066170e+02 8.19516270758191e+02
5.12331544689827e+02 1.87924615629375e+02 1.57740451066170e+02 8.19516270758191e+02
4.94964165067129e+02 1.82322675175397e+02 1.55071456793905e+02 7.98656025288321e+02
4.94964165067129e+02 1.82322675175397e+02 1.55071456793905e+02 7.98656025288321e+02
4.77500059491597e+02 1.76301902208228e+02 1.52103320041995e+02 7.77548505614421e+02
4.77500059491597e+02 1.76301902208228e+02 1.52103320041995e+02 7.77548505614421e+02
4.59939227963230e+02 1.69862296727868e+02 1.48836040810443e+02 7.56193711736491e+02
4.59939227963230e+02 1.69862296727868e+02 1.48836040810443e+02 7.56193711736491e+02
4.42297655676462e+02 1.63340263997127e+02 1.45333408753313e+02 7.34841566546093e+02
4.42297655676462e+02 1.63340263997127e+02 1.45333408753313e+02 7.34841566546093e+02
4.24577432098166e+02 1.56779776434096e+02 1.41603761984331e+02 7.13524738122754e+02
4.24577432098166e+02 1.56779776434096e+02 1.41603761984331e+02 7.13524738122754e+02
4.06778557228343e+02 1.50180834038776e+02 1.37647100503497e+02 6.92243226466472e+02
4.06778557228343e+02 1.50180834038776e+02 1.37647100503497e+02 6.92243226466472e+02
3.88901031066993e+02 1.43543436811166e+02 1.33463424310809e+02 6.70997031577249e+02
3.88901031066993e+02 1.43543436811166e+02 1.33463424310809e+02 6.70997031577249e+02
3.70944853614115e+02 1.36867584751266e+02 1.29052733406268e+02 6.49786153455084e+02
3.70944853614115e+02 1.36867584751266e+02 1.29052733406268e+02 6.49786153455084e+02
3.53011033223073e+02 1.30174667497826e+02 1.24409097171897e+02 6.28547540081155e+02
3.53011033223073e+02 1.30174667497826e+02 1.24409097171897e+02 6.28547540081155e+02
3.35327058692506e+02 1.23512858326229e+02 1.19519158799927e+02 6.07139187081213e+02
3.35327058692506e+02 1.23512858326229e+02 1.19519158799927e+02 6.07139187081213e+02
3.17900475994239e+02 1.16885846674694e+02 1.14404698563590e+02 5.85557706089673e+02
3.17900475994239e+02 1.16885846674694e+02 1.14404698563590e+02 5.85557706089673e+02
3.00802390447974e+02 1.10328397937291e+02 1.09270950901507e+02 5.63771168705061e+02
3.00802390447974e+02 1.10328397937291e+02 1.09270950901507e+02 5.63771168705061e+02
2.84032802053711e+02 1.03840512114020e+02 1.04117915813677e+02 5.41779574927376e+02
2.84032802053711e+02 1.03840512114020e+02 1.04117915813677e+02 5.41779574927376e+02
2.67591710811451e+02 9.74221892048813e+01 9.89455933001006e+01 5.19582924756618e+02
2.67591710811451e+02 9.74221892048813e+01 9.89455933001006e+01 5.19582924756618e+02
2.51479116721193e+02 9.10734292098746e+01 9.37539833607773e+01 4.97181218192787e+02
2.51479116721193e+02 9.10734292098746e+01 9.37539833607773e+01 4.97181218192787e+02
2.35695019782937e+02 8.47942321290000e+01 8.85430859957074e+01 4.74574455235884e+02
2.35695019782937e+02 8.47942321290000e+01 8.85430859957074e+01 4.74574455235884e+02
2.20434403760249e+02 7.86976155175166e+01 8.33695742161684e+01 4.51886521247917e+02
2.20434403760249e+02 7.86976155175166e+01 8.33695742161684e+01 4.51886521247917e+02
2.05877954178226e+02 7.28883093075171e+01 7.82859651785347e+01 4.29232217027052e+02
2.05877954178226e+02 7.28883093075171e+01 7.82859651785347e+01 4.29232217027052e+02
1.91924662683506e+02 6.73449238602521e+01 7.32981895007841e+01 4.06674594592111e+02
1.91924662683506e+02 6.73449238602521e+01 7.32981895007841e+01 4.06674594592111e+02
1.78347040477449e+02 6.20192859003390e+01 6.84196039906855e+01 3.84355658317345e+02
1.78347040477449e+02 6.20192859003390e+01 6.84196039906855e+01 3.84355658317345e+02
1.65145087560056e+02 5.69113954277777e+01 6.36502086482389e+01 3.62275408202754e+02
1.65145087560056e+02 5.69113954277777e+01 6.36502086482389e+01 3.62275408202754e+02
1.52318803931326e+02 5.20212524425684e+01 5.89900034734443e+01 3.40433844248338e+02
1.52318803931326e+02 5.20212524425684e+01 5.89900034734443e+01 3.40433844248338e+02
1.39868189591260e+02 4.73488569447109e+01 5.44389884663018e+01 3.18830966454097e+02
1.39868189591260e+02 4.73488569447109e+01 5.44389884663018e+01 3.18830966454097e+02
1.27793244539857e+02 4.28942089342054e+01 4.99971636268113e+01 2.97466774820031e+02
1.27793244539857e+02 4.28942089342054e+01 4.99971636268113e+01 2.97466774820031e+02
1.16457684818601e+02 3.87858749217600e+01 4.58085668264912e+01 2.76888354250527e+02
1.16457684818601e+02 3.87858749217600e+01 4.58085668264912e+01 2.76888354250527e+02
1.05995643759490e+02 3.50712684181853e+01 4.19263171952046e+01 2.57297461920803e+02
1.05995643759490e+02 3.50712684181853e+01 4.19263171952046e+01 2.57297461920803e+02
9.62121375989589e+01 3.16373718682221e+01 3.82937417216738e+01 2.38570212468852e+02
9.62121375989589e+01 3.16373718682221e+01 3.82937417216738e+01 2.38570212468852e+02
8.69264808119101e+01 2.83794553397776e+01 3.48583232495244e+01 2.20591805096507e+02
8.69264808119101e+01 2.83794553397776e+01 3.48583232495244e+01 2.20591805096507e+02
7.81386733983431e+01 2.52975188328519e+01 3.16200617787564e+01 2.03362239803768e+02
7.81386733983431e+01 2.52975188328519e+01 3.16200617787564e+01 2.03362239803768e+02
6.98487153582580e+01 2.23915623474448e+01 2.85789573093699e+01 1.86881516590636e+02
6.98487153582580e+01 2.23915623474448e+01 2.85789573093699e+01 1.86881516590636e+02
6.20566066916548e+01 1.96615858835565e+01 2.57350098413647e+01 1.71149635457110e+02
6.20566066916548e+01 1.96615858835565e+01 2.57350098413647e+01 1.71149635457110e+02
5.47623473985335e+01 1.71075894411870e+01 2.30882193747410e+01 1.56166596403190e+02
5.47623473985335e+01 1.71075894411870e+01 2.30882193747410e+01 1.56166596403190e+02
4.82995236083095e+01 1.48651943919680e+01 2.07450867416541e+01 1.42495398477352e+02
4.82995236083095e+01 1.48651943919680e+01 2.07450867416541e+01 1.42495398477352e+02
4.26886300207251e+01 1.29427329746985e+01 1.87121550875913e+01 1.30170630936871e+02
4.26886300207251e+01 1.29427329746985e+01 1.87121550875913e+01 1.30170630936871e+02
3.75659505942973e+01 1.12116386786699e+01 1.68453865410342e+01 1.18645208877361e+02
3.75659505942973e+01 1.12116386786699e+01 1.68453865410342e+01 1.18645208877361e+02
3.27973519970274e+01 9.62449799307199e+00 1.50916619721198e+01 1.07717375123601e+02
3.27973519970274e+01 9.62449799307199e+00 1.50916619721198e+01 1.07717375123601e+02
2.83828342289152e+01 8.18131091790470e+00 1.34509813808482e+01 9.73871296755927e+01
2.83828342289152e+01 8.18131091790470e+00 1.34509813808482e+01 9.73871296755927e+01
2.43223972899607e+01 6.88207745316803e+00 1.19233447672194e+01 8.76544725333350e+01
2.43223972899607e+01 6.88207745316803e+00 1.19233447672194e+01 8.76544725333350e+01
2.06160411801641e+01 5.72679759886198e+00 1.05087521312332e+01 7.85194036968282e+01
2.06160411801641e+01 5.72679759886198e+00 1.05087521312332e+01 7.85194036968282e+01
1.72940849631690e+01 4.72377471036409e+00 9.21635542754570e+00 7.00350757319956e+01
1.72940849631690e+01 4.72377471036409e+00 9.21635542754570e+00 7.00350757319956e+01
1.45235187709581e+01 3.91874167793372e+00 8.09656142774587e+00 6.24942402258581e+01
1.45235187709581e+01 3.91874167793372e+00 8.09656142774587e+00 6.24942402258581e+01
1.23043426035312e+01 3.31169850157085e+00 7.14937013183372e+00 5.58968971784157e+01
1.23043426035312e+01 3.31169850157085e+00 7.14937013183372e+00 5.58968971784157e+01
1.03029703314731e+01 2.76702380964364e+00 6.26828070765390e+00 4.96800475411925e+01
1.03029703314731e+01 2.76702380964364e+00 6.26828070765390e+00 4.96800475411925e+01
8.49890725504122e+00 2.27638536335331e+00 5.44675000971903e+00 4.38091020569136e+01
8.49890725504122e+00 2.27638536335331e+00 5.44675000971903e+00 4.38091020569136e+01
6.89215337423569e+00 1.83978316269988e+00 4.68477803802912e+00 3.82840607255789e+01
6.89215337423569e+00 1.83978316269988e+00 4.68477803802912e+00 3.82840607255789e+01
5.48270868905648e+00 1.45721720768332e+00 3.98236479258415e+00 3.31049235471883e+01
5.48270868905648e+00 1.45721720768332e+00 3.98236479258415e+00 3.31049235471883e+01
4.27057319950358e+00 1.12868749830365e+00 3.33951027338412e+00 2.82716905217419e+01
4.27057319950358e+00 1.12868749830365e+00 3.33951027338412e+00 2.82716905217419e+01
3.27763382812311e+00 8.60171768199353e-01 2.77005461195617e+00 2.38896246455470e+01
3.27763382812311e+00 8.60171768199353e-01 2.77005461195617e+00 2.38896246455470e+01
2.54193386628376e+00 6.62060361744054e-01 2.29805437244985e+00 2.01416913780197e+01
2.54193386628376e+00 6.62060361744054e-01 2.29805437244985e+00 2.01416913780197e+01
2.03315425034166e+00 5.26049923560225e-01 1.91435760020924e+00 1.69747381532369e+01
2.03315425034166e+00 5.26049923560225e-01 1.91435760020924e+00 1.69747381532369e+01
1.58430484831437e+00 4.06407563388511e-01 1.56855752364531e+00 1.40960133841775e+01
1.58430484831437e+00 4.06407563388511e-01 1.56855752364531e+00 1.40960133841775e+01
1.19538566020187e+00 3.03133281228912e-01 1.26065414275807e+00 1.15055170708417e+01
1.19538566020187e+00 3.03133281228912e-01 1.26065414275807e+00 1.15055170708417e+01
8.66396686004176e-01 2.16227077081429e-01 9.90647457547517e-01 9.20324921322931e+00
8.66396686004176e-01 2.16227077081429e-01 9.90647457547517e-01 9.20324921322931e+00
5.97337925721282e-01 1.45688950946061e-01 7.58537468013645e-01 7.18920981134045e+00
5.97337925721282e-01 1.45688950946061e-01 7.58537468013645e-01 7.18920981134045e+00
3.88209379353187e-01 9.15189028228072e-02 5.64324174156456e-01 5.46339886517507e+00
3.88209379353187e-01 9.15189028228072e-02 5.64324174156456e-01 5.46339886517507e+00
2.41965443573183e-01 5.43538703542902e-02 4.13228430720591e-01 4.08072300709572e+00
2.41965443573183e-01 5.43538703542902e-02 4.13228430720591e-01 4.08072300709572e+00
1.60774204424960e-01 3.46612706704272e-02 3.09081565574214e-01 3.08147550726732e+00
1.60774204424960e-01 3.46612706704272e-02 3.09081565574214e-01 3.08147550726732e+00
1.22748739362410e-01 2.64633701327382e-02 2.38043447190209e-01 2.36039336938265e+00
1.22748739362410e-01 2.64633701327382e-02 2.38043447190209e-01 2.36039336938265e+00
8.98457570168406e-02 1.93698243675879e-02 1.76057511419008e-01 1.73451113402543e+00
8.98457570168406e-02 1.93698243675879e-02 1.76057511419008e-01 1.73451113402543e+00
7.35224260119418e-02 1.58506815036725e-02 1.45291021455831e-01 1.42395183707024e+00
7.35224260119418e-02 1.58506815036725e-02 1.45291021455831e-01 1.42395183707024e+00
4.08757640021442e-02 8.81239577584169e-03 8.37580415294776e-02 8.02833243159859e-01
4.08757640021442e-02 8.81239577584169e-03 8.37580415294776e-02 8.02833243159859e-01
8.22910199234675e-03 1.77411004801090e-03 2.22250616031240e-02 1.81714649249481e-01
8.22910199234675e-03 1.77411004801090e-03 2.22250616031240e-02 1.81714649249481e-01
0.00000000000000e+00 0.00000000000000e+00 0.00000000000000e+00 0.00000000000000e+00
0.00000000000000e+00 0.00000000000000e+00 0.00000000000000e+00 0.00000000000000e+00
0.00000000000000e+00 0.00000000000000e+00 0.00000000000000e+00 0.00000000000000e+00
0.00000000000000e+00 0.00000000000000e+00 0.00000000000000e+00 0.00000000000000e+00
---