0.0000e+00
1.5055e-03 
1.0321e+01
3.1921e+01 
5.0069e+01 
5.9244e+01
6.2151e+01 
5.9295e+01 
5.4857e+01 
4.9622e+01 
4.3968e+01 
3.9708e+01
3.6481e+01 
3.3629e+01 
3.0472e+01 
2.7220e+01 
2.4746e+01 
2.2202e+01
2.0258e+01 
1.8623e+01 
1.6941e+01 
1.5235e+01 
1.3816e+01 
1.2028e+01
1.1045e+01 
9.5024e+00 
8.6930e+00 
7.7280e+00 
6.5574e+00 
6.0087e+00
5.3645e+00 
4.7252e+00 
4.3180e+00 
3.8291e+00 
3.2438e+00 
2.9043e+00
2.7127e+00 
2.3405e+00 
2.0460e+00 
1.8672e+00 
1.7539e+00 
1.5232e+00
1.3329e+00 
1.2057e+00 
1.1205e+00 
9.6211e-01 
7.8746e-01 
7.1257e-01
6.4300e-01 
5.7126e-01 
4.7518e-01 
4.0215e-01 
3.5412e-01 
3.1831e-01
2.7942e-01 
2.2005e-01 
1.6886e-01 
1.3622e-01 
1.2906e-01 
1.1680e-01