0.0
2.401820812759602e-05
0.15594812892249826
0.5092998515248688
0.8164175277876368
0.9570942079863912
1.0094773015157599
0.9838948098870836
0.9457473702418463
0.9007287216597156
0.8414654814829987
0.788368612675011
0.7255748539999924
0.6616495494137717
0.595569662930958
0.5278895849176634
0.4795005978143825
0.4260719540268699
0.38327083609150486
0.3442356441945261
0.3069520601141892
0.2726090084405831
0.24882138204165316
0.2183868337863502
0.2077693735221361
0.18450806295757094
0.17517389558542296
0.16046339384502667
0.13960624456974438
0.1302036642217683
0.11957643604960606
0.10875000199628596
0.09959579325716617
0.09200110955339705
0.08131359643664902
0.07323825791505925
0.07032246904604661
0.061958163039313424
0.055223695941777506
0.0503650042674383
0.0480681229239621
0.04241639428678542
0.03820766489560932
0.034465169967224
0.0331716170164185
0.02996082886028985
0.026014892193400682
0.02501751614331013
0.023830120132008515
0.022405256702374428
0.02057475489630056
0.019319630010652594
0.01830445925907535
0.017681695827732994
0.016612198539759294
0.014878718083824075
0.013290857380749832
0.012042732355617215
0.011701511260961733
0.010590722225087014
