-4.0710404874401146e-07
0.12226103597760324
0.3650255668482977
0.5466359970755099
0.6186773708274356
0.6339176887850134
0.6106437952094361
0.5792695385322957
0.5458032432967812
0.5142940056723542
0.4748901997673183
0.4383463419254837
0.3978947269436467
0.3561936784058224
0.3187695767175813
0.2882565274699576
0.25480172957146247
0.22874249468368563
0.20475813182224
0.18155159468880888
0.16244257086162436
0.14676196934792343
0.13288082510531415
0.12238924388419455
0.11070828914860488
0.10486550181614454
0.09446076111728845
0.08499949984047944
0.07788507831861549
0.07229668886511638
0.06469781513883861
0.060923035361511974
0.054221693350900504
0.04876407518958269
0.04487833220452979
0.042453537768737004
0.03704107236759851
0.03318511011601694
0.03145728400513936
0.029102248562398205
0.025212900828228312
0.023027264433799512
0.020773096154991472
0.01987556521347741
0.018306445743333413
0.015896828075300722
0.01511686251898172
0.014498619190356046
0.013738433028866605
0.012705849298941113
0.011613855621874107
0.011079518028828795
0.010791806740661401
0.010257408680665245
0.009163319627956513
0.008117094428578173
0.007542072436799947
0.006763563241751363
0.006366227607129997
0.004363728695473873
