PdfType: central
Format: lhagrid1
---
0.001  0.001039345108679769  0.00108023825493656  0.001122740346477083  0.0011669146874283855  0.001212827072625273  0.0012605458856074806  0.0013101422004725427  0.0013616898877360855  0.0014152657243572044  0.0014709495080927908  0.0015288241763511529  0.0015889759297219475  0.0016514943603663948  0.0017164725854590347  0.0017840073858797646  0.0018541993503627147  0.0019271530253166913  0.0020029770705403223  0.0020817844210638168  0.0021636924553584207  0.0022488231701640942  0.0023373033621957836  0.002429264816998964  0.0025248445052357274  0.002624184786693745  0.0027274336223220047  0.0028347447946091204  0.002946278136632426  0.0030621997701190534  0.0031826823528735516  0.003307905335940545  0.00343805523088551  0.0035733258875917493  0.0037139187829872754  0.0038600433211317454  0.004011917145110291  0.004169766461198885  0.004333826375784006  0.004504341245538478  0.004681565041374952  0.0048657617267192565  0.005057205650666887  0.005256181956608318  0.0054629870069317086  0.005677928824435604  0.00590132755110901  0.00613351592496231  0.006374839775619047  0.006625658539406893  0.0068863457947148906  0.0071572898184144185  0.007438894164172531  0.0077315782635192  0.008035778050563503  0.008351946611289428  0.008680554858398231  0.009022092232702608  0.009377067432117183  0.009746009169331356  0.010129466959292725  0.010528011937674223  0.010942237711543916  0.01137276124350448  0.011820223770619224  0.012285291759493422  0.012768657898933363  0.013271042131661682  0.013793192726625698  0.014335887393495787  0.014899934441013804  0.01548617398091692  0.016095479179229908  0.01672875755678966  0.017386952340939052  0.018071043870403265  0.018782051055441146  0.01952103289544644  0.02028909005625913  0.021087366509536257  0.021917051236624074  0.022779379999469117  0.023675637181205977  0.024607157699163294  0.02557532899313709  0.026581593091892907  0.02762744876097482  0.02871445373502013  0.02984422703790468  0.03101845139417473  0.03223887573535667  0.03350731780487783  0.0348256668654783  0.036195886513145974  0.037620017601766274  0.039100181282842573  0.04063858216481469  0.04223751159668103  0.043899351080815434  0.04562657582006143  0.047421758404387476  0.049287572642593834  0.05122679754477868  0.053242321461494525  0.0553371463857602  0.0575143924243362  0.059777302444922596  0.062129246906201474  0.06457372887791815  0.06711438925847778  0.06975501219782888  0.07249953073371104  0.07535203264966117  0.07831676656350356  0.08139814825539268  0.08460076724483306  0.08792939362647283  0.09138898517485256  0.09498469472869094  0.09872187786570592  0.10260610087940301  0.10664314906971037  0.11083903535981095  0.11520000925200348  0.11973256613593385  0.1244434569630598  0.12933969830175757  0.13442858278804865  0.13971768998751175  0.1452148976845567  0.15092839361587698  0.15686668766555661  0.16303862453999335  0.16945339694151929  0.17612055926033943  0.1830500418051792  0.19025216559384006  0.19773765772569113  0.20551766735899143  0.21360378231684338  0.22200804634650934  0.23074297705779595  0.23982158456722816  0.2492573908757802  0.25906445000902345  0.2692573689496928  0.2798513293938472  0.290862110363026  0.30230611170608596  0.3142003785257203  0.32656262656603935  0.3394112685990307  0.3527654418491979  0.36664503649722135  0.38107072530510205  0.39606399440690976  0.41164717531099304  0.4278434781613236  0.4446770263075113  0.46217289223497693  0.48035713490880483  0.4992568385868943  0.5189001531602135  0.5393163360802504  0.5605357959361028  0.5825901377461097  0.6055122100314914  0.6293361537421076  0.6540974531071988  0.679832988486861  0.7065810913029688  0.734381601131354  0.7632759250402892  0.7933070992636506  0.8245198533006114  0.8569606765373503  0.8906778874900009  0.9257217057719621  0.9621443268927803  1.0  
0.1e+001 0.1e+007
-14 -12 12 14
5.92830238941457e+04 1.94530906543930e+01 7.16789984905711e+01 4.73492904779312e+04
5.92830238941457e+04 1.94530906543930e+01 7.16789984905711e+01 4.73492904779312e+04
6.08806416268022e+04 3.01530096884315e+01 8.89525345000629e+01 4.96777351693299e+04
6.08806416268022e+04 3.01530096884315e+01 8.89525345000629e+01 4.96777351693299e+04
6.24782593594588e+04 4.08529287224699e+01 1.06226070509555e+02 5.20061798607286e+04
6.24782593594588e+04 4.08529287224699e+01 1.06226070509555e+02 5.20061798607286e+04
6.40758770921153e+04 5.15528477565083e+01 1.23499606519047e+02 5.43346245521273e+04
6.40758770921153e+04 5.15528477565083e+01 1.23499606519047e+02 5.43346245521273e+04
6.56734948247719e+04 6.22527667905468e+01 1.40773142528538e+02 5.66630692435260e+04
6.56734948247719e+04 6.22527667905468e+01 1.40773142528538e+02 5.66630692435260e+04
6.80908687552709e+04 7.97647193209765e+01 1.68174670490064e+02 6.02098948834367e+04
6.80908687552709e+04 7.97647193209765e+01 1.68174670490064e+02 6.02098948834367e+04
6.97488450136006e+04 9.41147021113864e+01 1.89296143030224e+02 6.26906663315002e+04
6.97488450136006e+04 9.41147021113864e+01 1.89296143030224e+02 6.26906663315002e+04
7.14471921076007e+04 1.11046302537238e+02 2.13070313512142e+02 6.52736506631677e+04
7.14471921076007e+04 1.11046302537238e+02 2.13070313512142e+02 6.52736506631677e+04
7.31868930455411e+04 1.31023963637450e+02 2.39830340826933e+02 6.79630592593718e+04
7.31868930455411e+04 1.31023963637450e+02 2.39830340826933e+02 6.79630592593718e+04
7.49725491389675e+04 1.55518298014415e+02 2.70552624935186e+02 7.07740036907786e+04
7.49725491389675e+04 1.55518298014415e+02 2.70552624935186e+02 7.07740036907786e+04
7.68202097829385e+04 1.89270443355739e+02 3.08279511066078e+02 7.37562145673645e+04
7.68202097829385e+04 1.89270443355739e+02 3.08279511066078e+02 7.37562145673645e+04
7.87259902623765e+04 2.32100024916420e+02 3.52801187544683e+02 7.69001356579599e+04
7.87259902623765e+04 2.32100024916420e+02 3.52801187544683e+02 7.69001356579599e+04
8.06859112714681e+04 2.83794217834303e+02 4.03881491929235e+02 8.01958169950251e+04
8.06859112714681e+04 2.83794217834303e+02 4.03881491929235e+02 8.01958169950251e+04
8.26958966104306e+04 3.44101909227979e+02 4.61254601553188e+02 8.36328986519030e+04
8.26958966104306e+04 3.44101909227979e+02 4.61254601553188e+02 8.36328986519030e+04
8.47517708261950e+04 4.12726810033416e+02 5.24621308424278e+02 8.72005938516602e+04
8.47517708261950e+04 4.12726810033416e+02 5.24621308424278e+02 8.72005938516602e+04
8.68492567956423e+04 4.89319327633260e+02 5.93644826278948e+02 9.08876713799786e+04
8.68492567956423e+04 4.89319327633260e+02 5.93644826278948e+02 9.08876713799786e+04
8.89839732499916e+04 5.73466976340568e+02 6.67946071034374e+02 9.46824372734207e+04
8.89839732499916e+04 5.73466976340568e+02 6.67946071034374e+02 9.46824372734207e+04
9.11514322389091e+04 6.64683062691336e+02 7.47098348500796e+02 9.85727157532154e+04
9.11514322389091e+04 6.64683062691336e+02 7.47098348500796e+02 9.85727157532154e+04
9.33762587723413e+04 7.61477400856998e+02 8.30661538608323e+02 1.02486643721664e+05
9.33762587723413e+04 7.61477400856998e+02 8.30661538608323e+02 1.02486643721664e+05
9.56639189400940e+04 8.61818223167448e+02 9.17512564025352e+02 1.06372406226551e+05
9.56639189400940e+04 8.61818223167448e+02 9.17512564025352e+02 1.06372406226551e+05
9.79945709742823e+04 9.60811519529547e+02 1.00442267842266e+03 1.10171094582313e+05
9.79945709742823e+04 9.60811519529547e+02 1.00442267842266e+03 1.10171094582313e+05
1.00368214874906e+05 1.05845728994330e+03 1.09139188180024e+03 1.13882708788949e+05
1.00368214874906e+05 1.05845728994330e+03 1.09139188180024e+03 1.13882708788949e+05
1.02784850641965e+05 1.15475553440869e+03 1.17842017415810e+03 1.17507248846461e+05
1.02784850641965e+05 1.15475553440869e+03 1.17842017415810e+03 1.17507248846461e+05
1.05244478275460e+05 1.24970625292574e+03 1.26550755549624e+03 1.21044714754847e+05
1.05244478275460e+05 1.24970625292574e+03 1.26550755549624e+03 1.21044714754847e+05
1.07747097775390e+05 1.34330944549444e+03 1.35265402581465e+03 1.24495106514107e+05
1.07747097775390e+05 1.34330944549444e+03 1.35265402581465e+03 1.24495106514107e+05
1.10292709141756e+05 1.43556511211478e+03 1.43985958511334e+03 1.27858424124243e+05
1.10292709141756e+05 1.43556511211478e+03 1.43985958511334e+03 1.27858424124243e+05
1.12896291045244e+05 1.52801717034341e+03 1.53011672315479e+03 1.31133137846021e+05
1.12896291045244e+05 1.52801717034341e+03 1.53011672315479e+03 1.31133137846021e+05
1.15620943906762e+05 1.62716965846974e+03 1.63603185659148e+03 1.34312803369969e+05
1.15620943906762e+05 1.62716965846974e+03 1.63603185659148e+03 1.34312803369969e+05
1.18437445486838e+05 1.73393851081400e+03 1.75756482172560e+03 1.37456606347898e+05
1.18437445486838e+05 1.73393851081400e+03 1.75756482172560e+03 1.37456606347898e+05
1.21332026158508e+05 1.84875531900432e+03 1.89469669327467e+03 1.40592435277122e+05
1.21332026158508e+05 1.84875531900432e+03 1.89469669327467e+03 1.40592435277122e+05
1.24304685921773e+05 1.97162008304070e+03 2.04742747123871e+03 1.43720290157640e+05
1.24304685921773e+05 1.97162008304070e+03 2.04742747123871e+03 1.43720290157640e+05
1.27355424776633e+05 2.10253280292315e+03 2.21575715561771e+03 1.46840170989453e+05
1.27355424776633e+05 2.10253280292315e+03 2.21575715561771e+03 1.46840170989453e+05
1.30484242723087e+05 2.24149347865167e+03 2.39968574641167e+03 1.49952077772561e+05
1.30484242723087e+05 2.24149347865167e+03 2.39968574641167e+03 1.49952077772561e+05
1.33691139761136e+05 2.38850211022625e+03 2.59921324362060e+03 1.53056010506963e+05
1.33691139761136e+05 2.38850211022625e+03 2.59921324362060e+03 1.53056010506963e+05
1.36976115890779e+05 2.54355869764689e+03 2.81433964724448e+03 1.56151969192660e+05
1.36976115890779e+05 2.54355869764689e+03 2.81433964724448e+03 1.56151969192660e+05
1.40265381749902e+05 2.72172495591060e+03 3.04241451096230e+03 1.59218679472146e+05
1.40265381749902e+05 2.72172495591060e+03 3.04241451096230e+03 1.59218679472146e+05
1.43512928219478e+05 2.92779083125482e+03 3.27933075972070e+03 1.62248724634477e+05
1.43512928219478e+05 2.92779083125482e+03 3.27933075972070e+03 1.62248724634477e+05
1.46655654878601e+05 3.15525228539013e+03 3.51248197686720e+03 1.65248548989129e+05
1.46655654878601e+05 3.15525228539013e+03 3.51248197686720e+03 1.65248548989129e+05
1.49693561727269e+05 3.40410931831652e+03 3.74186816240181e+03 1.68218152536101e+05
1.49693561727269e+05 3.40410931831652e+03 3.74186816240181e+03 1.68218152536101e+05
1.52626648765485e+05 3.67436193003399e+03 3.96748931632453e+03 1.71157535275393e+05
1.52626648765485e+05 3.67436193003399e+03 3.96748931632453e+03 1.71157535275393e+05
1.55454915993246e+05 3.96601012054254e+03 4.18934543863535e+03 1.74066697207005e+05
1.55454915993246e+05 3.96601012054254e+03 4.18934543863535e+03 1.74066697207005e+05
1.58178363410553e+05 4.27905388984218e+03 4.40743652933427e+03 1.76945638330936e+05
1.58178363410553e+05 4.27905388984218e+03 4.40743652933427e+03 1.76945638330936e+05
1.60796991017407e+05 4.61349323793289e+03 4.62176258842130e+03 1.79794358647188e+05
1.60796991017407e+05 4.61349323793289e+03 4.62176258842130e+03 1.79794358647188e+05
1.63295074885598e+05 4.96776466425049e+03 4.83447216572420e+03 1.82608479259176e+05
1.63295074885598e+05 4.96776466425049e+03 4.83447216572420e+03 1.82608479259176e+05
1.65615572650652e+05 5.33619619116605e+03 5.05335964701855e+03 1.85372114657151e+05
1.65615572650652e+05 5.33619619116605e+03 5.05335964701855e+03 1.85372114657151e+05
1.67832273674684e+05 5.70372610368256e+03 5.28107547862538e+03 1.88106539198617e+05
1.67832273674684e+05 5.70372610368256e+03 5.28107547862538e+03 1.88106539198617e+05
1.69976208406032e+05 6.06402053800595e+03 5.51873424583555e+03 1.90820699333749e+05
1.69976208406032e+05 6.06402053800595e+03 5.51873424583555e+03 1.90820699333749e+05
1.72047376844697e+05 6.41707949413620e+03 5.76633594864908e+03 1.93514595062547e+05
1.72047376844697e+05 6.41707949413620e+03 5.76633594864908e+03 1.93514595062547e+05
1.74045778990679e+05 6.76290297207333e+03 6.02388058706596e+03 1.96188226385010e+05
1.74045778990679e+05 6.76290297207333e+03 6.02388058706596e+03 1.96188226385010e+05
1.75971414843977e+05 7.10149097181734e+03 6.29136816108618e+03 1.98841593301140e+05
1.75971414843977e+05 7.10149097181734e+03 6.29136816108618e+03 1.98841593301140e+05
1.77824284404591e+05 7.43284349336821e+03 6.56879867070976e+03 2.01474695810935e+05
1.77824284404591e+05 7.43284349336821e+03 6.56879867070976e+03 2.01474695810935e+05
1.79604387672522e+05 7.75696053672596e+03 6.85617211593668e+03 2.04087533914396e+05
1.79604387672522e+05 7.75696053672596e+03 6.85617211593668e+03 2.04087533914396e+05
1.81271331904353e+05 8.08436038138788e+03 7.17046363633614e+03 2.06658570756136e+05
1.81271331904353e+05 8.08436038138788e+03 7.17046363633614e+03 2.06658570756136e+05
1.82825765406504e+05 8.42053222323263e+03 7.51586024540957e+03 2.09184147118491e+05
1.82825765406504e+05 8.42053222323263e+03 7.51586024540957e+03 2.09184147118491e+05
1.84324730543450e+05 8.77114803988913e+03 7.88456755738138e+03 2.11680148511212e+05
1.84324730543450e+05 8.77114803988913e+03 7.88456755738138e+03 2.11680148511212e+05
1.85768227315191e+05 9.13620783135741e+03 8.27658557225158e+03 2.14146574934300e+05
1.85768227315191e+05 9.13620783135741e+03 8.27658557225158e+03 2.14146574934300e+05
1.87156255721727e+05 9.51571159763744e+03 8.69191429002015e+03 2.16583426387754e+05
1.87156255721727e+05 9.51571159763744e+03 8.69191429002015e+03 2.16583426387754e+05
1.88488815763058e+05 9.90965933872924e+03 9.13055371068710e+03 2.18990702871574e+05
1.88488815763058e+05 9.90965933872924e+03 9.13055371068710e+03 2.18990702871574e+05
1.89765907439183e+05 1.03180510546328e+04 9.59250383425243e+03 2.21368404385761e+05
1.89765907439183e+05 1.03180510546328e+04 9.59250383425243e+03 2.21368404385761e+05
1.90987530750104e+05 1.07408867453481e+04 1.00777646607161e+04 2.23716530930313e+05
1.90987530750104e+05 1.07408867453481e+04 1.00777646607161e+04 2.23716530930313e+05
1.92113113987251e+05 1.11897272554927e+04 1.05876130853572e+04 2.25975887586379e+05
1.92113113987251e+05 1.11897272554927e+04 1.05876130853572e+04 2.25975887586379e+05
1.93014416718283e+05 1.17011144947929e+04 1.11260851620764e+04 2.27959369046985e+05
1.93014416718283e+05 1.17011144947929e+04 1.11260851620764e+04 2.27959369046985e+05
1.93731831686617e+05 1.22645301837513e+04 1.16762057513044e+04 2.29688512167518e+05
1.93731831686617e+05 1.22645301837513e+04 1.16762057513044e+04 2.29688512167518e+05
1.94280434514041e+05 1.28760486270537e+04 1.22316392897122e+04 2.31171355062226e+05
1.94280434514041e+05 1.28760486270537e+04 1.22316392897122e+04 2.31171355062226e+05
1.94660225200556e+05 1.35356698246998e+04 1.27923857772996e+04 2.32407897731108e+05
1.94660225200556e+05 1.35356698246998e+04 1.27923857772996e+04 2.32407897731108e+05
1.94871203746162e+05 1.42433937766899e+04 1.33584452140668e+04 2.33398140174163e+05
1.94871203746162e+05 1.42433937766899e+04 1.33584452140668e+04 2.33398140174163e+05
1.94913370150857e+05 1.49992204830237e+04 1.39298176000137e+04 2.34142082391394e+05
1.94913370150857e+05 1.49992204830237e+04 1.39298176000137e+04 2.34142082391394e+05
1.94786724414643e+05 1.58031499437014e+04 1.45065029351403e+04 2.34639724382798e+05
1.94786724414643e+05 1.58031499437014e+04 1.45065029351403e+04 2.34639724382798e+05
1.94491266537520e+05 1.66551821587230e+04 1.50885012194466e+04 2.34891066148376e+05
1.94491266537520e+05 1.66551821587230e+04 1.50885012194466e+04 2.34891066148376e+05
1.93928242672404e+05 1.75257233776730e+04 1.56807171825029e+04 2.34798626954293e+05
1.93928242672404e+05 1.75257233776730e+04 1.56807171825029e+04 2.34798626954293e+05
1.93105737158211e+05 1.83934772049895e+04 1.62834874536402e+04 2.34389533169890e+05
1.93105737158211e+05 1.83934772049895e+04 1.62834874536402e+04 2.34389533169890e+05
1.92151990427279e+05 1.92219017309462e+04 1.68927759789579e+04 2.33850890102141e+05
1.92151990427279e+05 1.92219017309462e+04 1.68927759789579e+04 2.33850890102141e+05
1.91067002479609e+05 2.00109969555429e+04 1.75085827584559e+04 2.33182697751045e+05
1.91067002479609e+05 2.00109969555429e+04 1.75085827584559e+04 2.33182697751045e+05
1.89850773315202e+05 2.07607628787798e+04 1.81309077921343e+04 2.32384956116603e+05
1.89850773315202e+05 2.07607628787798e+04 1.81309077921343e+04 2.32384956116603e+05
1.88503302934056e+05 2.14711995006567e+04 1.87597510799930e+04 2.31457665198814e+05
1.88503302934056e+05 2.14711995006567e+04 1.87597510799930e+04 2.31457665198814e+05
1.87024591336173e+05 2.21423068211738e+04 1.93951126220320e+04 2.30400824997679e+05
1.87024591336173e+05 2.21423068211738e+04 1.93951126220320e+04 2.30400824997679e+05
1.85414638521552e+05 2.27740848403310e+04 2.00369924182513e+04 2.29214435513197e+05
1.85414638521552e+05 2.27740848403310e+04 2.00369924182513e+04 2.29214435513197e+05
1.83661950818917e+05 2.33743578704437e+04 2.06879197533535e+04 2.27882015807026e+05
1.83661950818917e+05 2.33743578704437e+04 2.06879197533535e+04 2.27882015807026e+05
1.81734581492818e+05 2.39648736394261e+04 2.13549247909242e+04 2.26357757001863e+05
1.81734581492818e+05 2.39648736394261e+04 2.13549247909242e+04 2.26357757001863e+05
1.79731284390335e+05 2.45752258976933e+04 2.20331028013934e+04 2.24739139831545e+05
1.79731284390335e+05 2.45752258976933e+04 2.20331028013934e+04 2.24739139831545e+05
1.77684546881125e+05 2.52151501961900e+04 2.27208402601509e+04 2.23058232845580e+05
1.77684546881125e+05 2.52151501961900e+04 2.27208402601509e+04 2.23058232845580e+05
1.75594368965188e+05 2.58846465349162e+04 2.34181371671967e+04 2.21315036043971e+05
1.75594368965188e+05 2.58846465349162e+04 2.34181371671967e+04 2.21315036043971e+05
1.73460750642524e+05 2.65837149138718e+04 2.41249935225308e+04 2.19509549426715e+05
1.73460750642524e+05 2.65837149138718e+04 2.41249935225308e+04 2.19509549426715e+05
1.71283691913132e+05 2.73123553330568e+04 2.48414093261533e+04 2.17641772993814e+05
1.71283691913132e+05 2.73123553330568e+04 2.48414093261533e+04 2.17641772993814e+05
1.69063192777013e+05 2.80705677924713e+04 2.55673845780640e+04 2.15711706745268e+05
1.69063192777013e+05 2.80705677924713e+04 2.55673845780640e+04 2.15711706745268e+05
1.66799253234166e+05 2.88583522921153e+04 2.63029192782631e+04 2.13719350681075e+05
1.66799253234166e+05 2.88583522921153e+04 2.63029192782631e+04 2.13719350681075e+05
1.64461659978634e+05 2.96733140594852e+04 2.70361688027808e+04 2.11587266524398e+05
1.64461659978634e+05 2.96733140594852e+04 2.70361688027808e+04 2.11587266524398e+05
1.62053220854567e+05 3.05069403246705e+04 2.77611987328888e+04 2.09309672986258e+05
1.62053220854567e+05 3.05069403246705e+04 2.77611987328888e+04 2.09309672986258e+05
1.59605882597417e+05 3.13374833597570e+04 2.84709789050014e+04 2.06932378943957e+05
1.59605882597417e+05 3.13374833597570e+04 2.84709789050014e+04 2.06932378943957e+05
1.57119645207185e+05 3.21649431647448e+04 2.91655093191186e+04 2.04455384397495e+05
1.57119645207185e+05 3.21649431647448e+04 2.91655093191186e+04 2.04455384397495e+05
1.54594508683871e+05 3.29893197396339e+04 2.98447899752403e+04 2.01878689346873e+05
1.54594508683871e+05 3.29893197396339e+04 2.98447899752403e+04 2.01878689346873e+05
1.52030473027474e+05 3.38106130844242e+04 3.05088208733665e+04 1.99202293792089e+05
1.52030473027474e+05 3.38106130844242e+04 3.05088208733665e+04 1.99202293792089e+05
1.49427538237994e+05 3.46288231991159e+04 3.11576020134973e+04 1.96426197733146e+05
1.49427538237994e+05 3.46288231991159e+04 3.11576020134973e+04 1.96426197733146e+05
1.46785704315431e+05 3.54439500837088e+04 3.17911333956326e+04 1.93550401170041e+05
1.46785704315431e+05 3.54439500837088e+04 3.17911333956326e+04 1.93550401170041e+05
1.44113727072179e+05 3.62551981552635e+04 3.24156800131344e+04 1.90573550053603e+05
1.44113727072179e+05 3.62551981552635e+04 3.24156800131344e+04 1.90573550053603e+05
1.41433165125079e+05 3.70606085244165e+04 3.30466675724209e+04 1.87492310435359e+05
1.41433165125079e+05 3.70606085244165e+04 3.30466675724209e+04 1.87492310435359e+05
1.38774231780091e+05 3.78625759636714e+04 3.36959406974616e+04 1.84384120592151e+05
1.38774231780091e+05 3.78625759636714e+04 3.36959406974616e+04 1.84384120592151e+05
1.36145612864339e+05 3.86617889306234e+04 3.43669045222823e+04 1.81271242751299e+05
1.36145612864339e+05 3.86617889306234e+04 3.43669045222823e+04 1.81271242751299e+05
1.33547308377821e+05 3.94582474252725e+04 3.50595590468831e+04 1.78153676912803e+05
1.33547308377821e+05 3.94582474252725e+04 3.50595590468831e+04 1.78153676912803e+05
1.30979318320540e+05 4.02519514476187e+04 3.57739042712638e+04 1.75031423076664e+05
1.30979318320540e+05 4.02519514476187e+04 3.57739042712638e+04 1.75031423076664e+05
1.28441642692494e+05 4.10429009976621e+04 3.65099401954245e+04 1.71904481242881e+05
1.28441642692494e+05 4.10429009976621e+04 3.65099401954245e+04 1.71904481242881e+05
1.25934281493683e+05 4.18310960754026e+04 3.72676668193653e+04 1.68772851411454e+05
1.25934281493683e+05 4.18310960754026e+04 3.72676668193653e+04 1.68772851411454e+05
1.23457234724108e+05 4.26165366808402e+04 3.80470841430860e+04 1.65636533582384e+05
1.23457234724108e+05 4.26165366808402e+04 3.80470841430860e+04 1.65636533582384e+05
1.21008932994693e+05 4.33619280180944e+04 3.88355126444460e+04 1.62491653920285e+05
1.21008932994693e+05 4.33619280180944e+04 3.88355126444460e+04 1.62491653920285e+05
1.18580230490533e+05 4.40587976916842e+04 3.96235363934763e+04 1.59338603803217e+05
1.18580230490533e+05 4.40587976916842e+04 3.96235363934763e+04 1.59338603803217e+05
1.16149568594785e+05 4.47091045909730e+04 4.03957296837591e+04 1.56180717179648e+05
1.16149568594785e+05 4.47091045909730e+04 4.03957296837591e+04 1.56180717179648e+05
1.13716947307449e+05 4.53128487159606e+04 4.11520925152942e+04 1.53017994049578e+05
1.13716947307449e+05 4.53128487159606e+04 4.11520925152942e+04 1.53017994049578e+05
1.11282366628526e+05 4.58700300666472e+04 4.18926248880818e+04 1.49850434413008e+05
1.11282366628526e+05 4.58700300666472e+04 4.18926248880818e+04 1.49850434413008e+05
1.08845826558015e+05 4.63806486430326e+04 4.26173268021217e+04 1.46678038269938e+05
1.08845826558015e+05 4.63806486430326e+04 4.26173268021217e+04 1.46678038269938e+05
1.06407327095916e+05 4.68447044451169e+04 4.33261982574141e+04 1.43500805620367e+05
1.06407327095916e+05 4.68447044451169e+04 4.33261982574141e+04 1.43500805620367e+05
1.03966868242229e+05 4.72621974729002e+04 4.40192392539589e+04 1.40318736464296e+05
1.03966868242229e+05 4.72621974729002e+04 4.40192392539589e+04 1.40318736464296e+05
1.01526923912214e+05 4.76176367699779e+04 4.46760895622960e+04 1.37146134815207e+05
1.01526923912214e+05 4.76176367699779e+04 4.46760895622960e+04 1.37146134815207e+05
9.90929220151839e+04 4.78770343061374e+04 4.52520776930764e+04 1.34014384483735e+05
9.90929220151839e+04 4.78770343061374e+04 4.52520776930764e+04 1.34014384483735e+05
9.66664319402156e+04 4.80776848772593e+04 4.57598831684409e+04 1.30927359305266e+05
9.66664319402156e+04 4.80776848772593e+04 4.57598831684409e+04 1.30927359305266e+05
9.42478436898209e+04 4.82288564617641e+04 4.62026569249963e+04 1.27886021950916e+05
9.42478436898209e+04 4.82288564617641e+04 4.62026569249963e+04 1.27886021950916e+05
9.18371572639998e+04 4.83305490596519e+04 4.65803989627425e+04 1.24890372420684e+05
9.18371572639998e+04 4.83305490596519e+04 4.65803989627425e+04 1.24890372420684e+05
8.94343726627524e+04 4.83827626709225e+04 4.68931092816797e+04 1.21940410714570e+05
8.94343726627524e+04 4.83827626709225e+04 4.68931092816797e+04 1.21940410714570e+05
8.70394898860786e+04 4.83854972955760e+04 4.71407878818077e+04 1.19036136832575e+05
8.70394898860786e+04 4.83854972955760e+04 4.71407878818077e+04 1.19036136832575e+05
8.46525089339784e+04 4.83387529336125e+04 4.73234347631266e+04 1.16177550774698e+05
8.46525089339784e+04 4.83387529336125e+04 4.73234347631266e+04 1.16177550774698e+05
8.22734298064519e+04 4.82425295850319e+04 4.74410499256364e+04 1.13364652540939e+05
8.22734298064519e+04 4.82425295850319e+04 4.74410499256364e+04 1.13364652540939e+05
7.98995524758221e+04 4.80425675860520e+04 4.74368118787348e+04 1.10568309340428e+05
7.98995524758221e+04 4.80425675860520e+04 4.74368118787348e+04 1.10568309340428e+05
7.75278311094994e+04 4.77428646619716e+04 4.73190449770210e+04 1.07768046279238e+05
7.75278311094994e+04 4.77428646619716e+04 4.73190449770210e+04 1.07768046279238e+05
7.51528377981689e+04 4.73774088430032e+04 4.71324207098440e+04 1.04932479546731e+05
7.51528377981689e+04 4.73774088430032e+04 4.71324207098440e+04 1.04932479546731e+05
7.27745725418308e+04 4.69462001291469e+04 4.68769390772040e+04 1.02061609142908e+05
7.27745725418308e+04 4.69462001291469e+04 4.68769390772040e+04 1.02061609142908e+05
7.03930353404849e+04 4.64492385204027e+04 4.65526000791008e+04 9.91554350677686e+04
7.03930353404849e+04 4.64492385204027e+04 4.65526000791008e+04 9.91554350677686e+04
6.80082261941314e+04 4.58865240167706e+04 4.61594037155345e+04 9.62139573213129e+04
6.80082261941314e+04 4.58865240167706e+04 4.61594037155345e+04 9.62139573213129e+04
6.56201451027701e+04 4.52580566182505e+04 4.56973499865051e+04 9.32371759035409e+04
6.56201451027701e+04 4.52580566182505e+04 4.56973499865051e+04 9.32371759035409e+04
6.32287920664011e+04 4.45638363248425e+04 4.51664388920126e+04 9.02250908144526e+04
6.32287920664011e+04 4.45638363248425e+04 4.51664388920126e+04 9.02250908144526e+04
6.08396884762677e+04 4.37853763395015e+04 4.45568068173352e+04 8.71907500959980e+04
6.08396884762677e+04 4.37853763395015e+04 4.45568068173352e+04 8.71907500959980e+04
5.84636808691649e+04 4.28863601406240e+04 4.38490771134917e+04 8.41597860681622e+04
5.84636808691649e+04 4.28863601406240e+04 4.38490771134917e+04 8.41597860681622e+04
5.61034692727695e+04 4.19210473919921e+04 4.31000712710844e+04 8.11613315218156e+04
5.61034692727695e+04 4.19210473919921e+04 4.31000712710844e+04 8.11613315218156e+04
5.37596256044123e+04 4.09009313247117e+04 4.23218251649741e+04 7.82015573374043e+04
5.37596256044123e+04 4.09009313247117e+04 4.23218251649741e+04 7.82015573374043e+04
5.14321498640934e+04 3.98260119387828e+04 4.15143387951608e+04 7.52804635149280e+04
5.14321498640934e+04 3.98260119387828e+04 4.15143387951608e+04 7.52804635149280e+04
4.91210420518127e+04 3.86962892342053e+04 4.06776121616445e+04 7.23980500543869e+04
4.91210420518127e+04 3.86962892342053e+04 4.06776121616445e+04 7.23980500543869e+04
4.68263021675703e+04 3.75117632109794e+04 3.98116452644252e+04 6.95543169557810e+04
4.68263021675703e+04 3.75117632109794e+04 3.98116452644252e+04 6.95543169557810e+04
4.45479302113661e+04 3.62724338691048e+04 3.89164381035029e+04 6.67492642191102e+04
4.45479302113661e+04 3.62724338691048e+04 3.89164381035029e+04 6.67492642191102e+04
4.22859261832001e+04 3.49783012085818e+04 3.79919906788776e+04 6.39828918443745e+04
4.22859261832001e+04 3.49783012085818e+04 3.79919906788776e+04 6.39828918443745e+04
4.00794202127032e+04 3.36199302987075e+04 3.70118123647036e+04 6.12864213265579e+04
4.00794202127032e+04 3.36199302987075e+04 3.70118123647036e+04 6.12864213265579e+04
3.79298258122095e+04 3.22141358149342e+04 3.59810719296163e+04 5.86523379061017e+04
3.79298258122095e+04 3.22141358149342e+04 3.59810719296163e+04 5.86523379061017e+04
3.58262964449242e+04 3.07972342788655e+04 3.49191460225972e+04 5.60550092630207e+04
3.58262964449242e+04 3.07972342788655e+04 3.49191460225972e+04 5.60550092630207e+04
3.37688321108472e+04 2.93692256905012e+04 3.38260346436461e+04 5.34944353973151e+04
3.37688321108472e+04 2.93692256905012e+04 3.38260346436461e+04 5.34944353973151e+04
3.17574328099786e+04 2.79301100498415e+04 3.27017377927630e+04 5.09706163089847e+04
3.17574328099786e+04 2.79301100498415e+04 3.27017377927630e+04 5.09706163089847e+04
2.97920985423183e+04 2.64798873568862e+04 3.15462554699481e+04 4.84835519980296e+04
2.97920985423183e+04 2.64798873568862e+04 3.15462554699481e+04 4.84835519980296e+04
2.78728293078663e+04 2.50185576116354e+04 3.03595876752012e+04 4.60332424644498e+04
2.78728293078663e+04 2.50185576116354e+04 3.03595876752012e+04 4.60332424644498e+04
2.59996251066227e+04 2.35461208140891e+04 2.91417344085224e+04 4.36196877082453e+04
2.59996251066227e+04 2.35461208140891e+04 2.91417344085224e+04 4.36196877082453e+04
2.41921485963114e+04 2.20755717408073e+04 2.78911973604792e+04 4.12539710622331e+04
2.41921485963114e+04 2.20755717408073e+04 2.78911973604792e+04 4.12539710622331e+04
2.24851172099885e+04 2.06298546596321e+04 2.66053310363402e+04 3.89556618476373e+04
2.24851172099885e+04 2.06298546596321e+04 2.66053310363402e+04 3.89556618476373e+04
2.08394008180234e+04 1.92184045012662e+04 2.53106260619511e+04 3.66935385694738e+04
2.08394008180234e+04 1.92184045012662e+04 2.53106260619511e+04 3.66935385694738e+04
1.92480645168386e+04 1.78428933873023e+04 2.40117772833981e+04 3.44620679453513e+04
1.92480645168386e+04 1.78428933873023e+04 2.40117772833981e+04 3.44620679453513e+04
1.77111083064338e+04 1.65033213177405e+04 2.27087847006811e+04 3.22612499752698e+04
1.77111083064338e+04 1.65033213177405e+04 2.27087847006811e+04 3.22612499752698e+04
1.62285321868093e+04 1.51996882925808e+04 2.14016483138002e+04 3.00910846592293e+04
1.62285321868093e+04 1.51996882925808e+04 2.14016483138002e+04 3.00910846592293e+04
1.48003361579650e+04 1.39319943118231e+04 2.00903681227553e+04 2.79515719972297e+04
1.48003361579650e+04 1.39319943118231e+04 2.00903681227553e+04 2.79515719972297e+04
1.34265202199009e+04 1.27002393754675e+04 1.87749441275466e+04 2.58427119892712e+04
1.34265202199009e+04 1.27002393754675e+04 1.87749441275466e+04 2.58427119892712e+04
1.21070843726169e+04 1.15044234835140e+04 1.74553763281739e+04 2.37645046353537e+04
1.21070843726169e+04 1.15044234835140e+04 1.74553763281739e+04 2.37645046353537e+04
1.08970382213065e+04 1.03945362198655e+04 1.61572069316866e+04 2.17783356899464e+04
1.08970382213065e+04 1.03945362198655e+04 1.61572069316866e+04 2.17783356899464e+04
9.78467099160198e+03 9.36480902488950e+03 1.48856264872706e+04 1.98819954043555e+04
9.78467099160198e+03 9.36480902488950e+03 1.48856264872706e+04 1.98819954043555e+04
8.73526525044702e+03 8.39229763074394e+03 1.36432804896573e+04 1.80559144573572e+04
8.73526525044702e+03 8.39229763074394e+03 1.36432804896573e+04 1.80559144573572e+04
7.74882099784165e+03 7.47700203742883e+03 1.24301689388469e+04 1.63000928489515e+04
7.74882099784165e+03 7.47700203742883e+03 1.24301689388469e+04 1.63000928489515e+04
6.82533823378587e+03 6.61892224494418e+03 1.12462918348392e+04 1.46145305791382e+04
6.82533823378587e+03 6.61892224494418e+03 1.12462918348392e+04 1.46145305791382e+04
5.96481695827968e+03 5.81805825328997e+03 1.00916491776344e+04 1.29992276479175e+04
5.96481695827968e+03 5.81805825328997e+03 1.00916491776344e+04 1.29992276479175e+04
5.16725717132307e+03 5.07441006246622e+03 8.96624096723235e+03 1.14541840552894e+04
5.16725717132307e+03 5.07441006246622e+03 8.96624096723235e+03 1.14541840552894e+04
4.43265887291605e+03 4.38797767247291e+03 7.87006720363310e+03 9.97939980125372e+03
4.43265887291605e+03 4.38797767247291e+03 7.87006720363310e+03 9.97939980125372e+03
3.77872118864501e+03 3.77443268445492e+03 6.83167306515541e+03 8.61219989220951e+03
3.77872118864501e+03 3.77443268445492e+03 6.83167306515541e+03 8.61219989220951e+03
3.23361825659477e+03 3.25872174634185e+03 5.89649784718613e+03 7.41199968623008e+03
3.23361825659477e+03 3.25872174634185e+03 5.89649784718613e+03 7.41199968623008e+03
2.74234047157198e+03 2.79085527423073e+03 5.03899934267593e+03 6.31741342884619e+03
2.74234047157198e+03 2.79085527423073e+03 5.03899934267593e+03 6.31741342884619e+03
2.29693595022040e+03 2.36360705119409e+03 4.25548531187136e+03 5.31956753593453e+03
2.29693595022040e+03 2.36360705119409e+03 4.25548531187136e+03 5.31956753593453e+03
1.89740469254005e+03 1.97697707723192e+03 3.54595575477241e+03 4.41846200749512e+03
1.89740469254005e+03 1.97697707723192e+03 3.54595575477241e+03 4.41846200749512e+03
1.54374669853092e+03 1.63096535234422e+03 2.91041067137908e+03 3.61409684352795e+03
1.54374669853092e+03 1.63096535234422e+03 2.91041067137908e+03 3.61409684352795e+03
1.23596196819301e+03 1.32557187653100e+03 2.34885006169138e+03 2.90647204403302e+03
1.23596196819301e+03 1.32557187653100e+03 2.34885006169138e+03 2.90647204403302e+03
9.74050501526331e+02 1.06079664979226e+03 1.86127392570930e+03 2.29558760901033e+03
9.74050501526331e+02 1.06079664979226e+03 1.86127392570930e+03 2.29558760901033e+03
7.58012298530873e+02 8.36639672127990e+02 1.44768226343285e+03 1.78144353845988e+03
7.58012298530873e+02 8.36639672127990e+02 1.44768226343285e+03 1.78144353845988e+03
5.98837688792544e+02 6.65456323245352e+02 1.13337337520561e+03 1.39446809619825e+03
5.98837688792544e+02 6.65456323245352e+02 1.13337337520561e+03 1.39446809619825e+03
4.80076562280042e+02 5.32979151103716e+02 8.92677153051291e+02 1.10079434999292e+03
4.80076562280042e+02 5.32979151103716e+02 8.92677153051291e+02 1.10079434999292e+03
3.73554780908534e+02 4.14261507773466e+02 6.80154301583036e+02 8.41006941770562e+02
3.73554780908534e+02 4.14261507773466e+02 6.80154301583036e+02 8.41006941770562e+02
2.79272344678020e+02 3.09303393254602e+02 4.95804820800842e+02 6.15105871531175e+02
2.79272344678020e+02 3.09303393254602e+02 4.95804820800842e+02 6.15105871531175e+02
2.33330816377939e+02 2.58173032872861e+02 4.06391609354464e+02 5.05476845371601e+02
2.33330816377939e+02 2.58173032872861e+02 4.06391609354464e+02 5.05476845371601e+02
1.41447759777778e+02 1.55912312109381e+02 2.27565186461709e+02 2.86218793052454e+02
1.41447759777778e+02 1.55912312109381e+02 2.27565186461709e+02 2.86218793052454e+02
4.95647031776175e+01 5.36515913459000e+01 4.87387635689536e+01 6.69607407333065e+01
4.95647031776175e+01 5.36515913459000e+01 4.87387635689536e+01 6.69607407333065e+01
0.00000000000000e+00 0.00000000000000e+00 0.00000000000000e+00 0.00000000000000e+00
0.00000000000000e+00 0.00000000000000e+00 0.00000000000000e+00 0.00000000000000e+00
0.00000000000000e+00 0.00000000000000e+00 0.00000000000000e+00 0.00000000000000e+00
0.00000000000000e+00 0.00000000000000e+00 0.00000000000000e+00 0.00000000000000e+00
---