PdfType: central
Format: lhagrid1
---
0.001  0.001039345108679769  0.00108023825493656  0.001122740346477083  0.0011669146874283855  0.001212827072625273  0.0012605458856074806  0.0013101422004725427  0.0013616898877360855  0.0014152657243572044  0.0014709495080927908  0.0015288241763511529  0.0015889759297219475  0.0016514943603663948  0.0017164725854590347  0.0017840073858797646  0.0018541993503627147  0.0019271530253166913  0.0020029770705403223  0.0020817844210638168  0.0021636924553584207  0.0022488231701640942  0.0023373033621957836  0.002429264816998964  0.0025248445052357274  0.002624184786693745  0.0027274336223220047  0.0028347447946091204  0.002946278136632426  0.0030621997701190534  0.0031826823528735516  0.003307905335940545  0.00343805523088551  0.0035733258875917493  0.0037139187829872754  0.0038600433211317454  0.004011917145110291  0.004169766461198885  0.004333826375784006  0.004504341245538478  0.004681565041374952  0.0048657617267192565  0.005057205650666887  0.005256181956608318  0.0054629870069317086  0.005677928824435604  0.00590132755110901  0.00613351592496231  0.006374839775619047  0.006625658539406893  0.0068863457947148906  0.0071572898184144185  0.007438894164172531  0.0077315782635192  0.008035778050563503  0.008351946611289428  0.008680554858398231  0.009022092232702608  0.009377067432117183  0.009746009169331356  0.010129466959292725  0.010528011937674223  0.010942237711543916  0.01137276124350448  0.011820223770619224  0.012285291759493422  0.012768657898933363  0.013271042131661682  0.013793192726625698  0.014335887393495787  0.014899934441013804  0.01548617398091692  0.016095479179229908  0.01672875755678966  0.017386952340939052  0.018071043870403265  0.018782051055441146  0.01952103289544644  0.02028909005625913  0.021087366509536257  0.021917051236624074  0.022779379999469117  0.023675637181205977  0.024607157699163294  0.02557532899313709  0.026581593091892907  0.02762744876097482  0.02871445373502013  0.02984422703790468  0.03101845139417473  0.03223887573535667  0.03350731780487783  0.0348256668654783  0.036195886513145974  0.037620017601766274  0.039100181282842573  0.04063858216481469  0.04223751159668103  0.043899351080815434  0.04562657582006143  0.047421758404387476  0.049287572642593834  0.05122679754477868  0.053242321461494525  0.0553371463857602  0.0575143924243362  0.059777302444922596  0.062129246906201474  0.06457372887791815  0.06711438925847778  0.06975501219782888  0.07249953073371104  0.07535203264966117  0.07831676656350356  0.08139814825539268  0.08460076724483306  0.08792939362647283  0.09138898517485256  0.09498469472869094  0.09872187786570592  0.10260610087940301  0.10664314906971037  0.11083903535981095  0.11520000925200348  0.11973256613593385  0.1244434569630598  0.12933969830175757  0.13442858278804865  0.13971768998751175  0.1452148976845567  0.15092839361587698  0.15686668766555661  0.16303862453999335  0.16945339694151929  0.17612055926033943  0.1830500418051792  0.19025216559384006  0.19773765772569113  0.20551766735899143  0.21360378231684338  0.22200804634650934  0.23074297705779595  0.23982158456722816  0.2492573908757802  0.25906445000902345  0.2692573689496928  0.2798513293938472  0.290862110363026  0.30230611170608596  0.3142003785257203  0.32656262656603935  0.3394112685990307  0.3527654418491979  0.36664503649722135  0.38107072530510205  0.39606399440690976  0.41164717531099304  0.4278434781613236  0.4446770263075113  0.46217289223497693  0.48035713490880483  0.4992568385868943  0.5189001531602135  0.5393163360802504  0.5605357959361028  0.5825901377461097  0.6055122100314914  0.6293361537421076  0.6540974531071988  0.679832988486861  0.7065810913029688  0.734381601131354  0.7632759250402892  0.7933070992636506  0.8245198533006114  0.8569606765373503  0.8906778874900009  0.9257217057719621  0.9621443268927803  1.0  
0.1e+001 0.1e+007
-14 -12 12 14
4.15950451595651e+02 2.56803228058086e+00 3.55439321110492e+00 4.25761921834868e+02
4.15950451595651e+02 2.56803228058086e+00 3.55439321110492e+00 4.25761921834868e+02
4.32273901851226e+02 2.82437266687524e+00 3.86482551666059e+00 4.43633658411896e+02
4.32273901851226e+02 2.82437266687524e+00 3.86482551666059e+00 4.43633658411896e+02
4.48597352106800e+02 3.08071305316961e+00 4.17525782221626e+00 4.61505394988923e+02
4.48597352106800e+02 3.08071305316961e+00 4.17525782221626e+00 4.61505394988923e+02
4.64920802362375e+02 3.33705343946399e+00 4.48569012777193e+00 4.79377131565951e+02
4.64920802362375e+02 3.33705343946399e+00 4.48569012777193e+00 4.79377131565951e+02
4.81244252617950e+02 3.59339382575836e+00 4.79612243332760e+00 4.97248868142978e+02
4.81244252617950e+02 3.59339382575836e+00 4.79612243332760e+00 4.97248868142978e+02
5.06036402757895e+02 3.98916098800644e+00 5.27391973477443e+00 5.24414696218156e+02
5.06036402757895e+02 3.98916098800644e+00 5.27391973477443e+00 5.24414696218156e+02
5.23231943540315e+02 4.27599936676955e+00 5.61751713908156e+00 5.43301197796590e+02
5.23231943540315e+02 4.27599936676955e+00 5.61751713908156e+00 5.43301197796590e+02
5.41011803200169e+02 4.58346269794217e+00 5.98350001419292e+00 5.62867886151719e+02
5.41011803200169e+02 4.58346269794217e+00 5.98350001419292e+00 5.62867886151719e+02
5.59395837382291e+02 4.91303400713517e+00 6.37332678004079e+00 5.83139257829358e+02
5.59395837382291e+02 4.91303400713517e+00 6.37332678004079e+00 5.83139257829358e+02
5.78461752789565e+02 5.26919569056804e+00 6.79149945980630e+00 6.04208578243065e+02
5.78461752789565e+02 5.26919569056804e+00 6.79149945980630e+00 6.04208578243065e+02
5.98470735337596e+02 5.66599434568191e+00 7.25221803723263e+00 6.26387310957184e+02
5.98470735337596e+02 5.66599434568191e+00 7.25221803723263e+00 6.26387310957184e+02
6.19367464968235e+02 6.10160793998713e+00 7.75347925303510e+00 6.49611284908226e+02
6.19367464968235e+02 6.10160793998713e+00 7.75347925303510e+00 6.49611284908226e+02
6.41094741801425e+02 6.57408342877196e+00 8.29314933500411e+00 6.73814017947791e+02
6.41094741801425e+02 6.57408342877196e+00 8.29314933500411e+00 6.73814017947791e+02
6.63593422257279e+02 7.08132733474233e+00 8.86895549505017e+00 6.98926633610139e+02
6.63593422257279e+02 7.08132733474233e+00 8.86895549505017e+00 6.98926633610139e+02
6.86802353007532e+02 7.62109565029600e+00 9.47847687227881e+00 7.24877774882191e+02
6.86802353007532e+02 7.62109565029600e+00 9.47847687227881e+00 7.24877774882191e+02
7.10658302682607e+02 8.19098301372529e+00 1.01191348860044e+01 7.51593514868007e+02
7.10658302682607e+02 8.19098301372529e+00 1.01191348860044e+01 7.51593514868007e+02
7.35095891258030e+02 8.78841110714086e+00 1.07881829602597e+01 7.78997264235894e+02
7.35095891258030e+02 8.78841110714086e+00 1.07881829602597e+01 7.78997264235894e+02
7.60047517041340e+02 9.41061622015465e+00 1.14826955788546e+01 8.07009675332272e+02
7.60047517041340e+02 9.41061622015465e+00 1.14826955788546e+01 8.07009675332272e+02
7.85430132765906e+02 1.01196988950377e+01 1.21636019466323e+01 8.35324058475814e+02
7.85430132765906e+02 1.01196988950377e+01 1.21636019466323e+01 8.35324058475814e+02
8.11108092428686e+02 1.09402488657600e+01 1.28076923685403e+01 8.63681583273894e+02
8.11108092428686e+02 1.09402488657600e+01 1.28076923685403e+01 8.63681583273894e+02
8.36766708099202e+02 1.18565197261801e+01 1.33988861316067e+01 8.91708845844532e+02
8.36766708099202e+02 1.18565197261801e+01 1.33988861316067e+01 8.91708845844532e+02
8.62405979777454e+02 1.28685114762979e+01 1.39371832358317e+01 9.19405846187727e+02
8.62405979777454e+02 1.28685114762979e+01 1.39371832358317e+01 9.19405846187727e+02
8.88025907463442e+02 1.39762241161135e+01 1.44225836812153e+01 9.46772584303479e+02
8.88025907463442e+02 1.39762241161135e+01 1.44225836812153e+01 9.46772584303479e+02
9.13626491157165e+02 1.51796576456268e+01 1.48550874677573e+01 9.73809060191788e+02
9.13626491157165e+02 1.51796576456268e+01 1.48550874677573e+01 9.73809060191788e+02
9.39207730858624e+02 1.64788120648379e+01 1.52346945954579e+01 1.00051527385265e+03
9.39207730858624e+02 1.64788120648379e+01 1.52346945954579e+01 1.00051527385265e+03
9.64769626567819e+02 1.78736873737467e+01 1.55614050643170e+01 1.02689122528608e+03
9.64769626567819e+02 1.78736873737467e+01 1.55614050643170e+01 1.02689122528608e+03
9.90118547202589e+02 1.93532726932205e+01 1.58767660823418e+01 1.05294528911596e+03
9.90118547202589e+02 1.93532726932205e+01 1.58767660823418e+01 1.05294528911596e+03
1.01443878601292e+03 2.08711826582043e+01 1.63558029483495e+01 1.07871274499455e+03
1.01443878601292e+03 2.08711826582043e+01 1.63558029483495e+01 1.07871274499455e+03
1.03774349141086e+03 2.23623542929967e+01 1.70344703430763e+01 1.10441807728830e+03
1.03774349141086e+03 2.23623542929967e+01 1.70344703430763e+01 1.10441807728830e+03
1.06003885897662e+03 2.37961296836013e+01 1.79297102446276e+01 1.13016706385821e+03
1.06003885897662e+03 2.37961296836013e+01 1.79297102446276e+01 1.13016706385821e+03
1.08132488871021e+03 2.51725088300180e+01 1.90415226530032e+01 1.15595970470427e+03
1.08132488871021e+03 2.51725088300180e+01 1.90415226530032e+01 1.15595970470427e+03
1.10160158061163e+03 2.64914917322468e+01 2.03699075682031e+01 1.18179599982649e+03
1.10160158061163e+03 2.64914917322468e+01 2.03699075682031e+01 1.18179599982649e+03
1.12086893468087e+03 2.77530783902878e+01 2.19148649902274e+01 1.20767594922486e+03
1.12086893468087e+03 2.77530783902878e+01 2.19148649902274e+01 1.20767594922486e+03
1.13912695091794e+03 2.89572688041409e+01 2.36763949190761e+01 1.23359955289939e+03
1.13912695091794e+03 2.89572688041409e+01 2.36763949190761e+01 1.23359955289939e+03
1.15637562932284e+03 3.01040629738062e+01 2.56544973547491e+01 1.25956681085008e+03
1.15637562932284e+03 3.01040629738062e+01 2.56544973547491e+01 1.25956681085008e+03
1.17282701973419e+03 3.13594148505356e+01 2.78979035794244e+01 1.28528529863590e+03
1.17282701973419e+03 3.13594148505356e+01 2.78979035794244e+01 1.28528529863590e+03
1.18876392600072e+03 3.28041234965162e+01 3.03855592243158e+01 1.31062366914411e+03
1.18876392600072e+03 3.28041234965162e+01 3.03855592243158e+01 1.31062366914411e+03
1.20500205487244e+03 3.44845742768031e+01 3.29424389906062e+01 1.33554664272245e+03
1.20500205487244e+03 3.44845742768031e+01 3.29424389906062e+01 1.33554664272245e+03
1.22154140634934e+03 3.64007671913963e+01 3.55685428782956e+01 1.36005421937091e+03
1.22154140634934e+03 3.64007671913963e+01 3.55685428782956e+01 1.36005421937091e+03
1.23838198043143e+03 3.85527022402957e+01 3.82638708873839e+01 1.38414639908951e+03
1.23838198043143e+03 3.85527022402957e+01 3.82638708873839e+01 1.38414639908951e+03
1.25552377711871e+03 4.09403794235015e+01 4.10284230178712e+01 1.40782318187823e+03
1.25552377711871e+03 4.09403794235015e+01 4.10284230178712e+01 1.40782318187823e+03
1.27296679641117e+03 4.35637987410136e+01 4.38621992697575e+01 1.43108456773709e+03
1.27296679641117e+03 4.35637987410136e+01 4.38621992697575e+01 1.43108456773709e+03
1.29071103830882e+03 4.64229601928320e+01 4.67651996430428e+01 1.45393055666607e+03
1.29071103830882e+03 4.64229601928320e+01 4.67651996430428e+01 1.45393055666607e+03
1.30852897128786e+03 4.95277346522654e+01 4.97456299086262e+01 1.47634414264057e+03
1.30852897128786e+03 4.95277346522654e+01 4.97456299086262e+01 1.47634414264057e+03
1.32559516954261e+03 5.29139311070855e+01 5.28332584913065e+01 1.49826363218030e+03
1.32559516954261e+03 5.29139311070855e+01 5.28332584913065e+01 1.49826363218030e+03
1.34169758323443e+03 5.64155956060404e+01 5.59793541089057e+01 1.51998144972629e+03
1.34169758323443e+03 5.64155956060404e+01 5.59793541089057e+01 1.51998144972629e+03
1.35674703959678e+03 5.99629399660757e+01 5.91634239222029e+01 1.54162056776740e+03
1.35674703959678e+03 5.99629399660757e+01 5.91634239222029e+01 1.54162056776740e+03
1.37074353862964e+03 6.35559641871915e+01 6.23854679311980e+01 1.56318098630361e+03
1.37074353862964e+03 6.35559641871915e+01 6.23854679311980e+01 1.56318098630361e+03
1.38368708033302e+03 6.71946682693878e+01 6.56454861358910e+01 1.58466270533493e+03
1.38368708033302e+03 6.71946682693878e+01 6.56454861358910e+01 1.58466270533493e+03
1.39557766470693e+03 7.08790522126645e+01 6.89434785362819e+01 1.60606572486137e+03
1.39557766470693e+03 7.08790522126645e+01 6.89434785362819e+01 1.60606572486137e+03
1.40641529175135e+03 7.46091160170218e+01 7.22794451323708e+01 1.62739004488291e+03
1.40641529175135e+03 7.46091160170218e+01 7.22794451323708e+01 1.62739004488291e+03
1.41619996146629e+03 7.83848596824595e+01 7.56533859241576e+01 1.64863566539956e+03
1.41619996146629e+03 7.83848596824595e+01 7.56533859241576e+01 1.64863566539956e+03
1.42518084760077e+03 8.23140271042725e+01 7.91273571298844e+01 1.66946909765691e+03
1.42518084760077e+03 8.23140271042725e+01 7.91273571298844e+01 1.66946909765691e+03
1.43367847979860e+03 8.64269602315087e+01 8.27163139723535e+01 1.68978288100790e+03
1.43367847979860e+03 8.64269602315087e+01 8.27163139723535e+01 1.68978288100790e+03
1.44251828386544e+03 9.06878500763962e+01 8.63904880267661e+01 1.70963870893282e+03
1.44251828386544e+03 9.06878500763962e+01 8.63904880267661e+01 1.70963870893282e+03
1.45170025980132e+03 9.50966966389351e+01 9.01498792931223e+01 1.72903658143166e+03
1.45170025980132e+03 9.50966966389351e+01 9.01498792931223e+01 1.72903658143166e+03
1.46122440760622e+03 9.96534999191254e+01 9.39944877714219e+01 1.74797649850442e+03
1.46122440760622e+03 9.96534999191254e+01 9.39944877714219e+01 1.74797649850442e+03
1.47109072728014e+03 1.04358259916967e+02 9.79243134616651e+01 1.76645846015110e+03
1.47109072728014e+03 1.04358259916967e+02 9.79243134616651e+01 1.76645846015110e+03
1.48129921882309e+03 1.09210976632460e+02 1.01939356363852e+02 1.78448246637170e+03
1.48129921882309e+03 1.09210976632460e+02 1.01939356363852e+02 1.78448246637170e+03
1.49184988223506e+03 1.14211650065604e+02 1.06039616477982e+02 1.80204851716623e+03
1.49184988223506e+03 1.14211650065604e+02 1.06039616477982e+02 1.80204851716623e+03
1.50234024088513e+03 1.19368796644508e+02 1.10258081356267e+02 1.81867623684175e+03
1.50234024088513e+03 1.19368796644508e+02 1.10258081356267e+02 1.81867623684175e+03
1.51149813298922e+03 1.24709335383950e+02 1.14699019172436e+02 1.83284723761728e+03
1.51149813298922e+03 1.24709335383950e+02 1.14699019172436e+02 1.83284723761728e+03
1.51907438479830e+03 1.30125522388635e+02 1.19300373708245e+02 1.84489500824722e+03
1.51907438479830e+03 1.30125522388635e+02 1.19300373708245e+02 1.84489500824722e+03
1.52497599819237e+03 1.35577144836207e+02 1.24038983969993e+02 1.85494401540324e+03
1.52497599819237e+03 1.35577144836207e+02 1.24038983969993e+02 1.85494401540324e+03
1.52920297317143e+03 1.41064202726666e+02 1.28914849957681e+02 1.86299425908533e+03
1.52920297317143e+03 1.41064202726666e+02 1.28914849957681e+02 1.86299425908533e+03
1.53175530973547e+03 1.46586696060012e+02 1.33927971671308e+02 1.86904573929351e+03
1.53175530973547e+03 1.46586696060012e+02 1.33927971671308e+02 1.86904573929351e+03
1.53263300788450e+03 1.52144624836245e+02 1.39078349110875e+02 1.87309845602775e+03
1.53263300788450e+03 1.52144624836245e+02 1.39078349110875e+02 1.87309845602775e+03
1.53183606761852e+03 1.57737989055364e+02 1.44365982276381e+02 1.87515240928808e+03
1.53183606761852e+03 1.57737989055364e+02 1.44365982276381e+02 1.87515240928808e+03
1.52936448893752e+03 1.63366788717371e+02 1.49790871167826e+02 1.87520759907448e+03
1.52936448893752e+03 1.63366788717371e+02 1.49790871167826e+02 1.87520759907448e+03
1.52468482467075e+03 1.68930821267367e+02 1.55383293252909e+02 1.87231415075308e+03
1.52468482467075e+03 1.68930821267367e+02 1.55383293252909e+02 1.87231415075308e+03
1.51802406162325e+03 1.74388606321536e+02 1.61120221455028e+02 1.86663995671342e+03
1.51802406162325e+03 1.74388606321536e+02 1.61120221455028e+02 1.86663995671342e+03
1.51065436157913e+03 1.79713224865099e+02 1.66897387600457e+02 1.85970340473650e+03
1.51065436157913e+03 1.79713224865099e+02 1.66897387600457e+02 1.85970340473650e+03
1.50257572453838e+03 1.84904676898055e+02 1.72714791689194e+02 1.85150449482234e+03
1.50257572453838e+03 1.84904676898055e+02 1.72714791689194e+02 1.85150449482234e+03
1.49378815050099e+03 1.89962962420405e+02 1.78572433721240e+02 1.84204322697091e+03
1.49378815050099e+03 1.89962962420405e+02 1.78572433721240e+02 1.84204322697091e+03
1.48429163946697e+03 1.94888081432149e+02 1.84470313696596e+02 1.83131960118224e+03
1.48429163946697e+03 1.94888081432149e+02 1.84470313696596e+02 1.83131960118224e+03
1.47408619143633e+03 1.99680033933287e+02 1.90408431615260e+02 1.81933361745631e+03
1.47408619143633e+03 1.99680033933287e+02 1.90408431615260e+02 1.81933361745631e+03
1.46317180640905e+03 2.04338819923819e+02 1.96386787477233e+02 1.80608527579312e+03
1.46317180640905e+03 2.04338819923819e+02 1.96386787477233e+02 1.80608527579312e+03
1.45137463654663e+03 2.08867176225386e+02 2.02283243567574e+02 1.79164704853716e+03
1.45137463654663e+03 2.08867176225386e+02 2.02283243567574e+02 1.79164704853716e+03
1.43821147063021e+03 2.13272709851876e+02 2.07758317298487e+02 1.77622037305000e+03
1.43821147063021e+03 2.13272709851876e+02 2.07758317298487e+02 1.77622037305000e+03
1.42421575583057e+03 2.17655623358184e+02 2.12781731202273e+02 1.76075512396551e+03
1.42421575583057e+03 2.17655623358184e+02 2.12781731202273e+02 1.76075512396551e+03
1.40956298197358e+03 2.22048880700021e+02 2.17343524803323e+02 1.74556378458707e+03
1.40956298197358e+03 2.22048880700021e+02 2.17343524803323e+02 1.74556378458707e+03
1.39425314905923e+03 2.26452481877385e+02 2.21443698101636e+02 1.73064635491468e+03
1.39425314905923e+03 2.26452481877385e+02 2.21443698101636e+02 1.73064635491468e+03
1.37828625708751e+03 2.30866426890278e+02 2.25082251097212e+02 1.71600283494834e+03
1.37828625708751e+03 2.30866426890278e+02 2.25082251097212e+02 1.71600283494834e+03
1.36166230605845e+03 2.35290715738699e+02 2.28259183790051e+02 1.70163322468805e+03
1.36166230605845e+03 2.35290715738699e+02 2.28259183790051e+02 1.70163322468805e+03
1.34438129597202e+03 2.39725348422648e+02 2.30974496180153e+02 1.68753752413381e+03
1.34438129597202e+03 2.39725348422648e+02 2.30974496180153e+02 1.68753752413381e+03
1.32644322682824e+03 2.44170324942126e+02 2.33228188267518e+02 1.67371573328562e+03
1.32644322682824e+03 2.44170324942126e+02 2.33228188267518e+02 1.67371573328562e+03
1.30703579089714e+03 2.48213007728592e+02 2.35032658519603e+02 1.65924231737655e+03
1.30703579089714e+03 2.48213007728592e+02 2.35032658519603e+02 1.65924231737655e+03
1.28609931094313e+03 2.51732033465508e+02 2.36513609006240e+02 1.64377872808242e+03
1.28609931094313e+03 2.51732033465508e+02 2.36513609006240e+02 1.64377872808242e+03
1.26411699818503e+03 2.54719795138987e+02 2.38010522315226e+02 1.62712352804166e+03
1.26411699818503e+03 2.54719795138987e+02 2.38010522315226e+02 1.62712352804166e+03
1.24108885262286e+03 2.57176292749029e+02 2.39523398446561e+02 1.60927671725427e+03
1.24108885262286e+03 2.57176292749029e+02 2.39523398446561e+02 1.60927671725427e+03
1.21701487425660e+03 2.59101526295635e+02 2.41052237400245e+02 1.59023829572026e+03
1.21701487425660e+03 2.59101526295635e+02 2.41052237400245e+02 1.59023829572026e+03
1.19189506308625e+03 2.60495495778804e+02 2.42597039176278e+02 1.57000826343962e+03
1.19189506308625e+03 2.60495495778804e+02 2.42597039176278e+02 1.57000826343962e+03
1.16572941911183e+03 2.61358201198536e+02 2.44157803774660e+02 1.54858662041235e+03
1.16572941911183e+03 2.61358201198536e+02 2.44157803774660e+02 1.54858662041235e+03
1.13851794233332e+03 2.61689642554832e+02 2.45734531195390e+02 1.52597336663845e+03
1.13851794233332e+03 2.61689642554832e+02 2.45734531195390e+02 1.52597336663845e+03
1.11036539245076e+03 2.61470235330585e+02 2.47152106924642e+02 1.50192754450496e+03
1.11036539245076e+03 2.61470235330585e+02 2.47152106924642e+02 1.50192754450496e+03
1.08152970946241e+03 2.60651758403483e+02 2.47979362895069e+02 1.47585586664797e+03
1.08152970946241e+03 2.60651758403483e+02 2.47979362895069e+02 1.47585586664797e+03
1.05282320109822e+03 2.59646849342063e+02 2.48203900639217e+02 1.44868386783441e+03
1.05282320109822e+03 2.59646849342063e+02 2.48203900639217e+02 1.44868386783441e+03
1.02447939243234e+03 2.58574134641224e+02 2.47822155802192e+02 1.42067762404397e+03
1.02447939243234e+03 2.58574134641224e+02 2.47822155802192e+02 1.42067762404397e+03
9.96498283464751e+02 2.57433614300965e+02 2.46834128383994e+02 1.39183713527665e+03
9.96498283464751e+02 2.57433614300965e+02 2.46834128383994e+02 1.39183713527665e+03
9.68879874195461e+02 2.56225288321287e+02 2.45239818384624e+02 1.36216240153247e+03
9.68879874195461e+02 2.56225288321287e+02 2.45239818384624e+02 1.36216240153247e+03
9.41624164624469e+02 2.54949156702189e+02 2.43039225804081e+02 1.33165342281140e+03
9.41624164624469e+02 2.54949156702189e+02 2.43039225804081e+02 1.33165342281140e+03
9.14731154751776e+02 2.53605219443671e+02 2.40232350642366e+02 1.30031019911346e+03
9.14731154751776e+02 2.53605219443671e+02 2.40232350642366e+02 1.30031019911346e+03
8.88200844577380e+02 2.52193476545734e+02 2.36819192899478e+02 1.26813273043864e+03
8.88200844577380e+02 2.52193476545734e+02 2.36819192899478e+02 1.26813273043864e+03
8.61788489814854e+02 2.50412462727626e+02 2.32885204681770e+02 1.23502362529813e+03
8.61788489814854e+02 2.50412462727626e+02 2.32885204681770e+02 1.23502362529813e+03
8.35328510354473e+02 2.48206846592567e+02 2.28626735859344e+02 1.20119963894112e+03
8.35328510354473e+02 2.48206846592567e+02 2.28626735859344e+02 1.20119963894112e+03
8.08562966197962e+02 2.45624849262870e+02 2.24474954499545e+02 1.16725405873152e+03
8.08562966197962e+02 2.45624849262870e+02 2.24474954499545e+02 1.16725405873152e+03
7.81491857345323e+02 2.42666470738537e+02 2.20429860602372e+02 1.13318688466933e+03
7.81491857345323e+02 2.42666470738537e+02 2.20429860602372e+02 1.13318688466933e+03
7.54115183796554e+02 2.39331711019566e+02 2.16491454167826e+02 1.09899811675456e+03
7.54115183796554e+02 2.39331711019566e+02 2.16491454167826e+02 1.09899811675456e+03
7.26432945551656e+02 2.35620570105959e+02 2.12659735195906e+02 1.06468775498720e+03
7.26432945551656e+02 2.35620570105959e+02 2.12659735195906e+02 1.06468775498720e+03
6.98445142610629e+02 2.31533047997714e+02 2.08934703686613e+02 1.03025579936724e+03
6.98445142610629e+02 2.31533047997714e+02 2.08934703686613e+02 1.03025579936724e+03
6.70151774973473e+02 2.27069144694832e+02 2.05316359639947e+02 9.95702249894705e+02
6.70151774973473e+02 2.27069144694832e+02 2.05316359639947e+02 9.95702249894705e+02
6.41733198384223e+02 2.22146310241336e+02 2.01754471152693e+02 9.61133415360947e+02
6.41733198384223e+02 2.22146310241336e+02 2.01754471152693e+02 9.61133415360947e+02
6.13585123496071e+02 2.16583425387735e+02 1.98138826602050e+02 9.26782543237497e+02
6.13585123496071e+02 2.16583425387735e+02 1.98138826602050e+02 9.26782543237497e+02
5.85952294595444e+02 2.10681955414782e+02 1.94383973881665e+02 8.92747025013171e+02
5.85952294595444e+02 2.10681955414782e+02 1.94383973881665e+02 8.92747025013171e+02
5.58895532092044e+02 2.04516816236363e+02 1.90468677635265e+02 8.59051063051742e+02
5.58895532092044e+02 2.04516816236363e+02 1.90468677635265e+02 8.59051063051742e+02
5.32414835985871e+02 1.98088007852476e+02 1.86392937862850e+02 8.25694657353209e+02
5.32414835985871e+02 1.98088007852476e+02 1.86392937862850e+02 8.25694657353209e+02
5.06510206276924e+02 1.91395530263123e+02 1.82156754564420e+02 7.92677807917572e+02
5.06510206276924e+02 1.91395530263123e+02 1.82156754564420e+02 7.92677807917572e+02
4.81181642965205e+02 1.84439383468302e+02 1.77760127739974e+02 7.60000514744832e+02
4.81181642965205e+02 1.84439383468302e+02 1.77760127739974e+02 7.60000514744832e+02
4.56429146050711e+02 1.77219567468015e+02 1.73203057389512e+02 7.27662777834988e+02
4.56429146050711e+02 1.77219567468015e+02 1.73203057389512e+02 7.27662777834988e+02
4.32252715533445e+02 1.69736082262261e+02 1.68485543513036e+02 6.95664597188041e+02
4.32252715533445e+02 1.69736082262261e+02 1.68485543513036e+02 6.95664597188041e+02
4.09261444144367e+02 1.62081627869861e+02 1.63501457510906e+02 6.64481793826747e+02
4.09261444144367e+02 1.62081627869861e+02 1.63501457510906e+02 6.64481793826747e+02
3.87403993590600e+02 1.54358389877861e+02 1.58278551225875e+02 6.34108846922626e+02
3.87403993590600e+02 1.54358389877861e+02 1.58278551225875e+02 6.34108846922626e+02
3.66284653218953e+02 1.46747487535748e+02 1.52927036280742e+02 6.04312509004150e+02
3.66284653218953e+02 1.46747487535748e+02 1.52927036280742e+02 6.04312509004150e+02
3.45903423029425e+02 1.39248920843523e+02 1.47446912675508e+02 5.75092780071319e+02
3.45903423029425e+02 1.39248920843523e+02 1.47446912675508e+02 5.75092780071319e+02
3.26260303022017e+02 1.31862689801185e+02 1.41838180410174e+02 5.46449660124132e+02
3.26260303022017e+02 1.31862689801185e+02 1.41838180410174e+02 5.46449660124132e+02
3.07355293196728e+02 1.24588794408736e+02 1.36100839484738e+02 5.18383149162590e+02
3.07355293196728e+02 1.24588794408736e+02 1.36100839484738e+02 5.18383149162590e+02
2.89188393553559e+02 1.17427234666174e+02 1.30234889899201e+02 4.90893247186692e+02
2.89188393553559e+02 1.17427234666174e+02 1.30234889899201e+02 4.90893247186692e+02
2.71759604092510e+02 1.10378010573501e+02 1.24240331653563e+02 4.63979954196440e+02
2.71759604092510e+02 1.10378010573501e+02 1.24240331653563e+02 4.63979954196440e+02
2.55156432401070e+02 1.03527711385038e+02 1.18162378215518e+02 4.37812880461024e+02
2.55156432401070e+02 1.03527711385038e+02 1.18162378215518e+02 4.37812880461024e+02
2.39550783389742e+02 9.70464379850865e+01 1.12089849507315e+02 4.12725218095351e+02
2.39550783389742e+02 9.70464379850865e+01 1.12089849507315e+02 4.12725218095351e+02
2.24333564327565e+02 9.08414903548248e+01 1.06128874128594e+02 3.88241146076665e+02
2.24333564327565e+02 9.08414903548248e+01 1.06128874128594e+02 3.88241146076665e+02
2.09375757763380e+02 8.48932328631864e+01 1.00301932139818e+02 3.64259876442077e+02
2.09375757763380e+02 8.48932328631864e+01 1.00301932139818e+02 3.64259876442077e+02
1.94677363697188e+02 7.92016655101712e+01 9.46090235409862e+01 3.40781409191587e+02
1.94677363697188e+02 7.92016655101712e+01 9.46090235409862e+01 3.40781409191587e+02
1.80238382128990e+02 7.37667882957793e+01 8.90501483320993e+01 3.17805744325195e+02
1.80238382128990e+02 7.37667882957793e+01 8.90501483320993e+01 3.17805744325195e+02
1.66058813058783e+02 6.85886012200107e+01 8.36253065131573e+01 2.95332881842902e+02
1.66058813058783e+02 6.85886012200107e+01 8.36253065131573e+01 2.95332881842902e+02
1.52138656486570e+02 6.36671042828653e+01 7.83344980841600e+01 2.73362821744707e+02
1.52138656486570e+02 6.36671042828653e+01 7.83344980841600e+01 2.73362821744707e+02
1.38477912412350e+02 5.90022974843431e+01 7.31777230451074e+01 2.51895564030611e+02
1.38477912412350e+02 5.90022974843431e+01 7.31777230451074e+01 2.51895564030611e+02
1.25827497215485e+02 5.47535690893317e+01 6.82791135140651e+01 2.31933180487372e+02
1.25827497215485e+02 5.47535690893317e+01 6.82791135140651e+01 2.31933180487372e+02
1.14232985737164e+02 5.08625776990302e+01 6.36154555484576e+01 2.13483654717439e+02
1.14232985737164e+02 5.08625776990302e+01 6.36154555484576e+01 2.13483654717439e+02
1.03522473066882e+02 4.71592224291386e+01 5.90979292260329e+01 1.96213794605906e+02
1.03522473066882e+02 4.71592224291386e+01 5.90979292260329e+01 1.96213794605906e+02
9.36959592046395e+01 4.36435032796568e+01 5.47265345467910e+01 1.80123600152773e+02
9.36959592046395e+01 4.36435032796568e+01 5.47265345467910e+01 1.80123600152773e+02
8.47534441504367e+01 4.03154202505849e+01 5.05012715107320e+01 1.65213071358040e+02
8.47534441504367e+01 4.03154202505849e+01 5.05012715107320e+01 1.65213071358040e+02
7.66949279042736e+01 3.71749733419229e+01 4.64221401178558e+01 1.51482208221707e+02
7.66949279042736e+01 3.71749733419229e+01 4.64221401178558e+01 1.51482208221707e+02
6.95204104661500e+01 3.42221625536707e+01 4.24891403681625e+01 1.38931010743775e+02
6.95204104661500e+01 3.42221625536707e+01 4.24891403681625e+01 1.38931010743775e+02
6.32298918360660e+01 3.14569878858284e+01 3.87022722616520e+01 1.27559478924242e+02
6.32298918360660e+01 3.14569878858284e+01 3.87022722616520e+01 1.27559478924242e+02
5.78680968739958e+01 2.89090406665119e+01 3.51364708477497e+01 1.17464672160005e+02
5.78680968739958e+01 2.89090406665119e+01 3.51364708477497e+01 1.17464672160005e+02
5.35139941687182e+01 2.66305689166826e+01 3.19240454306459e+01 1.08817963678502e+02
5.35139941687182e+01 2.66305689166826e+01 3.19240454306459e+01 1.08817963678502e+02
4.94166673408700e+01 2.44621843714530e+01 2.89408638922754e+01 1.00617281692975e+02
4.94166673408700e+01 2.44621843714530e+01 2.89408638922754e+01 1.00617281692975e+02
4.54430339617749e+01 2.23756391753006e+01 2.61649267075206e+01 9.26850323317827e+01
4.54430339617749e+01 2.23756391753006e+01 2.61649267075206e+01 9.26850323317827e+01
4.15930940314329e+01 2.03709333282256e+01 2.35962338763817e+01 8.50212155949249e+01
4.15930940314329e+01 2.03709333282256e+01 2.35962338763817e+01 8.50212155949249e+01
3.78668475498441e+01 1.84480668302278e+01 2.12347853988585e+01 7.76258314824017e+01
3.78668475498441e+01 1.84480668302278e+01 2.12347853988585e+01 7.76258314824017e+01
3.42642945170084e+01 1.66070396813073e+01 1.90805812749511e+01 7.04988799942131e+01
3.42642945170084e+01 1.66070396813073e+01 1.90805812749511e+01 7.04988799942131e+01
3.07854349329258e+01 1.48478518814640e+01 1.71336215046595e+01 6.36403611303592e+01
3.07854349329258e+01 1.48478518814640e+01 1.71336215046595e+01 6.36403611303592e+01
2.74302687975964e+01 1.31705034306980e+01 1.53939060879837e+01 5.70502748908398e+01
2.74302687975964e+01 1.31705034306980e+01 1.53939060879837e+01 5.70502748908398e+01
2.43827303455630e+01 1.16721863050520e+01 1.39179353838232e+01 5.10263821384379e+01
2.43827303455630e+01 1.16721863050520e+01 1.39179353838232e+01 5.10263821384379e+01
2.16246832294059e+01 1.03373587092856e+01 1.26389417211946e+01 4.55146661347281e+01
2.16246832294059e+01 1.03373587092856e+01 1.26389417211946e+01 4.55146661347281e+01
1.90771588603462e+01 9.11377262243780e+00 1.14246157959074e+01 4.03437536522709e+01
1.90771588603462e+01 9.11377262243780e+00 1.14246157959074e+01 4.03437536522709e+01
1.67401572383839e+01 8.00142804450844e+00 1.02749576079616e+01 3.55136446910663e+01
1.67401572383839e+01 8.00142804450844e+00 1.02749576079616e+01 3.55136446910663e+01
1.46136783635189e+01 7.00032497549758e+00 9.18996715735718e+00 3.10243392511142e+01
1.46136783635189e+01 7.00032497549758e+00 9.18996715735718e+00 3.10243392511142e+01
1.26977222357513e+01 6.11046341540519e+00 8.16964444409416e+00 2.68758373324148e+01
1.26977222357513e+01 6.11046341540519e+00 8.16964444409416e+00 2.68758373324148e+01
1.09922888550810e+01 5.33184336423129e+00 7.21398946817253e+00 2.30681389349679e+01
1.09922888550810e+01 5.33184336423129e+00 7.21398946817253e+00 2.30681389349679e+01
9.49737822150814e+00 4.66446482197588e+00 6.32300222959229e+00 1.96012440587736e+01
9.49737822150814e+00 4.66446482197588e+00 6.32300222959229e+00 1.96012440587736e+01
8.23802924797800e+00 4.11679954179489e+00 5.51692420240744e+00 1.65596528787405e+01
8.23802924797800e+00 4.11679954179489e+00 5.51692420240744e+00 1.65596528787405e+01
7.25409982393124e+00 3.70233318104870e+00 4.82797653123072e+00 1.40778759719276e+01
7.25409982393124e+00 3.70233318104870e+00 4.82797653123072e+00 1.40778759719276e+01
6.36165571482494e+00 3.32387376369466e+00 4.19965885716263e+00 1.18581524755520e+01
6.36165571482494e+00 3.32387376369466e+00 4.19965885716263e+00 1.18581524755520e+01
5.53410840810466e+00 2.96737175685693e+00 3.62380380176128e+00 9.85743973114412e+00
5.53410840810466e+00 2.96737175685693e+00 3.62380380176128e+00 9.85743973114412e+00
4.77145790377039e+00 2.63282716053552e+00 3.10041136502666e+00 8.07573773870383e+00
4.77145790377039e+00 2.63282716053552e+00 3.10041136502666e+00 8.07573773870383e+00
4.07370420182213e+00 2.32023997473042e+00 2.62948154695879e+00 6.51304649823115e+00
4.07370420182213e+00 2.32023997473042e+00 2.62948154695879e+00 6.51304649823115e+00
3.44084730225989e+00 2.02961019944163e+00 2.21101434755765e+00 5.16936600972610e+00
3.44084730225989e+00 2.02961019944163e+00 2.21101434755765e+00 5.16936600972610e+00
2.87288720508366e+00 1.76093783466916e+00 1.84500976682325e+00 4.04469627318867e+00
2.87288720508366e+00 1.76093783466916e+00 1.84500976682325e+00 4.04469627318867e+00
2.36982391029345e+00 1.51422288041300e+00 1.53146780475559e+00 3.13903728861887e+00
2.36982391029345e+00 1.51422288041300e+00 1.53146780475559e+00 3.13903728861887e+00
1.95597604524991e+00 1.29626279962615e+00 1.28066383938336e+00 2.49128946076146e+00
1.95597604524991e+00 1.29626279962615e+00 1.28066383938336e+00 2.49128946076146e+00
1.60906843067135e+00 1.09935834892110e+00 1.07352416026620e+00 2.02137352040008e+00
1.60906843067135e+00 1.09935834892110e+00 1.07352416026620e+00 2.02137352040008e+00
1.28924317711716e+00 9.10023870937485e-01 8.77827622791362e-01 1.59477889047567e+00
1.28924317711716e+00 9.10023870937485e-01 8.77827622791362e-01 1.59477889047567e+00
9.96500284587339e-01 7.28259365675301e-01 6.93574226958848e-01 1.21150557098822e+00
9.96500284587339e-01 7.28259365675301e-01 6.93574226958848e-01 1.21150557098822e+00
8.52783427462417e-01 6.38119115093374e-01 6.02569175693108e-01 1.02411522788257e+00
8.52783427462417e-01 6.38119115093374e-01 6.02569175693108e-01 1.02411522788257e+00
5.65349713212576e-01 4.57838613929521e-01 4.20559073161630e-01 6.49334541671272e-01
5.65349713212576e-01 4.57838613929521e-01 4.20559073161630e-01 6.49334541671272e-01
2.77915998962735e-01 2.77558112765669e-01 2.38548970630152e-01 2.74553855459974e-01
2.77915998962735e-01 2.77558112765669e-01 2.38548970630152e-01 2.74553855459974e-01
0.00000000000000e+00 9.72776116018164e-02 5.65388680986736e-02 0.00000000000000e+00
0.00000000000000e+00 9.72776116018164e-02 5.65388680986736e-02 0.00000000000000e+00
0.00000000000000e+00 0.00000000000000e+00 0.00000000000000e+00 0.00000000000000e+00
0.00000000000000e+00 0.00000000000000e+00 0.00000000000000e+00 0.00000000000000e+00
---