PdfType: central
Format: lhagrid1
---
0.0001  0.00010429532461863897  0.0001087751473730729  0.00011344739305714942  0.00011832032686033726  0.00012340256898882342  0.00012870310991463342  0.00013423132627975076  0.00013999699748337048  0.00014601032298162906  0.0001522819403304134  0.0001588229440031669  0.0001656449050169821  0.00017275989140169766  0.0001801804895482089  0.0001879198264737575  0.00019599159304358843  0.00020441006819005238  0.0002131901441719966  0.00022234735291912848  0.00023189789350795586  0.00024185866081790827  0.00025224727541833065  0.0002630821147392205  0.0002743823455808502  0.0002861679580197835  0.000298459800771264  0.0003112796180705332  0.00032465008813832217  0.0003385948632985606  0.000353138611819271  0.00036830706155066437  0.0003841270454376358  0.00040062654898716905  0.00041783475977461904  0.00043578211907644967  0.00045450037572076693  0.0004740226422509076  0.0004943834535014343  0.0005156188276901594  0.0005377663301342724  0.0005608651397032811  0.0005849561181263205  0.0006100818822764358  0.0006362868795597115  0.0006636174665426095  0.0006921219909566031  0.000721850877225177  0.0007528567156644912  0.0007851943555155049  0.0008189210019721267  0.0008540963173770411  0.000890782526764226  0.000929044527934864  0.0009689500062613694  0.0010105695544226187  0.0010539767972822035  0.0010992485221306084  0.0011464648145217105  0.0011957091999438964  0.0012470687915764175  0.0013006344443923627  0.0013565009158808474  0.0014147670336727418  0.0014755358703664753  0.0015389149258631751  0.0016050163175336874  0.001673956978553886  0.001745858864759136  0.0018208491703838258  0.0018990605530676075  0.001980631368526384  0.0020657059153031832  0.002154434690031882  0.002246974653665322  0.0023434895091387887  0.0024441499909600485  0.002549134167238217  0.0026586277546857403  0.002772824447150728  0.002891926258260833  0.003016143878784795  0.0031456970493438136  0.003280814949132081  0.0034217366013341386  0.0035687112959562244  0.0037219990308195853  0.0038818709714958863  0.004048609930998349  0.004222510870077183  0.004403881419004318  0.0045930424217704826  0.0047903285036573215  0.0049960886631885935  0.005210686889507569  0.005434502806272785  0.0056679323432112455  0.005911388436516999  0.006165301759334096  0.0064301214836161615  0.006706316074710319  0.006994374120071094  0.007294805193570227  0.00760814075693141  0.007934935099884589  0.008275766320702958  0.008631237348857151  0.009001977011595783  0.009388641146339076  0.009791913760853446  0.01021250824325929  0.01065116862401255  0.01110867089209251  0.01158582436772414  0.01208347313406328  0.012602497530377338  0.013143815709363004  0.013708385261355807  0.014297204908304714  0.014911316270508398  0.015551805709238663  0.01621980624851049  0.01691649957939832  0.01764311815044419  0.01840094734785578  0.01919132776935102  0.02001565759567167  0.020875395063961057  0.021772061047381518  0.0227072417455348  0.023682591490444646  0.024699835673065437  0.025760773795493984  0.02686728265428373  0.028021319660492525  0.02922492630233721  0.030480231756580593  0.03178945665503921  0.0331549170128747  0.034579028325618065  0.03606430984217448  0.03761338902136763  0.03922900617990692  0.0409140193399999  0.042671409285185626  0.044504284833332394  0.046415888336127774  0.04840960141478949  0.05048895094214394  0.05265761528165439  0.05491943079443554  0.05727839862576538  0.05973869178310004  0.06230466251811238  0.06498085002581286  0.06777198847437253  0.07068301537985341  0.07371908034066062  0.07688555414716733  0.08018803828262767  0.08363237483218501  0.08722465681750427  0.09097123897530998  0.09487874899889745  0.09895409926250376  0.10320449904927852  0.1076374673044853  0.11226084593649444  0.11708281368909704  0.12211190060968001  0.12735700313885567  0.13282739984823985  0.1385327678542193  0.14448319993674355  0.150689222393424  0.15716181366052454  0.16391242373378453  0.1709529944234296  0.17829598047919984  0.18595437162276682  0.1939417155265149  0.20227214177933603  0.21096038688183238  0.22002182031514395  0.2294724717295179  0.2393290593007152  0.24960901930441615  0.26033053696094227  0.2715125786048606  0.28317492523637666  0.2953382075138675  0.308023942249458  0.32125457047220124  0.33505349712619653  0.3494451324738692  0.3644549352776552  0.38010945783648104  0.3964363929567065  0.41346462294062064  0.4312242706791523  0.44974675293918026  0.4690648359397062  0.48921269331520334  0.5102259665686786  0.5321418281213915  0.5549990470707652  0.578838057772808  0.6037010313703756  0.6296319503938047  0.6566766865658864  0.6848830819488142  0.7143010335766556  0.7449825817230663  0.7769820019603892  0.8103559011729886  0.8451633176946665  0.8814658257473112  0.9193276443655247  0.9588157509999117  1.0  
0.1e+001 0.1e+007
-14 -12 12 14
3.70412832578207e+01 0.00000000000000e+00 1.93589355346514e-01 1.07843461679615e+01
3.70412832578207e+01 0.00000000000000e+00 1.93589355346514e-01 1.07843461679615e+01
3.70816641428538e+01 1.67577583234581e-09 1.98091483656526e-01 1.10103728556160e+01
3.70816641428538e+01 1.67577583234581e-09 1.98091483656526e-01 1.10103728556160e+01
3.71220450278870e+01 4.13127201299881e-09 2.02593611966537e-01 1.12363995432705e+01
3.71220450278870e+01 4.13127201299881e-09 2.02593611966537e-01 1.12363995432705e+01
3.71624259129202e+01 6.58676819365181e-09 2.07095740276549e-01 1.14624262309250e+01
3.71624259129202e+01 6.58676819365181e-09 2.07095740276549e-01 1.14624262309250e+01
3.72028067979533e+01 9.04226437430481e-09 2.11597868586561e-01 1.16884529185795e+01
3.72028067979533e+01 9.04226437430481e-09 2.11597868586561e-01 1.16884529185795e+01
3.72634001168494e+01 1.34040815061003e-08 2.18402221239461e-01 1.20298137186254e+01
3.72634001168494e+01 1.34040815061003e-08 2.18402221239461e-01 1.20298137186254e+01
3.73038468476345e+01 1.74945650398128e-08 2.23052458718485e-01 1.22625794869082e+01
3.73038468476345e+01 1.74945650398128e-08 2.23052458718485e-01 1.22625794869082e+01
3.73443374804260e+01 2.28333292208756e-08 2.27801709424062e-01 1.24998490575068e+01
3.73443374804260e+01 2.28333292208756e-08 2.27801709424062e-01 1.24998490575068e+01
3.73848720628763e+01 2.98013081275482e-08 2.32652081553694e-01 1.27417095748300e+01
3.73848720628763e+01 2.98013081275482e-08 2.32652081553694e-01 1.27417095748300e+01
3.74254506426898e+01 3.88956843534275e-08 2.37605728192790e-01 1.29882498694507e+01
3.74254506426898e+01 3.88956843534275e-08 2.37605728192790e-01 1.29882498694507e+01
3.74660732676222e+01 5.07653642197997e-08 2.42664848270426e-01 1.32395604907308e+01
3.74660732676222e+01 5.07653642197997e-08 2.42664848270426e-01 1.32395604907308e+01
3.75067399854815e+01 6.62572788526301e-08 2.47831687535451e-01 1.34957337400787e+01
3.75067399854815e+01 6.62572788526301e-08 2.47831687535451e-01 1.34957337400787e+01
3.75474508441273e+01 8.64768148209791e-08 2.53108539553378e-01 1.37568637048500e+01
3.75474508441273e+01 8.64768148209791e-08 2.53108539553378e-01 1.37568637048500e+01
3.75882058914713e+01 1.12866686212923e-07 2.58497746724497e-01 1.40230462929031e+01
3.75882058914713e+01 1.12866686212923e-07 2.58497746724497e-01 1.40230462929031e+01
3.76290051754770e+01 1.47309875867398e-07 2.64001701323675e-01 1.42943792678252e+01
3.76290051754770e+01 1.47309875867398e-07 2.64001701323675e-01 1.42943792678252e+01
3.76698487441602e+01 1.92263990874425e-07 2.69622846562282e-01 1.45709622848381e+01
3.76698487441602e+01 1.92263990874425e-07 2.69622846562282e-01 1.45709622848381e+01
3.77107366455887e+01 2.50936618942208e-07 2.75363677672741e-01 1.48528969274002e+01
3.77107366455887e+01 2.50936618942208e-07 2.75363677672741e-01 1.48528969274002e+01
3.77516689278826e+01 3.27514197743220e-07 2.81226743016164e-01 1.51402867445159e+01
3.77516689278826e+01 3.27514197743220e-07 2.81226743016164e-01 1.51402867445159e+01
3.77926456392139e+01 4.27460727635328e-07 2.87214645213568e-01 1.54332372887668e+01
3.77926456392139e+01 4.27460727635328e-07 2.87214645213568e-01 1.54332372887668e+01
3.78336668278073e+01 5.57907641652172e-07 2.93330042301184e-01 1.57318561550796e+01
3.78336668278073e+01 5.57907641652172e-07 2.93330042301184e-01 1.57318561550796e+01
3.78747325419397e+01 7.28162650954521e-07 2.99575648910363e-01 1.60362530202432e+01
3.78747325419397e+01 7.28162650954521e-07 2.99575648910363e-01 1.60362530202432e+01
3.79158428299401e+01 9.50373873128776e-07 3.05954237472604e-01 1.63465396831908e+01
3.79158428299401e+01 9.50373873128776e-07 3.05954237472604e-01 1.63465396831908e+01
3.79569977401905e+01 1.24039663053551e-06 3.12468639450234e-01 1.66628301060618e+01
3.79569977401905e+01 1.24039663053551e-06 3.12468639450234e-01 1.66628301060618e+01
3.79981973211249e+01 1.61892476692208e-06 3.19121746593306e-01 1.69852404560573e+01
3.79981973211249e+01 1.61892476692208e-06 3.19121746593306e-01 1.69852404560573e+01
3.80394416212303e+01 2.11296720454828e-06 3.25916512223243e-01 1.73138891481065e+01
3.80394416212303e+01 2.11296720454828e-06 3.25916512223243e-01 1.73138891481065e+01
3.80807306890460e+01 2.75777509784150e-06 3.32855952543823e-01 1.76488968883579e+01
3.80807306890460e+01 2.75777509784150e-06 3.32855952543823e-01 1.76488968883579e+01
3.81220645731642e+01 3.59935709077917e-06 3.39943147980075e-01 1.79903867185123e+01
3.81220645731642e+01 3.59935709077917e-06 3.39943147980075e-01 1.79903867185123e+01
3.81634433222297e+01 4.69776214785695e-06 3.47181244545682e-01 1.83384840610136e+01
3.81634433222297e+01 4.69776214785695e-06 3.47181244545682e-01 1.83384840610136e+01
3.82048669849401e+01 6.13136419678220e-06 3.54573455239502e-01 1.86933167651139e+01
3.82048669849401e+01 6.13136419678220e-06 3.54573455239502e-01 1.86933167651139e+01
3.82463356100461e+01 8.00245430278591e-06 3.62123061471821e-01 1.90550151538303e+01
3.82463356100461e+01 8.00245430278591e-06 3.62123061471821e-01 1.90550151538303e+01
3.82878492463510e+01 1.04445393900733e-05 3.69833414520973e-01 1.94237120718095e+01
3.82878492463510e+01 1.04445393900733e-05 3.69833414520973e-01 1.94237120718095e+01
3.83294079427112e+01 1.36318682923082e-05 3.77707937020976e-01 1.97995429341194e+01
3.83294079427112e+01 1.36318682923082e-05 3.77707937020976e-01 1.97995429341194e+01
3.83710117480363e+01 1.77918648394827e-05 3.85750124480846e-01 2.01826457759841e+01
3.83710117480363e+01 1.77918648394827e-05 3.85750124480846e-01 2.01826457759841e+01
3.84126607112886e+01 2.32213551127864e-05 3.93963546836254e-01 2.05731613034816e+01
3.84126607112886e+01 2.32213551127864e-05 3.93963546836254e-01 2.05731613034816e+01
3.84543548814839e+01 3.03077467223953e-05 4.02351850034226e-01 2.09712329452225e+01
3.84543548814839e+01 3.03077467223953e-05 4.02351850034226e-01 2.09712329452225e+01
3.84960943076911e+01 3.95566713022304e-05 4.10918757651582e-01 2.13770069050283e+01
3.84960943076911e+01 3.95566713022304e-05 4.10918757651582e-01 2.13770069050283e+01
3.85378790390322e+01 5.16280625823125e-05 4.19668072547836e-01 2.17906322156290e+01
3.85378790390322e+01 5.16280625823125e-05 4.19668072547836e-01 2.17906322156290e+01
3.85797091246828e+01 6.73832442987407e-05 4.28603678553289e-01 2.22122607934003e+01
3.85797091246828e+01 6.73832442987407e-05 4.28603678553289e-01 2.22122607934003e+01
3.86215846138716e+01 8.79463877805736e-05 4.37729542193068e-01 2.26420474941593e+01
3.86215846138716e+01 8.79463877805736e-05 4.37729542193068e-01 2.26420474941593e+01
3.86635055558810e+01 1.14784724365009e-04 4.47049714447865e-01 2.30801501700398e+01
3.86635055558810e+01 1.14784724365009e-04 4.47049714447865e-01 2.30801501700398e+01
3.87054720000466e+01 1.49813235995821e-04 4.56568332552179e-01 2.35267297274683e+01
3.87054720000466e+01 1.49813235995821e-04 4.56568332552179e-01 2.35267297274683e+01
3.87474839957579e+01 1.95531293939156e-04 4.66289621830834e-01 2.39819501862620e+01
3.87474839957579e+01 1.95531293939156e-04 4.66289621830834e-01 2.39819501862620e+01
3.87895415924576e+01 2.55200995128276e-04 4.76217897574606e-01 2.44459787398698e+01
3.87895415924576e+01 2.55200995128276e-04 4.76217897574606e-01 2.44459787398698e+01
3.88316448396425e+01 3.33079920878179e-04 4.86357566955786e-01 2.49189858167790e+01
3.88316448396425e+01 3.33079920878179e-04 4.86357566955786e-01 2.49189858167790e+01
3.88737937868627e+01 4.34724925882242e-04 4.96713130984528e-01 2.54011451431109e+01
3.88737937868627e+01 4.34724925882242e-04 4.96713130984528e-01 2.54011451431109e+01
3.89159884837224e+01 5.67388633589957e-04 5.07289186506853e-01 2.58926338064262e+01
3.89159884837224e+01 5.67388633589957e-04 5.07289186506853e-01 2.58926338064262e+01
3.89582289798794e+01 7.40536928895314e-04 5.18090428245192e-01 2.63936323207661e+01
3.89582289798794e+01 7.40536928895314e-04 5.18090428245192e-01 2.63936323207661e+01
3.90005153250458e+01 9.66524372523860e-04 5.29121650882382e-01 2.69043246929517e+01
3.90005153250458e+01 9.66524372523860e-04 5.29121650882382e-01 2.69043246929517e+01
3.90428475689871e+01 1.26147572961172e-03 5.40387751190027e-01 2.74248984901659e+01
3.90428475689871e+01 1.26147572961172e-03 5.40387751190027e-01 2.74248984901659e+01
3.90852257615234e+01 1.64643651172919e-03 5.51893730202182e-01 2.79555449088430e+01
3.90852257615234e+01 1.64643651172919e-03 5.51893730202182e-01 2.79555449088430e+01
3.91276499525283e+01 2.14887462637854e-03 5.63644695435318e-01 2.84964588448914e+01
3.91276499525283e+01 2.14887462637854e-03 5.63644695435318e-01 2.84964588448914e+01
3.91701201919299e+01 2.80464028038575e-03 5.75645863155551e-01 2.90478389652751e+01
3.91701201919299e+01 2.80464028038575e-03 5.75645863155551e-01 2.90478389652751e+01
3.92126365297105e+01 3.66052398115879e-03 5.87902560694154e-01 2.96098877809803e+01
3.92126365297105e+01 3.66052398115879e-03 5.87902560694154e-01 2.96098877809803e+01
3.92551990159066e+01 4.77759515555257e-03 6.00420228812358e-01 3.01828117213931e+01
3.92551990159066e+01 4.77759515555257e-03 6.00420228812358e-01 3.01828117213931e+01
3.92978077006088e+01 6.23555960508521e-03 6.13204424116517e-01 3.07668212101175e+01
3.92978077006088e+01 6.23555960508521e-03 6.13204424116517e-01 3.07668212101175e+01
3.93404626339623e+01 8.13844671275278e-03 6.26260821524689e-01 3.13621307422596e+01
3.93404626339623e+01 8.13844671275278e-03 6.26260821524689e-01 3.13621307422596e+01
3.93831638661667e+01 1.06220321977680e-02 6.39595216785739e-01 3.19689589632074e+01
3.93831638661667e+01 1.06220321977680e-02 6.39595216785739e-01 3.19689589632074e+01
3.94259114474761e+01 1.38635260502009e-02 6.53213529052080e-01 3.25875287489349e+01
3.94259114474761e+01 1.38635260502009e-02 6.53213529052080e-01 3.25875287489349e+01
3.94687054281991e+01 1.80942169037093e-02 6.67121803507188e-01 3.32180672878600e+01
3.94687054281991e+01 1.80942169037093e-02 6.67121803507188e-01 3.32180672878600e+01
3.95115458586988e+01 2.36159750537444e-02 6.81326214049064e-01 3.38608061642864e+01
3.95115458586988e+01 2.36159750537444e-02 6.81326214049064e-01 3.38608061642864e+01
3.95544327893932e+01 3.08227916525499e-02 6.95833066030843e-01 3.45159814434598e+01
3.95544327893932e+01 3.08227916525499e-02 6.95833066030843e-01 3.45159814434598e+01
3.95973662707549e+01 4.02288909559915e-02 7.10648799059734e-01 3.51838337582701e+01
3.95973662707549e+01 4.02288909559915e-02 7.10648799059734e-01 3.51838337582701e+01
3.96403463533112e+01 5.25054215008189e-02 7.25779989855581e-01 3.58646083976311e+01
3.96403463533112e+01 5.25054215008189e-02 7.25779989855581e-01 3.58646083976311e+01
3.96833825686418e+01 7.35469355836260e-02 7.41309670656639e-01 3.65616306698277e+01
3.96833825686418e+01 7.35469355836260e-02 7.41309670656639e-01 3.65616306698277e+01
3.97264788402111e+01 1.07488326612030e-01 7.57277090122694e-01 3.72764559792292e+01
3.97264788402111e+01 1.07488326612030e-01 7.57277090122694e-01 3.72764559792292e+01
3.97696305205439e+01 1.54217769055013e-01 7.73652375764856e-01 3.80078544095125e+01
3.97696305205439e+01 1.54217769055013e-01 7.73652375764856e-01 3.80078544095125e+01
3.98128329571203e+01 2.13589311918125e-01 7.90405019046821e-01 3.87545722466113e+01
3.98128329571203e+01 2.13589311918125e-01 7.90405019046821e-01 3.87545722466113e+01
3.98560814923705e+01 2.85412464777690e-01 8.07503861842105e-01 3.95153315182518e+01
3.98560814923705e+01 2.85412464777690e-01 8.07503861842105e-01 3.95153315182518e+01
3.98993714636692e+01 3.69438605816178e-01 8.24917082602915e-01 4.02888295245789e+01
3.98993714636692e+01 3.69438605816178e-01 8.24917082602915e-01 4.02888295245789e+01
3.99426982033303e+01 4.65343242038288e-01 8.42612182234527e-01 4.10737383597001e+01
3.99426982033303e+01 4.65343242038288e-01 8.42612182234527e-01 4.10737383597001e+01
3.99860570386010e+01 5.72702855890160e-01 8.60555969668907e-01 4.18687044239722e+01
3.99860570386010e+01 5.72702855890160e-01 8.60555969668907e-01 4.18687044239722e+01
4.01720091268795e+01 6.85620919978360e-01 8.85429573094846e-01 4.26925395006933e+01
4.01720091268795e+01 6.85620919978360e-01 8.85429573094846e-01 4.26925395006933e+01
4.05433855558937e+01 8.01770384202155e-01 9.19215990398511e-01 4.35499039242110e+01
4.05433855558937e+01 8.01770384202155e-01 9.19215990398511e-01 4.35499039242110e+01
4.11001721566613e+01 9.15191050186022e-01 9.61803549442743e-01 4.44362887188067e+01
4.11001721566613e+01 9.15191050186022e-01 9.61803549442743e-01 4.44362887188067e+01
4.18423603632815e+01 1.02166234542550e+00 1.01312375186585e+00 4.53489319098074e+01
4.18423603632815e+01 1.02166234542550e+00 1.01312375186585e+00 4.53489319098074e+01
4.27699501757543e+01 1.12118426992060e+00 1.07317659766783e+00 4.62878334972131e+01
4.27699501757543e+01 1.12118426992060e+00 1.07317659766783e+00 4.62878334972131e+01
4.38829415940798e+01 1.21375682367131e+00 1.14196208684869e+00 4.72529934810238e+01
4.38829415940798e+01 1.21375682367131e+00 1.14196208684869e+00 4.72529934810238e+01
4.51813346182579e+01 1.29938000667763e+00 1.21948021940842e+00 4.82444118612396e+01
4.51813346182579e+01 1.29938000667763e+00 1.21948021940842e+00 4.82444118612396e+01
4.66651292482886e+01 1.37805381893957e+00 1.30573099534702e+00 4.92620886378604e+01
4.66651292482886e+01 1.37805381893957e+00 1.30573099534702e+00 4.92620886378604e+01
4.84013771299672e+01 1.45460774657698e+00 1.38827443961625e+00 5.05471699091318e+01
4.84013771299672e+01 1.45460774657698e+00 1.38827443961625e+00 5.05471699091318e+01
5.03914117063553e+01 1.52913783264266e+00 1.46686316084758e+00 5.21044513006903e+01
5.03914117063553e+01 1.52913783264266e+00 1.46686316084758e+00 5.21044513006903e+01
5.24926671422304e+01 1.60698784338874e+00 1.53478213307734e+00 5.39137412386933e+01
5.24926671422304e+01 1.60698784338874e+00 1.53478213307734e+00 5.39137412386933e+01
5.46623076669624e+01 1.68976338330748e+00 1.59001373889032e+00 5.59689729005784e+01
5.46623076669624e+01 1.68976338330748e+00 1.59001373889032e+00 5.59689729005784e+01
5.69003332805513e+01 1.77746445239889e+00 1.63255797828654e+00 5.82701462863455e+01
5.69003332805513e+01 1.77746445239889e+00 1.63255797828654e+00 5.82701462863455e+01
5.92067439829971e+01 1.87009105066295e+00 1.66241485126598e+00 6.08172613959947e+01
5.92067439829971e+01 1.87009105066295e+00 1.66241485126598e+00 6.08172613959947e+01
6.15815397742998e+01 1.96764317809968e+00 1.67958435782866e+00 6.36103182295259e+01
6.15815397742998e+01 1.96764317809968e+00 1.67958435782866e+00 6.36103182295259e+01
6.40260205375454e+01 2.07269066142227e+00 1.69717838907741e+00 6.66651346621436e+01
6.40260205375454e+01 2.07269066142227e+00 1.69717838907741e+00 6.66651346621436e+01
6.65456550247266e+01 2.19604504599912e+00 1.77036012188908e+00 7.00482582452945e+01
6.65456550247266e+01 2.19604504599912e+00 1.77036012188908e+00 7.00482582452945e+01
6.91404432358434e+01 2.33770633183022e+00 1.89912955626367e+00 7.37596889789784e+01
6.91404432358434e+01 2.33770633183022e+00 1.89912955626367e+00 7.37596889789784e+01
7.17433335251006e+01 2.49284503279571e+00 2.09592666724944e+00 7.75582807649497e+01
7.17433335251006e+01 2.49284503279571e+00 2.09592666724944e+00 7.75582807649497e+01
7.43529924494365e+01 2.66136510584279e+00 2.36099884621490e+00 8.14392379775721e+01
7.43529924494365e+01 2.66136510584279e+00 2.36099884621490e+00 8.14392379775721e+01
7.69694200088511e+01 2.84326655097145e+00 2.69434609316005e+00 8.54025606168455e+01
7.69694200088511e+01 2.84326655097145e+00 2.69434609316005e+00 8.54025606168455e+01
7.95926162033444e+01 3.03854936818171e+00 3.09596840808490e+00 8.94482486827699e+01
7.95926162033444e+01 3.03854936818171e+00 3.09596840808490e+00 8.94482486827699e+01
8.22225810329165e+01 3.24721355747356e+00 3.56586579098943e+00 9.35763021753454e+01
8.22225810329165e+01 3.24721355747356e+00 3.56586579098943e+00 9.35763021753454e+01
8.48986099711819e+01 3.46705227063655e+00 4.07147688907309e+00 9.77171852375539e+01
8.48986099711819e+01 3.46705227063655e+00 4.07147688907309e+00 9.77171852375539e+01
8.76787725725203e+01 3.69480430019879e+00 4.56468360950748e+00 1.01768140074184e+02
8.76787725725203e+01 3.69480430019879e+00 4.56468360950748e+00 1.01768140074184e+02
9.05617689538455e+01 3.92789981944707e+00 5.03237406118977e+00 1.05713348810032e+02
9.05617689538455e+01 3.92789981944707e+00 5.03237406118977e+00 1.05713348810032e+02
9.35421303631650e+01 4.15552728301301e+00 5.41938506724310e+00 1.09486263893649e+02
9.35421303631650e+01 4.15552728301301e+00 5.41938506724310e+00 1.09486263893649e+02
9.66198568004787e+01 4.37768669089662e+00 5.72571662766748e+00 1.13086885325038e+02
9.66198568004787e+01 4.37768669089662e+00 5.72571662766748e+00 1.13086885325038e+02
9.97949482657866e+01 4.59437804309788e+00 5.95136874246290e+00 1.16515213104197e+02
9.97949482657866e+01 4.59437804309788e+00 5.95136874246290e+00 1.16515213104197e+02
1.03067404759089e+02 4.80560133961680e+00 6.09634141162937e+00 1.19771247231127e+02
1.03067404759089e+02 4.80560133961680e+00 6.09634141162937e+00 1.19771247231127e+02
1.06437226280385e+02 5.01135658045339e+00 6.16063463516688e+00 1.22854987705828e+02
1.06437226280385e+02 5.01135658045339e+00 6.16063463516688e+00 1.22854987705828e+02
1.09823911249321e+02 5.23950200792037e+00 6.17783824304315e+00 1.25819165698766e+02
1.09823911249321e+02 5.23950200792037e+00 6.17783824304315e+00 1.25819165698766e+02
1.13177092736089e+02 5.50746751754174e+00 6.16896817806008e+00 1.28696773197798e+02
1.13177092736089e+02 5.50746751754174e+00 6.16896817806008e+00 1.28696773197798e+02
1.16457475267075e+02 5.81745995752796e+00 6.16658579301824e+00 1.31557346059942e+02
1.16457475267075e+02 5.81745995752796e+00 6.16658579301824e+00 1.31557346059942e+02
1.19606989287899e+02 6.17274053535090e+00 6.21880918074601e+00 1.34503642080410e+02
1.19606989287899e+02 6.17274053535090e+00 6.21880918074601e+00 1.34503642080410e+02
1.22625634798562e+02 6.57330925101057e+00 6.32563834124340e+00 1.37535661259202e+02
1.22625634798562e+02 6.57330925101057e+00 6.32563834124340e+00 1.37535661259202e+02
1.25513411799063e+02 7.01916610450697e+00 6.48707327451040e+00 1.40653403596317e+02
1.25513411799063e+02 7.01916610450697e+00 6.48707327451040e+00 1.40653403596317e+02
1.28270320289403e+02 7.51031109584011e+00 6.70311398054701e+00 1.43856869091756e+02
1.28270320289403e+02 7.51031109584011e+00 6.70311398054701e+00 1.43856869091756e+02
1.30896360269581e+02 8.04674422500998e+00 6.97376045935323e+00 1.47146057745519e+02
1.30896360269581e+02 8.04674422500998e+00 6.97376045935323e+00 1.47146057745519e+02
1.33333948089566e+02 8.64153742762034e+00 7.31046213163745e+00 1.50429968881994e+02
1.33333948089566e+02 8.64153742762034e+00 7.31046213163745e+00 1.50429968881994e+02
1.35571010665120e+02 9.29743138752187e+00 7.71561950206756e+00 1.53689523147548e+02
1.35571010665120e+02 9.29743138752187e+00 7.71561950206756e+00 1.53689523147548e+02
1.37688049576597e+02 9.98656786240183e+00 8.15564274067583e+00 1.56871989371716e+02
1.37688049576597e+02 9.98656786240183e+00 8.15564274067583e+00 1.56871989371716e+02
1.39735431753804e+02 1.06915169567362e+01 8.60951590466038e+00 1.59944375566639e+02
1.39735431753804e+02 1.06915169567362e+01 8.60951590466038e+00 1.59944375566639e+02
1.41713157196742e+02 1.14122786705251e+01 9.07723899402120e+00 1.62906681732319e+02
1.41713157196742e+02 1.14122786705251e+01 9.07723899402120e+00 1.62906681732319e+02
1.43621225905410e+02 1.21488530037684e+01 9.55881200875829e+00 1.65758907868755e+02
1.43621225905410e+02 1.21488530037684e+01 9.55881200875829e+00 1.65758907868755e+02
1.45459637879809e+02 1.29012399564661e+01 1.00542349488717e+01 1.68501053975946e+02
1.45459637879809e+02 1.29012399564661e+01 1.00542349488717e+01 1.68501053975946e+02
1.47222774496831e+02 1.36709397493413e+01 1.05632352647565e+01 1.71121919158880e+02
1.47222774496831e+02 1.36709397493413e+01 1.05632352647565e+01 1.71121919158880e+02
1.48769252914387e+02 1.44957028179648e+01 1.10789547213967e+01 1.73339652447854e+02
1.48769252914387e+02 1.44957028179648e+01 1.10789547213967e+01 1.73339652447854e+02
1.50099073132477e+02 1.53755291623365e+01 1.16013933187923e+01 1.75154253842868e+02
1.50099073132477e+02 1.53755291623365e+01 1.16013933187923e+01 1.75154253842868e+02
1.51269818801132e+02 1.62973468468527e+01 1.21191016362347e+01 1.76656724019532e+02
1.51269818801132e+02 1.62973468468527e+01 1.21191016362347e+01 1.76656724019532e+02
1.52293563004590e+02 1.72584151876627e+01 1.26296791690563e+01 1.77866142331480e+02
1.52293563004590e+02 1.72584151876627e+01 1.26296791690563e+01 1.77866142331480e+02
1.53170305742852e+02 1.82587341847665e+01 1.31331259172569e+01 1.78782508778712e+02
1.53170305742852e+02 1.82587341847665e+01 1.31331259172569e+01 1.78782508778712e+02
1.53900047015918e+02 1.92983038381641e+01 1.36294418808366e+01 1.79405823361228e+02
1.53900047015918e+02 1.92983038381641e+01 1.36294418808366e+01 1.79405823361228e+02
1.54482786823787e+02 2.03771241478555e+01 1.41186270597953e+01 1.79736086079027e+02
1.54482786823787e+02 2.03771241478555e+01 1.41186270597953e+01 1.79736086079027e+02
1.54874588221533e+02 2.14907019074228e+01 1.46033478584433e+01 1.79780335152237e+02
1.54874588221533e+02 2.14907019074228e+01 1.46033478584433e+01 1.79780335152237e+02
1.54943475481148e+02 2.26255406348255e+01 1.50916134965977e+01 1.79559711655337e+02
1.54943475481148e+02 2.26255406348255e+01 1.50916134965977e+01 1.79559711655337e+02
1.54695067225737e+02 2.37801401093408e+01 1.55836965238632e+01 1.79085416483342e+02
1.54695067225737e+02 2.37801401093408e+01 1.55836965238632e+01 1.79085416483342e+02
1.54270746297391e+02 2.49167498953978e+01 1.60864551752559e+01 1.78639300605955e+02
1.54270746297391e+02 2.49167498953978e+01 1.60864551752559e+01 1.78639300605955e+02
1.53670512696109e+02 2.60353699929966e+01 1.65998894507759e+01 1.78221364023173e+02
1.53670512696109e+02 2.60353699929966e+01 1.65998894507759e+01 1.78221364023173e+02
1.52894366421892e+02 2.71360004021371e+01 1.71239993504231e+01 1.77831606734999e+02
1.52894366421892e+02 2.71360004021371e+01 1.71239993504231e+01 1.77831606734999e+02
1.51942307474740e+02 2.82186411228193e+01 1.76587848741976e+01 1.77470028741432e+02
1.51942307474740e+02 2.82186411228193e+01 1.76587848741976e+01 1.77470028741432e+02
1.50814335854652e+02 2.92832921550433e+01 1.82042460220994e+01 1.77136630042472e+02
1.50814335854652e+02 2.92832921550433e+01 1.82042460220994e+01 1.77136630042472e+02
1.49497098581346e+02 3.03060949157155e+01 1.87497266502634e+01 1.76757487776047e+02
1.49497098581346e+02 3.03060949157155e+01 1.87497266502634e+01 1.76757487776047e+02
1.47975002835597e+02 3.12591887650937e+01 1.92827831452485e+01 1.76246279203678e+02
1.47975002835597e+02 3.12591887650937e+01 1.92827831452485e+01 1.76246279203678e+02
1.46291985562330e+02 3.21470669095960e+01 1.98007491027445e+01 1.75595966105237e+02
1.46291985562330e+02 3.21470669095960e+01 1.98007491027445e+01 1.75595966105237e+02
1.44580022489555e+02 3.29832258312627e+01 2.02956153029345e+01 1.74785407406245e+02
1.44580022489555e+02 3.29832258312627e+01 2.02956153029345e+01 1.74785407406245e+02
1.42839113617271e+02 3.37676655300937e+01 2.07673817458184e+01 1.73814603106701e+02
1.42839113617271e+02 3.37676655300937e+01 2.07673817458184e+01 1.73814603106701e+02
1.41069258945479e+02 3.45003860060890e+01 2.12160484313962e+01 1.72683553206606e+02
1.41069258945479e+02 3.45003860060890e+01 2.12160484313962e+01 1.72683553206606e+02
1.39270458474179e+02 3.51813872592486e+01 2.16416153596678e+01 1.71392257705960e+02
1.39270458474179e+02 3.51813872592486e+01 2.16416153596678e+01 1.71392257705960e+02
1.37442712203370e+02 3.58106692895726e+01 2.20440825306334e+01 1.69940716604762e+02
1.37442712203370e+02 3.58106692895726e+01 2.20440825306334e+01 1.69940716604762e+02
1.35488454425480e+02 3.63356138660405e+01 2.24112568654309e+01 1.68214561467566e+02
1.35488454425480e+02 3.63356138660405e+01 2.24112568654309e+01 1.68214561467566e+02
1.33360248034197e+02 3.67306376491687e+01 2.27372100067243e+01 1.66158185588227e+02
1.33360248034197e+02 3.67306376491687e+01 2.27372100067243e+01 1.66158185588227e+02
1.31071446009804e+02 3.70195992220506e+01 2.30325980983787e+01 1.63845511828817e+02
1.31071446009804e+02 3.70195992220506e+01 2.30325980983787e+01 1.63845511828817e+02
1.28637641171527e+02 3.72303592244285e+01 2.33098647538351e+01 1.61362862927816e+02
1.28637641171527e+02 3.72303592244285e+01 2.33098647538351e+01 1.61362862927816e+02
1.26058833519366e+02 3.73629176563024e+01 2.35690099730935e+01 1.58710238885223e+02
1.26058833519366e+02 3.73629176563024e+01 2.35690099730935e+01 1.58710238885223e+02
1.23335023053321e+02 3.74172745176721e+01 2.38100337561539e+01 1.55887639701038e+02
1.23335023053321e+02 3.74172745176721e+01 2.38100337561539e+01 1.55887639701038e+02
1.20466209773391e+02 3.73934298085378e+01 2.40329361030164e+01 1.52895065375262e+02
1.20466209773391e+02 3.73934298085378e+01 2.40329361030164e+01 1.52895065375262e+02
1.17452393679577e+02 3.72913835288994e+01 2.42377170136808e+01 1.49732515907894e+02
1.17452393679577e+02 3.72913835288994e+01 2.42377170136808e+01 1.49732515907894e+02
1.14269430104691e+02 3.70523798271828e+01 2.43609991126530e+01 1.46335481990436e+02
1.14269430104691e+02 3.70523798271828e+01 2.43609991126530e+01 1.46335481990436e+02
1.10914163035681e+02 3.66687385712485e+01 2.43944981762279e+01 1.42695531441236e+02
1.10914163035681e+02 3.66687385712485e+01 2.43944981762279e+01 1.42695531441236e+02
1.07484158180119e+02 3.61930779921171e+01 2.43504072832674e+01 1.38927032695742e+02
1.07484158180119e+02 3.61930779921171e+01 2.43504072832674e+01 1.38927032695742e+02
1.04026852644318e+02 3.56509814292723e+01 2.42346547911075e+01 1.35085592460098e+02
1.04026852644318e+02 3.56509814292723e+01 2.42346547911075e+01 1.35085592460098e+02
1.00542246428276e+02 3.50424488827139e+01 2.40472406997482e+01 1.31171210734304e+02
1.00542246428276e+02 3.50424488827139e+01 2.40472406997482e+01 1.31171210734304e+02
9.70303395319941e+01 3.43674803524421e+01 2.37881650091895e+01 1.27183887518361e+02
9.70303395319941e+01 3.43674803524421e+01 2.37881650091895e+01 1.27183887518361e+02
9.34911319554721e+01 3.36260758384567e+01 2.34574277194315e+01 1.23123622812268e+02
9.34911319554721e+01 3.36260758384567e+01 2.34574277194315e+01 1.23123622812268e+02
8.99269977979632e+01 3.28143206355491e+01 2.30530139004299e+01 1.18993414875788e+02
8.99269977979632e+01 3.28143206355491e+01 2.30530139004299e+01 1.18993414875788e+02
8.63603080794374e+01 3.18953266699442e+01 2.25559369659274e+01 1.14821516162533e+02
8.63603080794374e+01 3.18953266699442e+01 2.25559369659274e+01 1.14821516162533e+02
8.27910627998946e+01 3.08690939416420e+01 2.19661969159240e+01 1.10607926672503e+02
8.27910627998946e+01 3.08690939416420e+01 2.19661969159240e+01 1.10607926672503e+02
7.92434066265229e+01 2.97943783022166e+01 2.13471711259139e+01 1.06417155714198e+02
7.92434066265229e+01 2.97943783022166e+01 2.13471711259139e+01 1.06417155714198e+02
7.57204955723743e+01 2.86788598838075e+01 2.07071438196022e+01 1.02257635469266e+02
7.57204955723743e+01 2.86788598838075e+01 2.07071438196022e+01 1.02257635469266e+02
7.22223296374489e+01 2.75225386864145e+01 2.00461149969891e+01 9.81293659377092e+01
7.22223296374489e+01 2.75225386864145e+01 2.00461149969891e+01 9.81293659377092e+01
6.87489088217468e+01 2.63254147100376e+01 1.93640846580744e+01 9.40323471195267e+01
6.87489088217468e+01 2.63254147100376e+01 1.93640846580744e+01 9.40323471195267e+01
6.53002331252678e+01 2.50874879546770e+01 1.86610528028582e+01 8.99665790147187e+01
6.53002331252678e+01 2.50874879546770e+01 1.86610528028582e+01 8.99665790147187e+01
6.19001466449552e+01 2.38136363812991e+01 1.79384508082909e+01 8.59493546361230e+01
6.19001466449552e+01 2.38136363812991e+01 1.79384508082909e+01 8.59493546361230e+01
5.86023505331160e+01 2.25148460266344e+01 1.71995023901543e+01 8.20196209280702e+01
5.86023505331160e+01 2.25148460266344e+01 1.71995023901543e+01 8.20196209280702e+01
5.54044706904972e+01 2.11950315958915e+01 1.64462224784926e+01 7.81743796307979e+01
5.54044706904972e+01 2.11950315958915e+01 1.64462224784926e+01 7.81743796307979e+01
5.22841360971287e+01 1.98910811628456e+01 1.56975976595631e+01 7.43853782906941e+01
5.22841360971287e+01 1.98910811628456e+01 1.56975976595631e+01 7.43853782906941e+01
4.92413467530106e+01 1.86029947274966e+01 1.49536279333658e+01 7.06526169077589e+01
4.92413467530106e+01 1.86029947274966e+01 1.49536279333658e+01 7.06526169077589e+01
4.62761026581428e+01 1.73307722898446e+01 1.42143132999008e+01 6.69760954819921e+01
4.62761026581428e+01 1.73307722898446e+01 1.42143132999008e+01 6.69760954819921e+01
4.33884038125253e+01 1.60744138498896e+01 1.34796537591681e+01 6.33558140133939e+01
4.33884038125253e+01 1.60744138498896e+01 1.34796537591681e+01 6.33558140133939e+01
4.05782502161581e+01 1.48339194076315e+01 1.27496493111675e+01 5.97917725019641e+01
4.05782502161581e+01 1.48339194076315e+01 1.27496493111675e+01 5.97917725019641e+01
3.78828013395458e+01 1.36361833555196e+01 1.20348857422643e+01 5.63200289281146e+01
3.78828013395458e+01 1.36361833555196e+01 1.20348857422643e+01 5.63200289281146e+01
3.53364917341492e+01 1.25061279092965e+01 1.13451725788157e+01 5.29739971259285e+01
3.53364917341492e+01 1.25061279092965e+01 1.13451725788157e+01 5.29739971259285e+01
3.29154773030252e+01 1.14388751079956e+01 1.06790784438714e+01 4.97363840825678e+01
3.29154773030252e+01 1.14388751079956e+01 1.06790784438714e+01 4.97363840825678e+01
3.05660568938665e+01 1.04234389148866e+01 1.00333796216495e+01 4.65682428537021e+01
3.05660568938665e+01 1.04234389148866e+01 1.00333796216495e+01 4.65682428537021e+01
2.82882305066732e+01 9.45981932996950e+00 9.40807611214995e+00 4.34695734393311e+01
2.82882305066732e+01 9.45981932996950e+00 9.40807611214995e+00 4.34695734393311e+01
2.60819981414453e+01 8.54801635324429e+00 8.80316791537279e+00 4.04403758394551e+01
2.60819981414453e+01 8.54801635324429e+00 8.80316791537279e+00 4.04403758394551e+01
2.39473597981827e+01 7.68802998471098e+00 8.21865503131801e+00 3.74806500540739e+01
2.39473597981827e+01 7.68802998471098e+00 8.21865503131801e+00 3.74806500540739e+01
2.18843154768854e+01 6.87986022436956e+00 7.65453745998562e+00 3.45903960831876e+01
2.18843154768854e+01 6.87986022436956e+00 7.65453745998562e+00 3.45903960831876e+01
1.99535702738994e+01 6.15124517750456e+00 7.12110646975374e+00 3.18494600550878e+01
1.99535702738994e+01 6.15124517750456e+00 7.12110646975374e+00 3.18494600550878e+01
1.81775113701940e+01 5.51241426504002e+00 6.62215733484898e+00 2.92872880926105e+01
1.81775113701940e+01 5.51241426504002e+00 6.62215733484898e+00 2.92872880926105e+01
1.65189792952647e+01 4.93647309452672e+00 6.14710426890632e+00 2.68678222153441e+01
1.65189792952647e+01 4.93647309452672e+00 6.14710426890632e+00 2.68678222153441e+01
1.49435394976507e+01 4.39849945022199e+00 5.68613774556841e+00 2.45576485892054e+01
1.49435394976507e+01 4.39849945022199e+00 5.68613774556841e+00 2.45576485892054e+01
1.34511919773520e+01 3.89849333212581e+00 5.23925776483525e+00 2.23567672141944e+01
1.34511919773520e+01 3.89849333212581e+00 5.23925776483525e+00 2.23567672141944e+01
1.20419367343686e+01 3.43645474023819e+00 4.80646432670684e+00 2.02651780903110e+01
1.20419367343686e+01 3.43645474023819e+00 4.80646432670684e+00 2.02651780903110e+01
1.07157737687004e+01 3.01238367455912e+00 4.38775743118317e+00 1.82828812175553e+01
1.07157737687004e+01 3.01238367455912e+00 4.38775743118317e+00 1.82828812175553e+01
9.47270308034759e+00 2.62628013508862e+00 3.98313707826425e+00 1.64098765959273e+01
9.47270308034759e+00 2.62628013508862e+00 3.98313707826425e+00 1.64098765959273e+01
8.37158138298274e+00 2.29460190308967e+00 3.60702205267786e+00 1.47248612210512e+01
8.37158138298274e+00 2.29460190308967e+00 3.60702205267786e+00 1.47248612210512e+01
7.41602468629025e+00 2.01836010359317e+00 3.26029820859356e+00 1.32326700400477e+01
7.41602468629025e+00 2.01836010359317e+00 3.26029820859356e+00 1.32326700400477e+01
6.54532789392432e+00 1.76981663131458e+00 2.93267427763322e+00 1.18534569246253e+01
6.54532789392432e+00 1.76981663131458e+00 2.93267427763322e+00 1.18534569246253e+01
5.73710382491547e+00 1.53874206532989e+00 2.62035498557022e+00 1.05577757519478e+01
5.73710382491547e+00 1.53874206532989e+00 2.62035498557022e+00 1.05577757519478e+01
4.99135247926371e+00 1.32513640563909e+00 2.32334033240457e+00 9.34562652201529e+00
4.99135247926371e+00 1.32513640563909e+00 2.32334033240457e+00 9.34562652201529e+00
4.30807385696903e+00 1.12899965224218e+00 2.04163031813624e+00 8.21700923482772e+00
4.30807385696903e+00 1.12899965224218e+00 2.04163031813624e+00 8.21700923482772e+00
3.68726795803143e+00 9.50331805139156e-01 1.77522494276526e+00 7.17192389038510e+00
3.68726795803143e+00 9.50331805139156e-01 1.77522494276526e+00 7.17192389038510e+00
3.13336955990761e+00 7.90618132120379e-01 1.52647492297902e+00 6.21777349077609e+00
3.13336955990761e+00 7.90618132120379e-01 1.52647492297902e+00 6.21777349077609e+00
2.67080435336124e+00 6.58039132005127e-01 1.30832744258552e+00 5.39533199625130e+00
2.67080435336124e+00 6.58039132005127e-01 1.30832744258552e+00 5.39533199625130e+00
2.29957233839229e+00 5.52594804793401e-01 1.12078250158477e+00 4.70459940681073e+00
2.29957233839229e+00 5.52594804793401e-01 1.12078250158477e+00 4.70459940681073e+00
1.96081680132808e+00 4.57827369222204e-01 9.49421315248981e-01 4.06687872683018e+00
1.96081680132808e+00 4.57827369222204e-01 9.49421315248981e-01 4.06687872683018e+00
1.65092173248422e+00 3.72725700260641e-01 7.93358029408597e-01 3.47733500918890e+00
1.65092173248422e+00 3.72725700260641e-01 7.93358029408597e-01 3.47733500918890e+00
1.36988713186071e+00 2.97289797908714e-01 6.52592644063621e-01 2.93596825388688e+00
1.36988713186071e+00 2.97289797908714e-01 6.52592644063621e-01 2.93596825388688e+00
1.11771299945754e+00 2.31519662166421e-01 5.27125159214053e-01 2.44277846092413e+00
1.11771299945754e+00 2.31519662166421e-01 5.27125159214053e-01 2.44277846092413e+00
8.94399335274727e-01 1.75415293033764e-01 4.16955574859893e-01 1.99776563030063e+00
8.94399335274727e-01 1.75415293033764e-01 4.16955574859893e-01 1.99776563030063e+00
7.04671086011126e-01 1.30008838127363e-01 3.24359354686078e-01 1.61085480837358e+00
7.04671086011126e-01 1.30008838127363e-01 3.24359354686078e-01 1.61085480837358e+00
5.56741033687053e-01 9.70943501484134e-02 2.53291651719835e-01 1.29929745795683e+00
5.56741033687053e-01 9.70943501484134e-02 2.53291651719835e-01 1.29929745795683e+00
4.46174400845800e-01 7.51865613065611e-02 2.01401749273758e-01 1.05569057696174e+00
4.46174400845800e-01 7.51865613065611e-02 2.01401749273758e-01 1.05569057696174e+00
3.48545496723726e-01 5.61049727825245e-02 1.55742463539844e-01 8.39260205137697e-01
3.48545496723726e-01 5.61049727825245e-02 1.55742463539844e-01 8.39260205137697e-01
2.63854321320831e-01 3.98495845763037e-02 1.16313794518096e-01 6.50006342484696e-01
2.63854321320831e-01 3.98495845763037e-02 1.16313794518096e-01 6.50006342484696e-01
1.92100874637115e-01 2.64203966878985e-02 8.31157422085111e-02 4.87928989002740e-01
1.92100874637115e-01 2.64203966878985e-02 8.31157422085111e-02 4.87928989002740e-01
1.33285156672577e-01 1.58174091173090e-02 5.61483066110910e-02 3.53028144691828e-01
1.33285156672577e-01 1.58174091173090e-02 5.61483066110910e-02 3.53028144691828e-01
8.74071674272187e-02 8.04062186453514e-03 3.54114877258352e-02 2.45303809551960e-01
8.74071674272187e-02 8.04062186453514e-03 3.54114877258352e-02 2.45303809551960e-01
5.51468818169767e-02 3.10908696891564e-03 2.11544668953569e-02 1.66745717485017e-01
5.51468818169767e-02 3.10908696891564e-03 2.11544668953569e-02 1.66745717485017e-01
3.70032999045827e-02 1.03678578270675e-03 1.35601060204130e-02 1.18814036092163e-01
3.70032999045827e-02 1.03678578270675e-03 1.35601060204130e-02 1.18814036092163e-01
2.82514749911683e-02 7.91570689286310e-04 1.03529414160666e-02 9.15837190162134e-02
2.82514749911683e-02 7.91570689286310e-04 1.03529414160666e-02 9.15837190162134e-02
2.06786250564228e-02 5.79388987460753e-04 7.57782005509013e-03 6.78033034433072e-02
2.06786250564228e-02 5.79388987460753e-04 7.57782005509013e-03 6.78033034433072e-02
1.69216970419044e-02 4.74124603955783e-04 6.20106872968685e-03 5.59994092630190e-02
1.69216970419044e-02 4.74124603955783e-04 6.20106872968685e-03 5.59994092630190e-02
9.40784101286755e-03 2.63595836945844e-04 3.44756607888029e-03 3.23916209024429e-02
9.40784101286755e-03 2.63595836945844e-04 3.44756607888029e-03 3.23916209024429e-02
1.89398498383073e-03 5.30670699359051e-05 6.94063428073727e-04 8.78383254186674e-03
1.89398498383073e-03 5.30670699359051e-05 6.94063428073727e-04 8.78383254186674e-03
0.00000000000000e+00 0.00000000000000e+00 0.00000000000000e+00 0.00000000000000e+00
0.00000000000000e+00 0.00000000000000e+00 0.00000000000000e+00 0.00000000000000e+00
0.00000000000000e+00 0.00000000000000e+00 0.00000000000000e+00 0.00000000000000e+00
0.00000000000000e+00 0.00000000000000e+00 0.00000000000000e+00 0.00000000000000e+00
---