0.000000000000000000e+00
0.000000000000000000e+00
0.000000000000000000e+00
0.000000000000000000e+00
0.000000000000000000e+00
0.000000000000000000e+00
0.000000000000000000e+00
0.000000000000000000e+00
0.000000000000000000e+00
0.000000000000000000e+00
0.000000000000000000e+00
0.000000000000000000e+00
0.000000000000000000e+00
0.000000000000000000e+00
0.000000000000000000e+00
0.000000000000000000e+00
0.000000000000000000e+00
0.000000000000000000e+00
0.000000000000000000e+00
0.000000000000000000e+00
1.490625188502241372e+02
1.679886275955986150e+02
1.847568010402431469e+02
1.992957403419630680e+02
2.088646021284570509e+02
2.108920749494832592e+02
2.053165431855516943e+02
1.915262060143038525e+02
1.704224819729398632e+02
1.435318081942832293e+02
1.127665301578571615e+02
8.299205483288099572e+01
5.870784764996862748e+01
3.597689084691096184e+01
1.802252554043395705e+01
6.486777907373454610e+00
1.534431487321110454e+00
1.427837232619464380e-01
0.000000000000000000e+00
0.000000000000000000e+00
0.000000000000000000e+00
