7.574399519054362884e+01
8.047092283958464805e+02
1.763316542493376573e+03
2.504259091037143207e+03
3.019626430811942555e+03
3.301888469884238475e+03
3.459873531277306938e+03
3.528952070107771306e+03
3.494816460417187500e+03
3.421044286303409990e+03
3.289661744011317296e+03
3.155918227694053712e+03
3.023610451226271834e+03
2.839299436938345480e+03
2.644437346505444566e+03
2.518657325254098396e+03
2.372192285744084074e+03
2.216622820940105157e+03
2.034749917773565130e+03
1.905980101524957945e+03
1.789763728943021533e+03
1.666338186408087267e+03
1.538839266733068598e+03
1.436946020225494976e+03
1.335904208945783921e+03
1.229661626839511428e+03
1.144643156801152600e+03
1.058540010174108602e+03
9.808401129260496418e+02
9.163586630591378253e+02
8.424766033750979659e+02
7.795256775002970926e+02
7.151695663304988102e+02
6.818329014180443437e+02
6.200818840102566583e+02
5.862455611938581796e+02
5.306708047054911503e+02
4.909878929100653409e+02
4.582134697951908606e+02
4.110862854934284201e+02
3.902182678697960228e+02
3.521138421911894625e+02
3.364034979735270099e+02
3.051128700935089455e+02
2.759941834788139090e+02
2.598748187643298593e+02
2.243719452057820831e+02
2.154057169277613752e+02
1.997189248660390888e+02
1.857926494987560773e+02
1.729905055880761324e+02
1.523039915785779215e+02
1.404807648757657432e+02
1.269941760066550529e+02
1.136702416902250121e+02
1.081712484430220655e+02
9.768225849609554245e+01
8.438951017466352766e+01
8.207243666281732430e+01
7.603237739996950495e+01
6.507246419512028979e+01
5.603775871403129116e+01
5.606824081015331274e+01
4.956273171103927666e+01
4.512332911633957622e+01
4.058268618201284994e+01
4.001644185781065488e+01
3.157016825233637647e+01
3.118984761081075519e+01
2.912374532282053252e+01
2.676494706693320325e+01
2.112873305112751510e+01
2.037565371425909078e+01
1.749674953903626218e+01
1.405168830663704682e+01
1.382365686679529482e+01
1.322288904234764040e+01
1.275145787843117873e+01
9.506899567465605827e+00
7.762420931397035595e+00
8.123502420728305751e+00
6.992676173942286688e+00
6.217883648873810287e+00
6.164462900951695801e+00
4.981080041831992489e+00
4.216589066540050723e+00
3.537094916171434456e+00
2.707481743048651079e+00
2.283114140396683478e+00
2.559410444865307444e+00
1.969938826151933497e+00
2.287062796020541189e+00
1.883485742005521324e+00
1.492505142607583934e+00
1.400887843635589602e+00
1.347149563320230614e+00
5.506783421207096518e-01
6.405207999409956443e-01
9.317330224903443980e-01
5.439307889939865026e-01
