0.000000000000000000e+00
0.000000000000000000e+00
0.000000000000000000e+00
0.000000000000000000e+00
0.000000000000000000e+00
0.000000000000000000e+00
0.000000000000000000e+00
0.000000000000000000e+00
0.000000000000000000e+00
0.000000000000000000e+00
0.000000000000000000e+00
0.000000000000000000e+00
0.000000000000000000e+00
0.000000000000000000e+00
0.000000000000000000e+00
0.000000000000000000e+00
0.000000000000000000e+00
0.000000000000000000e+00
0.000000000000000000e+00
0.000000000000000000e+00
0.000000000000000000e+00
0.000000000000000000e+00
0.000000000000000000e+00
0.000000000000000000e+00
0.000000000000000000e+00
0.000000000000000000e+00
0.000000000000000000e+00
0.000000000000000000e+00
0.000000000000000000e+00
0.000000000000000000e+00
0.000000000000000000e+00
0.000000000000000000e+00
0.000000000000000000e+00
0.000000000000000000e+00
0.000000000000000000e+00
0.000000000000000000e+00
0.000000000000000000e+00
0.000000000000000000e+00
0.000000000000000000e+00
0.000000000000000000e+00
0.000000000000000000e+00
0.000000000000000000e+00
0.000000000000000000e+00
0.000000000000000000e+00
0.000000000000000000e+00
0.000000000000000000e+00
0.000000000000000000e+00
0.000000000000000000e+00
0.000000000000000000e+00
0.000000000000000000e+00
0.000000000000000000e+00
0.000000000000000000e+00
2.791129729624016527e-04
2.320446945127875474e-04
1.169198312390984590e-03
1.081126405140211922e-03
9.878306676644643854e-04
4.136526781879921663e-03
2.347748585456238806e-03
3.820323817817223265e-03
7.620121252084641889e-03
5.123206637437611316e-03
4.756344620733266026e-03
1.036565992901881429e-02
1.237141093918107948e-02
1.429047805952552569e-02
2.443390938755043637e-02
3.206872632376690790e-02
3.440173383790884332e-02
6.164908092897537772e-02
8.301204342571905093e-02
1.103492193844036739e-01
1.489044294286737125e-01
1.849875091437287733e-01
2.368465280897731340e-01
2.773338860411176388e-01
3.492596339391109694e-01
4.276619802300526962e-01
4.850315445696170569e-01
6.031681233908753326e-01
6.563240856897784026e-01
7.634107844918952557e-01
8.690529329116346569e-01
9.627699780124721052e-01
1.085240786081736797e+00
1.164855634219304381e+00
1.237982792288308653e+00
1.366778408772716169e+00
1.503764984181230169e+00
1.568989503832238341e+00
1.712078377891901093e+00
1.793112352182802738e+00
1.892099849108746845e+00
2.028328570407319287e+00
2.060801553624973526e+00
2.246409583267202414e+00
2.381149774899378624e+00
2.518313553005069760e+00
2.625631304220283013e+00
2.911134547352277835e+00
3.012008769632667615e+00
3.214150061295289351e+00
3.451974137530890996e+00
3.676347643864510406e+00
3.888847465026974426e+00
4.037831760311988205e+00
4.285198556192550967e+00
4.483398402887266876e+00
4.786567496595367288e+00
5.008522058110707498e+00
5.251369598072054501e+00
5.348140191824679590e+00
5.670842335098583042e+00
6.731186480495841451e+00
7.704186591429438735e+00
8.087759114333209709e+00
8.434720384792935732e+00
8.427889533276987422e+00
8.428498099747592676e+00
8.308958485090998991e+00
8.112268092729726376e+00
7.786351423916629599e+00
7.829345421759692947e+00
7.506523673875965308e+00
7.439570784577163920e+00
7.636676170692466847e+00
7.928957326077360257e+00
8.021726926370373434e+00
7.918324133889038663e+00
8.045191338456495700e+00
8.050453165130253552e+00
7.959322638545753392e+00
7.836923951812514666e+00
7.559788084333085578e+00
7.509820156640118149e+00
7.314188849161429751e+00
7.109908341618642602e+00
6.906490866012053864e+00
6.726240238521921100e+00
6.514287055570551210e+00
6.269163882599187332e+00
6.033633869990577381e+00
5.775392806516430610e+00
5.620033570659743738e+00
5.372513454710357905e+00
5.031476332000556440e+00
4.720103878366680661e+00
4.444046547599197261e+00
4.101475474827968704e+00
3.877381674687173874e+00
3.649178163925245411e+00
3.399725367526038600e+00
3.157871598267191882e+00
2.917665092651295033e+00
2.682561958863790785e+00
2.473997735213235405e+00
2.333126408532475438e+00
2.103452698097785678e+00
1.889226043226547747e+00
1.670668150712654398e+00
1.495171021491876751e+00
1.331117891936506537e+00
1.195079269282115275e+00
1.040913878816357663e+00
9.128739958213347716e-01
7.832790402153203546e-01
6.854910733670550593e-01
5.690167480848996595e-01
4.798112746133499362e-01
3.952738313704037276e-01
3.240388348822801357e-01
2.584977431853097696e-01
2.048664288064948880e-01
1.653990495009220185e-01
1.308173318688861664e-01
1.060075177147990488e-01
8.313565328897178086e-02
6.019236034704399801e-02
4.164781916150661623e-02
2.812970839420566443e-02
1.890725043088167800e-02
1.392236296665206978e-02
1.141324822543520953e-02
8.821287971772959549e-03
6.149659034477220586e-03
4.510702653499697179e-03
3.096961357117285468e-03
2.099981766638790107e-03
1.385430318072299397e-03
6.376059752906897528e-04
3.335474233250206013e-06
0.000000000000000000e+00
0.000000000000000000e+00
0.000000000000000000e+00
0.000000000000000000e+00
0.000000000000000000e+00
0.000000000000000000e+00
0.000000000000000000e+00
0.000000000000000000e+00
0.000000000000000000e+00
0.000000000000000000e+00
