0.000000000000000000e+00
0.000000000000000000e+00
0.000000000000000000e+00
0.000000000000000000e+00
0.000000000000000000e+00
0.000000000000000000e+00
0.000000000000000000e+00
0.000000000000000000e+00
0.000000000000000000e+00
0.000000000000000000e+00
0.000000000000000000e+00
0.000000000000000000e+00
0.000000000000000000e+00
0.000000000000000000e+00
0.000000000000000000e+00
0.000000000000000000e+00
0.000000000000000000e+00
0.000000000000000000e+00
0.000000000000000000e+00
0.000000000000000000e+00
0.000000000000000000e+00
0.000000000000000000e+00
0.000000000000000000e+00
0.000000000000000000e+00
0.000000000000000000e+00
0.000000000000000000e+00
0.000000000000000000e+00
0.000000000000000000e+00
0.000000000000000000e+00
0.000000000000000000e+00
0.000000000000000000e+00
0.000000000000000000e+00
0.000000000000000000e+00
0.000000000000000000e+00
0.000000000000000000e+00
0.000000000000000000e+00
0.000000000000000000e+00
0.000000000000000000e+00
0.000000000000000000e+00
0.000000000000000000e+00
0.000000000000000000e+00
0.000000000000000000e+00
0.000000000000000000e+00
0.000000000000000000e+00
0.000000000000000000e+00
0.000000000000000000e+00
0.000000000000000000e+00
0.000000000000000000e+00
0.000000000000000000e+00
0.000000000000000000e+00
0.000000000000000000e+00
0.000000000000000000e+00
0.000000000000000000e+00
0.000000000000000000e+00
0.000000000000000000e+00
0.000000000000000000e+00
0.000000000000000000e+00
0.000000000000000000e+00
0.000000000000000000e+00
0.000000000000000000e+00
0.000000000000000000e+00
0.000000000000000000e+00
0.000000000000000000e+00
0.000000000000000000e+00
0.000000000000000000e+00
0.000000000000000000e+00
0.000000000000000000e+00
0.000000000000000000e+00
0.000000000000000000e+00
0.000000000000000000e+00
0.000000000000000000e+00
0.000000000000000000e+00
0.000000000000000000e+00
0.000000000000000000e+00
0.000000000000000000e+00
0.000000000000000000e+00
0.000000000000000000e+00
0.000000000000000000e+00
0.000000000000000000e+00
0.000000000000000000e+00
0.000000000000000000e+00
0.000000000000000000e+00
0.000000000000000000e+00
0.000000000000000000e+00
0.000000000000000000e+00
0.000000000000000000e+00
0.000000000000000000e+00
0.000000000000000000e+00
0.000000000000000000e+00
0.000000000000000000e+00
0.000000000000000000e+00
0.000000000000000000e+00
0.000000000000000000e+00
0.000000000000000000e+00
0.000000000000000000e+00
0.000000000000000000e+00
0.000000000000000000e+00
0.000000000000000000e+00
0.000000000000000000e+00
0.000000000000000000e+00
3.430076868931629885e+00
3.511145799826934422e+00
3.587943283254225957e+00
3.698881597525631282e+00
3.823744443096257051e+00
3.999731672338673771e+00
4.077549281826293281e+00
4.087429076516232662e+00
4.255037388188912750e+00
4.343514121337252121e+00
4.388542389575371239e+00
4.530940291531461384e+00
4.634108899864957110e+00
4.656969647425983183e+00
4.822411002866247465e+00
4.895865953650850422e+00
4.992693853694095019e+00
5.022462906326994769e+00
5.103897620966463045e+00
5.146855379089241289e+00
5.257716162477096056e+00
5.327794361945315416e+00
5.379477437008500118e+00
5.438587732174140044e+00
5.469214904064843452e+00
5.495590227785630333e+00
5.449358458158021001e+00
5.488198107038928519e+00
5.462103783251127886e+00
5.488986172742006175e+00
5.487945173662713394e+00
5.468393682268660960e+00
5.460126460337900056e+00
5.419781537794620796e+00
5.306784045668625716e+00
5.264867778154311395e+00
5.219386943840408577e+00
5.162019395109815001e+00
5.115753036335886961e+00
5.013483561905293762e+00
4.892017944300377508e+00
4.762721307728543962e+00
4.605208204778618253e+00
4.515147364048718082e+00
4.395385437236412507e+00
4.253802926451663247e+00
4.111871822270853905e+00
3.960540812663508881e+00
3.803687231696279536e+00
3.645952278545873337e+00
3.466645823574054042e+00
3.312407646835242581e+00
3.163128157098541671e+00
2.944410370781457509e+00
2.771972262890401328e+00
2.622205598414856009e+00
2.423419367613753206e+00
2.245256888247449290e+00
2.100523032242194610e+00
1.956943154944573715e+00
1.787155166611081647e+00
1.651032329741937588e+00
1.499641678188326388e+00
1.352225402148673705e+00
1.205512697482343576e+00
1.076060725699358622e+00
9.592707860142486442e-01
8.622940687071515287e-01
7.623289146483189782e-01
6.528763112883232411e-01
5.602182655435672398e-01
4.763103949951458249e-01
3.967429786282304360e-01
3.344752821467850135e-01
2.750347605649515192e-01
2.248088563151710295e-01
1.791896269375608530e-01
1.345270931986321250e-01
1.014638826092837259e-01
7.263183852315643896e-02
5.259117382107633687e-02
4.243012321842817153e-02
3.413830829794743671e-02
2.731380104913120818e-02
2.000944747021731265e-02
1.433531787517913769e-02
1.019398615551871806e-02
6.699230986589835464e-03
4.860747550069913561e-03
1.768001427293754797e-03
6.183157667229450941e-05
0.000000000000000000e+00
0.000000000000000000e+00
0.000000000000000000e+00
0.000000000000000000e+00
0.000000000000000000e+00
0.000000000000000000e+00
0.000000000000000000e+00
0.000000000000000000e+00
0.000000000000000000e+00
0.000000000000000000e+00
