0.000000000000000000e+00
0.000000000000000000e+00
0.000000000000000000e+00
0.000000000000000000e+00
0.000000000000000000e+00
0.000000000000000000e+00
0.000000000000000000e+00
0.000000000000000000e+00
0.000000000000000000e+00
0.000000000000000000e+00
0.000000000000000000e+00
0.000000000000000000e+00
0.000000000000000000e+00
0.000000000000000000e+00
0.000000000000000000e+00
0.000000000000000000e+00
0.000000000000000000e+00
0.000000000000000000e+00
0.000000000000000000e+00
0.000000000000000000e+00
0.000000000000000000e+00
0.000000000000000000e+00
0.000000000000000000e+00
0.000000000000000000e+00
0.000000000000000000e+00
0.000000000000000000e+00
0.000000000000000000e+00
0.000000000000000000e+00
0.000000000000000000e+00
0.000000000000000000e+00
0.000000000000000000e+00
0.000000000000000000e+00
0.000000000000000000e+00
0.000000000000000000e+00
0.000000000000000000e+00
0.000000000000000000e+00
0.000000000000000000e+00
0.000000000000000000e+00
0.000000000000000000e+00
0.000000000000000000e+00
0.000000000000000000e+00
0.000000000000000000e+00
0.000000000000000000e+00
0.000000000000000000e+00
0.000000000000000000e+00
0.000000000000000000e+00
0.000000000000000000e+00
0.000000000000000000e+00
0.000000000000000000e+00
0.000000000000000000e+00
0.000000000000000000e+00
0.000000000000000000e+00
0.000000000000000000e+00
0.000000000000000000e+00
0.000000000000000000e+00
0.000000000000000000e+00
0.000000000000000000e+00
0.000000000000000000e+00
0.000000000000000000e+00
0.000000000000000000e+00
0.000000000000000000e+00
0.000000000000000000e+00
0.000000000000000000e+00
0.000000000000000000e+00
0.000000000000000000e+00
0.000000000000000000e+00
0.000000000000000000e+00
0.000000000000000000e+00
0.000000000000000000e+00
0.000000000000000000e+00
0.000000000000000000e+00
0.000000000000000000e+00
0.000000000000000000e+00
0.000000000000000000e+00
0.000000000000000000e+00
0.000000000000000000e+00
0.000000000000000000e+00
0.000000000000000000e+00
0.000000000000000000e+00
0.000000000000000000e+00
0.000000000000000000e+00
0.000000000000000000e+00
0.000000000000000000e+00
0.000000000000000000e+00
0.000000000000000000e+00
0.000000000000000000e+00
0.000000000000000000e+00
0.000000000000000000e+00
0.000000000000000000e+00
0.000000000000000000e+00
0.000000000000000000e+00
0.000000000000000000e+00
0.000000000000000000e+00
0.000000000000000000e+00
0.000000000000000000e+00
0.000000000000000000e+00
0.000000000000000000e+00
0.000000000000000000e+00
0.000000000000000000e+00
0.000000000000000000e+00
0.000000000000000000e+00
0.000000000000000000e+00
0.000000000000000000e+00
6.009736491772992295e-01
7.273087776503730062e+00
2.244647575087662261e+01
4.230570556026757600e+01
6.773950613353669326e+01
9.902119212696185002e+01
1.429011103469574948e+02
1.956923479146990132e+02
2.448103337893465437e+02
3.040579162489719351e+02
3.788410967708692851e+02
4.691123619761593773e+02
5.644468444268729854e+02
6.900108675127875131e+02
8.191053201359163722e+02
9.724660768398917980e+02
1.114219435331128579e+03
1.269419027280184309e+03
1.475520014032731297e+03
1.631076288394619269e+03
1.850869659870787928e+03
2.123516364095065455e+03
2.448402759887989760e+03
2.716340717218494319e+03
3.097444797458513221e+03
3.429168632480140332e+03
3.755206509298511719e+03
4.087172913556997173e+03
4.450335648228779974e+03
4.784992404401307795e+03
5.139761077352438406e+03
5.554327480286361606e+03
5.776619523651292184e+03
6.109598579281996535e+03
6.455647283032129053e+03
6.710504517079094512e+03
7.098599807178530682e+03
7.365670069937138578e+03
7.649143805042289387e+03
8.045666281868159786e+03
8.199857850846276051e+03
8.464987049398036106e+03
8.733108593579067019e+03
8.924719269870231074e+03
9.171602285054872482e+03
9.273718813943209170e+03
9.313079511906133121e+03
9.411392464721651777e+03
9.443029303192231964e+03
9.448952854678100266e+03
9.415315950176853221e+03
9.358474710485930700e+03
9.317255900116089833e+03
9.243161629657575759e+03
9.013476694146271257e+03
8.748723906458262718e+03
8.421363374309239589e+03
8.049492337783438415e+03
7.784734433520619859e+03
7.619409518369206125e+03
7.355663914534556170e+03
7.066421254205372861e+03
6.689055993143520027e+03
6.209651291876384676e+03
5.721865304710135206e+03
5.305469609337801558e+03
5.150138175731259253e+03
4.866340668078324597e+03
4.520895900414665448e+03
4.129992312898996715e+03
3.654464992467942466e+03
3.199601464679016772e+03
2.850492741294000098e+03
2.637203703789778046e+03
2.442252177770807521e+03
2.087308224771069490e+03
1.780672242791330063e+03
1.399441499102925718e+03
9.850519301217975681e+02
7.405480829965362091e+02
6.841392812320591474e+02
6.262283473184148761e+02
4.867295727481572953e+02
3.689557779904300787e+02
2.629964704242874518e+02
1.231246799750816621e+02
2.581343255568850736e+02
1.247633515520323755e+02
0.000000000000000000e+00
0.000000000000000000e+00
0.000000000000000000e+00
0.000000000000000000e+00
0.000000000000000000e+00
0.000000000000000000e+00
0.000000000000000000e+00
0.000000000000000000e+00
0.000000000000000000e+00
0.000000000000000000e+00
