0.000000000000000000e+00
0.000000000000000000e+00
0.000000000000000000e+00
0.000000000000000000e+00
0.000000000000000000e+00
0.000000000000000000e+00
0.000000000000000000e+00
0.000000000000000000e+00
0.000000000000000000e+00
0.000000000000000000e+00
0.000000000000000000e+00
0.000000000000000000e+00
0.000000000000000000e+00
0.000000000000000000e+00
0.000000000000000000e+00
0.000000000000000000e+00
0.000000000000000000e+00
0.000000000000000000e+00
0.000000000000000000e+00
0.000000000000000000e+00
0.000000000000000000e+00
0.000000000000000000e+00
0.000000000000000000e+00
0.000000000000000000e+00
0.000000000000000000e+00
0.000000000000000000e+00
0.000000000000000000e+00
0.000000000000000000e+00
0.000000000000000000e+00
0.000000000000000000e+00
0.000000000000000000e+00
0.000000000000000000e+00
0.000000000000000000e+00
0.000000000000000000e+00
0.000000000000000000e+00
0.000000000000000000e+00
0.000000000000000000e+00
0.000000000000000000e+00
0.000000000000000000e+00
0.000000000000000000e+00
0.000000000000000000e+00
0.000000000000000000e+00
0.000000000000000000e+00
0.000000000000000000e+00
0.000000000000000000e+00
0.000000000000000000e+00
0.000000000000000000e+00
0.000000000000000000e+00
0.000000000000000000e+00
0.000000000000000000e+00
0.000000000000000000e+00
0.000000000000000000e+00
0.000000000000000000e+00
0.000000000000000000e+00
0.000000000000000000e+00
0.000000000000000000e+00
0.000000000000000000e+00
0.000000000000000000e+00
0.000000000000000000e+00
0.000000000000000000e+00
0.000000000000000000e+00
0.000000000000000000e+00
0.000000000000000000e+00
0.000000000000000000e+00
0.000000000000000000e+00
0.000000000000000000e+00
0.000000000000000000e+00
0.000000000000000000e+00
0.000000000000000000e+00
0.000000000000000000e+00
0.000000000000000000e+00
0.000000000000000000e+00
0.000000000000000000e+00
0.000000000000000000e+00
0.000000000000000000e+00
0.000000000000000000e+00
0.000000000000000000e+00
0.000000000000000000e+00
0.000000000000000000e+00
0.000000000000000000e+00
0.000000000000000000e+00
0.000000000000000000e+00
0.000000000000000000e+00
0.000000000000000000e+00
0.000000000000000000e+00
0.000000000000000000e+00
0.000000000000000000e+00
0.000000000000000000e+00
0.000000000000000000e+00
0.000000000000000000e+00
0.000000000000000000e+00
0.000000000000000000e+00
0.000000000000000000e+00
0.000000000000000000e+00
0.000000000000000000e+00
0.000000000000000000e+00
0.000000000000000000e+00
0.000000000000000000e+00
0.000000000000000000e+00
0.000000000000000000e+00
4.598637639485620639e+03
4.680154216477541013e+03
4.757453797135486639e+03
4.891900166139590510e+03
5.033065999117668980e+03
5.250844637605616299e+03
5.319249894625589150e+03
5.307808131784527177e+03
5.498844990413233063e+03
5.589690373199094211e+03
5.620781945075034855e+03
5.778030104601865787e+03
5.881411084283923628e+03
5.881259644438630858e+03
6.059273015360268801e+03
6.130316081718283385e+03
6.212155936486338760e+03
6.224663011234219994e+03
6.289640377952329800e+03
6.307134888764809148e+03
6.409622410810409747e+03
6.467943593281803260e+03
6.497011547886064363e+03
6.538963626561455385e+03
6.538458596420497088e+03
6.535670520276420575e+03
6.448103477540359563e+03
6.458207585951611691e+03
6.387063170559873470e+03
6.387757581074925838e+03
6.349249844656394998e+03
6.289758072390794950e+03
6.241993239669774994e+03
6.155934651862445207e+03
5.986877362084917877e+03
5.897768056387508295e+03
5.808194555081519866e+03
5.706747803915090117e+03
5.613621997465399545e+03
5.454497051300510066e+03
5.279109271749729487e+03
5.100996471236729121e+03
4.887338103801012039e+03
4.754968294897698797e+03
4.585224339931975010e+03
4.399097965785877932e+03
4.214321845762966404e+03
4.019637851842800501e+03
3.825682574562122682e+03
3.631437094092410007e+03
3.422177930320072846e+03
3.243022060051842345e+03
3.068385649391928382e+03
2.829614919825907236e+03
2.638349237005672421e+03
2.470869412230321814e+03
2.260080778147029378e+03
2.071530783392857757e+03
1.919030765745634653e+03
1.770627063117742637e+03
1.601618529266016594e+03
1.464771612607796897e+03
1.314829793216118560e+03
1.169919069116165929e+03
1.030728637515379887e+03
9.087320433496402075e+02
8.018593816558603748e+02
7.143031077392882935e+02
6.256491569963442316e+02
5.290225841732351455e+02
4.480278557658988916e+02
3.759187087989107567e+02
3.088716613403186102e+02
2.580083555735947698e+02
2.110759326224032009e+02
1.719779552605657784e+02
1.362714782431687581e+02
1.014003186238300600e+02
7.566367727733612014e+01
5.344455181114400943e+01
3.813585719985662337e+01
3.061225013578470922e+01
2.462866474102966663e+01
1.968251945689199189e+01
1.435122564187701144e+01
1.023735272508931793e+01
7.254449258059667116e+00
4.752197272126609029e+00
3.460550633524112296e+00
1.260749297909321331e+00
4.409171292447151835e-02
0.000000000000000000e+00
0.000000000000000000e+00
0.000000000000000000e+00
0.000000000000000000e+00
0.000000000000000000e+00
0.000000000000000000e+00
0.000000000000000000e+00
0.000000000000000000e+00
0.000000000000000000e+00
0.000000000000000000e+00
