0.000000000000000000e+00
0.000000000000000000e+00
0.000000000000000000e+00
0.000000000000000000e+00
0.000000000000000000e+00
0.000000000000000000e+00
0.000000000000000000e+00
0.000000000000000000e+00
0.000000000000000000e+00
0.000000000000000000e+00
0.000000000000000000e+00
0.000000000000000000e+00
0.000000000000000000e+00
0.000000000000000000e+00
0.000000000000000000e+00
0.000000000000000000e+00
0.000000000000000000e+00
0.000000000000000000e+00
0.000000000000000000e+00
0.000000000000000000e+00
0.000000000000000000e+00
0.000000000000000000e+00
0.000000000000000000e+00
0.000000000000000000e+00
0.000000000000000000e+00
0.000000000000000000e+00
0.000000000000000000e+00
0.000000000000000000e+00
0.000000000000000000e+00
0.000000000000000000e+00
0.000000000000000000e+00
0.000000000000000000e+00
0.000000000000000000e+00
0.000000000000000000e+00
0.000000000000000000e+00
0.000000000000000000e+00
0.000000000000000000e+00
0.000000000000000000e+00
0.000000000000000000e+00
0.000000000000000000e+00
0.000000000000000000e+00
0.000000000000000000e+00
0.000000000000000000e+00
0.000000000000000000e+00
0.000000000000000000e+00
0.000000000000000000e+00
0.000000000000000000e+00
0.000000000000000000e+00
0.000000000000000000e+00
0.000000000000000000e+00
0.000000000000000000e+00
0.000000000000000000e+00
0.000000000000000000e+00
0.000000000000000000e+00
0.000000000000000000e+00
0.000000000000000000e+00
0.000000000000000000e+00
0.000000000000000000e+00
0.000000000000000000e+00
0.000000000000000000e+00
0.000000000000000000e+00
0.000000000000000000e+00
0.000000000000000000e+00
0.000000000000000000e+00
0.000000000000000000e+00
0.000000000000000000e+00
0.000000000000000000e+00
0.000000000000000000e+00
0.000000000000000000e+00
0.000000000000000000e+00
0.000000000000000000e+00
0.000000000000000000e+00
0.000000000000000000e+00
0.000000000000000000e+00
0.000000000000000000e+00
0.000000000000000000e+00
0.000000000000000000e+00
0.000000000000000000e+00
0.000000000000000000e+00
0.000000000000000000e+00
0.000000000000000000e+00
0.000000000000000000e+00
0.000000000000000000e+00
0.000000000000000000e+00
0.000000000000000000e+00
0.000000000000000000e+00
0.000000000000000000e+00
0.000000000000000000e+00
0.000000000000000000e+00
0.000000000000000000e+00
0.000000000000000000e+00
0.000000000000000000e+00
0.000000000000000000e+00
0.000000000000000000e+00
0.000000000000000000e+00
0.000000000000000000e+00
0.000000000000000000e+00
0.000000000000000000e+00
0.000000000000000000e+00
0.000000000000000000e+00
0.000000000000000000e+00
0.000000000000000000e+00
0.000000000000000000e+00
5.099625121195260199e-04
6.176819059941752142e-03
1.906588096844560182e-02
3.587794442088215047e-02
5.731448827033089333e-02
8.361838927428488777e-02
1.207646032751153592e-01
1.658462588894297207e-01
2.087177191171615265e-01
2.613955944029642264e-01
3.287177956342560159e-01
4.115055509837100001e-01
5.002270435406496185e-01
6.187568833742052021e-01
7.416166102030246066e-01
8.864453283308331155e-01
1.021717203803509388e+00
1.170195270461659387e+00
1.367584743745450027e+00
1.521405482360128847e+00
1.736970808898979035e+00
2.002755219409649623e+00
2.316758163557433914e+00
2.567165780189152091e+00
2.914719558602417493e+00
3.211100539481926752e+00
3.502596419824929530e+00
3.800614897601374942e+00
4.121492439949565600e+00
4.406042254924095403e+00
4.699535032231454856e+00
5.040454255821542162e+00
5.192709643535493136e+00
5.436377483667786947e+00
5.688001257101000796e+00
5.848303045780198772e+00
6.126818232884645887e+00
6.294920185375894484e+00
6.471982568289994298e+00
6.739225769305774882e+00
6.784022118788453071e+00
6.913791503168997821e+00
7.033155276851464244e+00
7.092955433601447091e+00
7.239146267036112192e+00
7.282649481732555330e+00
7.270819921143684361e+00
7.289097155542113349e+00
7.248338867758812754e+00
7.183231340683859933e+00
7.089680721828258037e+00
6.990291156805689354e+00
6.915173169658022090e+00
6.812032551706396433e+00
6.578413293159909969e+00
6.313591707019589272e+00
5.996139562022373859e+00
5.648712852649673266e+00
5.394135589237532002e+00
5.231398545299722258e+00
4.999283998380177785e+00
4.730211446995814306e+00
4.397945976366578691e+00
3.988110519728708336e+00
3.574157423182534821e+00
3.238758071679904926e+00
3.108390882861471027e+00
2.899735914752496591e+00
2.629075633641194454e+00
2.333020058216026094e+00
1.977514776985848766e+00
1.633654453679150409e+00
1.389543696447627319e+00
1.274104196816456591e+00
1.167018576861228230e+00
9.574483707310091907e-01
7.763724239011817740e-01
5.537454939645770624e-01
3.156311744207474512e-01
1.874508073765510652e-01
1.852900921458527084e-01
1.833730860907249460e-01
1.363488841205146018e-01
1.037821249159002618e-01
7.518713447798039406e-02
3.760400739680009458e-02
7.525624546069678567e-02
3.602601744558405622e-02
0.000000000000000000e+00
0.000000000000000000e+00
0.000000000000000000e+00
0.000000000000000000e+00
0.000000000000000000e+00
0.000000000000000000e+00
0.000000000000000000e+00
0.000000000000000000e+00
0.000000000000000000e+00
0.000000000000000000e+00
