0.000000000000000000e+00
0.000000000000000000e+00
0.000000000000000000e+00
0.000000000000000000e+00
0.000000000000000000e+00
0.000000000000000000e+00
0.000000000000000000e+00
0.000000000000000000e+00
0.000000000000000000e+00
0.000000000000000000e+00
0.000000000000000000e+00
9.259755850972394703e-03
1.609813332576381095e-01
1.455451663781617944e+00
3.928174141103831563e+00
7.173089136682142986e+00
1.185240909625443173e+01
1.941378675049026725e+01
2.860831095003504743e+01
4.415977593075911756e+01
6.750069598114008329e+01
9.249032875292526512e+01
1.356872547787057499e+02
2.082125612095019278e+02
2.470620366185646333e+02
2.674804307077911290e+02
2.896654361061703753e+02
3.059380158451243119e+02
3.205531766085111371e+02
3.172712080242483808e+02
2.977822687258487235e+02
2.615092310837290484e+02
2.051890162373902911e+02
1.424814623014412973e+02
8.183610357068221219e+01
3.543484628858933405e+01
1.028857757958351726e+01
1.104220958091807647e+00
8.312414239001768637e-03
0.000000000000000000e+00
0.000000000000000000e+00
