0.000000000000000000e+00
0.000000000000000000e+00
0.000000000000000000e+00
0.000000000000000000e+00
0.000000000000000000e+00
0.000000000000000000e+00
0.000000000000000000e+00
0.000000000000000000e+00
0.000000000000000000e+00
0.000000000000000000e+00
0.000000000000000000e+00
0.000000000000000000e+00
0.000000000000000000e+00
0.000000000000000000e+00
0.000000000000000000e+00
0.000000000000000000e+00
0.000000000000000000e+00
0.000000000000000000e+00
0.000000000000000000e+00
0.000000000000000000e+00
0.000000000000000000e+00
0.000000000000000000e+00
0.000000000000000000e+00
0.000000000000000000e+00
0.000000000000000000e+00
0.000000000000000000e+00
0.000000000000000000e+00
0.000000000000000000e+00
0.000000000000000000e+00
0.000000000000000000e+00
0.000000000000000000e+00
0.000000000000000000e+00
0.000000000000000000e+00
0.000000000000000000e+00
0.000000000000000000e+00
0.000000000000000000e+00
0.000000000000000000e+00
0.000000000000000000e+00
0.000000000000000000e+00
0.000000000000000000e+00
0.000000000000000000e+00
0.000000000000000000e+00
0.000000000000000000e+00
0.000000000000000000e+00
0.000000000000000000e+00
0.000000000000000000e+00
0.000000000000000000e+00
0.000000000000000000e+00
0.000000000000000000e+00
0.000000000000000000e+00
0.000000000000000000e+00
0.000000000000000000e+00
0.000000000000000000e+00
0.000000000000000000e+00
0.000000000000000000e+00
0.000000000000000000e+00
0.000000000000000000e+00
0.000000000000000000e+00
0.000000000000000000e+00
0.000000000000000000e+00
0.000000000000000000e+00
0.000000000000000000e+00
0.000000000000000000e+00
0.000000000000000000e+00
0.000000000000000000e+00
0.000000000000000000e+00
0.000000000000000000e+00
0.000000000000000000e+00
0.000000000000000000e+00
0.000000000000000000e+00
0.000000000000000000e+00
0.000000000000000000e+00
0.000000000000000000e+00
0.000000000000000000e+00
0.000000000000000000e+00
0.000000000000000000e+00
0.000000000000000000e+00
0.000000000000000000e+00
0.000000000000000000e+00
0.000000000000000000e+00
0.000000000000000000e+00
0.000000000000000000e+00
0.000000000000000000e+00
0.000000000000000000e+00
0.000000000000000000e+00
0.000000000000000000e+00
0.000000000000000000e+00
0.000000000000000000e+00
0.000000000000000000e+00
0.000000000000000000e+00
0.000000000000000000e+00
0.000000000000000000e+00
0.000000000000000000e+00
0.000000000000000000e+00
0.000000000000000000e+00
0.000000000000000000e+00
0.000000000000000000e+00
0.000000000000000000e+00
0.000000000000000000e+00
0.000000000000000000e+00
5.731436811583495228e+02
6.037948763355752817e+02
6.310557762380893791e+02
6.554095547693289063e+02
6.722440299532531753e+02
6.990275522697525048e+02
7.322380569899684133e+02
7.690081892097964555e+02
7.901864923257691089e+02
8.084298233399280207e+02
8.423052365847229339e+02
8.637594405790359815e+02
9.131929367620273297e+02
9.155204201707488210e+02
9.686916233245057128e+02
9.916372948316206930e+02
1.007432836656433096e+03
1.038300154144995986e+03
1.080183423564650411e+03
1.095556906574260665e+03
1.123145668839495329e+03
1.155844926317636691e+03
1.178458165569136327e+03
1.214318668472182026e+03
1.224892417569313238e+03
1.226010449408306613e+03
1.259601604087374426e+03
1.273955062473487715e+03
1.286540391073483988e+03
1.306767733198089672e+03
1.316759335984490917e+03
1.322608656875965607e+03
1.338003111979248160e+03
1.335940394169396086e+03
1.340653924923139357e+03
1.326880309375946808e+03
1.323447033764870639e+03
1.314622296689294899e+03
1.292953827515085322e+03
1.296304377071201316e+03
1.279444509056964307e+03
1.257179908180373104e+03
1.225583765283209914e+03
1.199592841402805561e+03
1.180854411894486248e+03
1.135709968432870255e+03
1.112880668343089155e+03
1.075411831094096669e+03
1.039960906677493313e+03
9.954586335574147142e+02
9.504707979865429479e+02
9.013728838159205452e+02
8.594971262897432780e+02
8.073375226772418500e+02
7.625576430514405502e+02
7.065891054603371231e+02
6.574090370387796156e+02
6.134435195501467888e+02
5.622454788460131567e+02
5.166191671992178271e+02
4.726049216065547398e+02
4.236632341181912125e+02
3.842576187836896793e+02
3.400141840965816300e+02
3.008872073651126016e+02
2.631500917658723324e+02
2.315956681771742467e+02
2.020479334593296130e+02
1.737705673683240946e+02
1.452773886335157272e+02
1.210768802065374246e+02
9.765625001690750651e+01
7.873969091909593487e+01
6.293551215987898217e+01
5.250850228148545540e+01
4.254736754905039220e+01
3.245089693248905860e+01
2.395387082669146039e+01
1.658817013298320830e+01
1.082455601604210749e+01
7.273582884038156671e+00
5.421878851090193407e+00
4.492407226996699698e+00
3.581825301780712678e+00
2.593916816065503284e+00
1.829087824637655846e+00
1.264549782161656699e+00
8.900162134590557939e-01
6.500235206467476212e-01
2.560316851885248157e-01
4.671965037439612320e-03
0.000000000000000000e+00
0.000000000000000000e+00
0.000000000000000000e+00
0.000000000000000000e+00
0.000000000000000000e+00
0.000000000000000000e+00
0.000000000000000000e+00
0.000000000000000000e+00
0.000000000000000000e+00
0.000000000000000000e+00
