0.000000000000000000e+00
0.000000000000000000e+00
0.000000000000000000e+00
0.000000000000000000e+00
0.000000000000000000e+00
0.000000000000000000e+00
0.000000000000000000e+00
0.000000000000000000e+00
0.000000000000000000e+00
0.000000000000000000e+00
0.000000000000000000e+00
0.000000000000000000e+00
0.000000000000000000e+00
0.000000000000000000e+00
0.000000000000000000e+00
0.000000000000000000e+00
0.000000000000000000e+00
0.000000000000000000e+00
0.000000000000000000e+00
0.000000000000000000e+00
0.000000000000000000e+00
0.000000000000000000e+00
0.000000000000000000e+00
0.000000000000000000e+00
0.000000000000000000e+00
0.000000000000000000e+00
0.000000000000000000e+00
0.000000000000000000e+00
0.000000000000000000e+00
0.000000000000000000e+00
0.000000000000000000e+00
0.000000000000000000e+00
0.000000000000000000e+00
0.000000000000000000e+00
0.000000000000000000e+00
0.000000000000000000e+00
0.000000000000000000e+00
0.000000000000000000e+00
0.000000000000000000e+00
0.000000000000000000e+00
0.000000000000000000e+00
0.000000000000000000e+00
0.000000000000000000e+00
0.000000000000000000e+00
0.000000000000000000e+00
0.000000000000000000e+00
0.000000000000000000e+00
0.000000000000000000e+00
0.000000000000000000e+00
0.000000000000000000e+00
0.000000000000000000e+00
0.000000000000000000e+00
0.000000000000000000e+00
0.000000000000000000e+00
0.000000000000000000e+00
0.000000000000000000e+00
0.000000000000000000e+00
0.000000000000000000e+00
0.000000000000000000e+00
0.000000000000000000e+00
0.000000000000000000e+00
0.000000000000000000e+00
0.000000000000000000e+00
0.000000000000000000e+00
0.000000000000000000e+00
0.000000000000000000e+00
0.000000000000000000e+00
0.000000000000000000e+00
0.000000000000000000e+00
0.000000000000000000e+00
0.000000000000000000e+00
0.000000000000000000e+00
0.000000000000000000e+00
0.000000000000000000e+00
0.000000000000000000e+00
0.000000000000000000e+00
0.000000000000000000e+00
0.000000000000000000e+00
0.000000000000000000e+00
0.000000000000000000e+00
0.000000000000000000e+00
0.000000000000000000e+00
0.000000000000000000e+00
0.000000000000000000e+00
0.000000000000000000e+00
0.000000000000000000e+00
0.000000000000000000e+00
0.000000000000000000e+00
0.000000000000000000e+00
0.000000000000000000e+00
0.000000000000000000e+00
0.000000000000000000e+00
0.000000000000000000e+00
0.000000000000000000e+00
0.000000000000000000e+00
0.000000000000000000e+00
0.000000000000000000e+00
0.000000000000000000e+00
0.000000000000000000e+00
0.000000000000000000e+00
0.000000000000000000e+00
0.000000000000000000e+00
0.000000000000000000e+00
3.522879419331009180e-03
4.265432289141207062e-02
1.316945172546095666e-01
2.482659177374845483e-01
3.975932610392969302e-01
5.813045658182872666e-01
8.394111845659596449e-01
1.150189199781009641e+00
1.439995004831805092e+00
1.790177190691980114e+00
2.232554803902184304e+00
2.767667993092747469e+00
3.333471557776787719e+00
4.079943266496752763e+00
4.848548430238244222e+00
5.762221259579415111e+00
6.609694257767556813e+00
7.539287439746654940e+00
8.773673367529255529e+00
9.710861365805218526e+00
1.103358142669597264e+01
1.267448033369269211e+01
1.463338684634299725e+01
1.625413210828543242e+01
1.855791280710608859e+01
2.057173391234000803e+01
2.255859912139669277e+01
2.458855346622740612e+01
2.680658386797541226e+01
2.885848934749843053e+01
3.103389826231974169e+01
3.356630164022843132e+01
3.494337700542951097e+01
3.699249728945026305e+01
3.912635674444359069e+01
4.072811073134753457e+01
4.315670530129862215e+01
4.487930500845405390e+01
4.672567845855913049e+01
4.928042038294920246e+01
5.038369850922514104e+01
5.218333607093909166e+01
5.402464620665120520e+01
5.539927292956335947e+01
5.706512597579502000e+01
5.782965251850266952e+01
5.821940483776197084e+01
5.901215414348342136e+01
5.941239406469822626e+01
5.966283241450225461e+01
5.964691210611726291e+01
5.942691408149751453e+01
5.924345696735242939e+01
5.885210690781240572e+01
5.751346269888688312e+01
5.595843016588514729e+01
5.401547835199500724e+01
5.178597233906293695e+01
5.021802023443385110e+01
4.925540810619146015e+01
4.766197506233229575e+01
4.594043163774129823e+01
4.365597439622013809e+01
4.072860262690453936e+01
3.774710869456031048e+01
3.517726259604510375e+01
3.425717625473162542e+01
3.248796591602818751e+01
3.036316329477629239e+01
2.793493652919406500e+01
2.497000702917841863e+01
2.214259060942421087e+01
1.989869686804675908e+01
1.840390641643427116e+01
1.703495275188880953e+01
1.462135003985431325e+01
1.252491687664488218e+01
9.912486966774839203e+00
7.068109572407627716e+00
5.375028283176829902e+00
4.951404032525904775e+00
4.516152949956728335e+00
3.518678522452076685e+00
2.667985143820168492e+00
1.901969509807498016e+00
8.903636290268597264e-01
1.866768384231596967e+00
9.022693446593458289e-01
0.000000000000000000e+00
0.000000000000000000e+00
0.000000000000000000e+00
0.000000000000000000e+00
0.000000000000000000e+00
0.000000000000000000e+00
0.000000000000000000e+00
0.000000000000000000e+00
0.000000000000000000e+00
0.000000000000000000e+00
