0.000000000000000000e+00
0.000000000000000000e+00
0.000000000000000000e+00
0.000000000000000000e+00
0.000000000000000000e+00
0.000000000000000000e+00
0.000000000000000000e+00
0.000000000000000000e+00
0.000000000000000000e+00
0.000000000000000000e+00
0.000000000000000000e+00
0.000000000000000000e+00
0.000000000000000000e+00
0.000000000000000000e+00
0.000000000000000000e+00
0.000000000000000000e+00
0.000000000000000000e+00
0.000000000000000000e+00
0.000000000000000000e+00
0.000000000000000000e+00
0.000000000000000000e+00
0.000000000000000000e+00
0.000000000000000000e+00
0.000000000000000000e+00
0.000000000000000000e+00
0.000000000000000000e+00
0.000000000000000000e+00
0.000000000000000000e+00
0.000000000000000000e+00
0.000000000000000000e+00
0.000000000000000000e+00
0.000000000000000000e+00
0.000000000000000000e+00
0.000000000000000000e+00
0.000000000000000000e+00
0.000000000000000000e+00
0.000000000000000000e+00
0.000000000000000000e+00
0.000000000000000000e+00
0.000000000000000000e+00
0.000000000000000000e+00
0.000000000000000000e+00
0.000000000000000000e+00
0.000000000000000000e+00
0.000000000000000000e+00
0.000000000000000000e+00
0.000000000000000000e+00
0.000000000000000000e+00
0.000000000000000000e+00
0.000000000000000000e+00
0.000000000000000000e+00
0.000000000000000000e+00
0.000000000000000000e+00
0.000000000000000000e+00
0.000000000000000000e+00
0.000000000000000000e+00
0.000000000000000000e+00
0.000000000000000000e+00
0.000000000000000000e+00
0.000000000000000000e+00
0.000000000000000000e+00
0.000000000000000000e+00
0.000000000000000000e+00
0.000000000000000000e+00
0.000000000000000000e+00
0.000000000000000000e+00
0.000000000000000000e+00
0.000000000000000000e+00
0.000000000000000000e+00
0.000000000000000000e+00
0.000000000000000000e+00
0.000000000000000000e+00
0.000000000000000000e+00
0.000000000000000000e+00
0.000000000000000000e+00
0.000000000000000000e+00
0.000000000000000000e+00
0.000000000000000000e+00
0.000000000000000000e+00
0.000000000000000000e+00
0.000000000000000000e+00
0.000000000000000000e+00
0.000000000000000000e+00
0.000000000000000000e+00
0.000000000000000000e+00
0.000000000000000000e+00
0.000000000000000000e+00
0.000000000000000000e+00
0.000000000000000000e+00
0.000000000000000000e+00
0.000000000000000000e+00
0.000000000000000000e+00
0.000000000000000000e+00
0.000000000000000000e+00
0.000000000000000000e+00
0.000000000000000000e+00
0.000000000000000000e+00
0.000000000000000000e+00
0.000000000000000000e+00
0.000000000000000000e+00
0.000000000000000000e+00
0.000000000000000000e+00
3.582995720069002531e-04
2.948965854268229513e-03
7.297257304518162124e-03
3.168171705650696390e-02
8.331985067888318663e-02
1.907814563754405557e-01
3.144798196867344409e-01
4.713933346277995318e-01
6.730156215599902847e-01
8.758103809096339232e-01
1.093231953830895442e+00
1.272289786068973250e+00
1.566876247280952761e+00
1.823453915055528674e+00
2.086448567679856314e+00
2.407466485919594223e+00
2.733803143166033234e+00
3.083905208251061403e+00
3.417315214684400360e+00
3.855445376342049979e+00
4.288360857242158097e+00
4.831709046163461529e+00
5.406617928554060093e+00
5.902047113626487373e+00
6.573415902058507676e+00
7.109577336107347989e+00
7.486652709542594764e+00
8.021098845219675866e+00
8.368084266354754774e+00
8.901662065604991625e+00
9.217115426534380873e+00
9.505092689174389875e+00
9.999969785014505064e+00
1.019871313190196993e+01
1.059738265436798166e+01
1.107007163767669589e+01
1.107421546645938015e+01
1.145200539378304860e+01
1.171768272866750138e+01
1.177307509617715731e+01
1.199184214490832012e+01
1.190296357728364640e+01
1.190444077744045970e+01
1.164627179786648448e+01
1.159361059185852660e+01
1.169449677013921551e+01
1.147571860709333968e+01
1.134645394518853578e+01
1.102702831559726704e+01
1.078024857615538146e+01
1.027649854932772833e+01
9.948276268844322701e+00
9.545886774926929164e+00
9.356870672688700097e+00
9.111978053116478904e+00
8.668575427597593475e+00
8.156769398512098590e+00
7.538831178750953654e+00
6.970971697034015868e+00
6.508185952411642994e+00
6.199321622210251626e+00
5.942426897235002947e+00
5.479108026007284415e+00
4.950152668154887081e+00
4.370037853065162459e+00
3.768446238018673178e+00
3.286492019415062416e+00
3.117512722127251390e+00
2.923063237239836631e+00
2.570191234813183900e+00
2.204644476845086132e+00
1.787863589156590827e+00
1.333499558420008446e+00
1.060111639359173186e+00
9.955968785981955671e-01
9.295674712515508142e-01
7.535365281755995737e-01
5.896256600208591436e-01
4.035615360721580003e-01
1.976326804066114162e-01
9.111754734373660181e-02
1.000980622816627086e-01
1.086172772736817699e-01
7.741148900750699502e-02
5.918685256895427071e-02
4.415408080297181931e-02
2.428344162067776202e-02
4.625134367505617794e-02
2.222195855948228688e-02
0.000000000000000000e+00
0.000000000000000000e+00
0.000000000000000000e+00
0.000000000000000000e+00
0.000000000000000000e+00
0.000000000000000000e+00
0.000000000000000000e+00
0.000000000000000000e+00
0.000000000000000000e+00
0.000000000000000000e+00
