0.000000000000000000e+00
0.000000000000000000e+00
0.000000000000000000e+00
0.000000000000000000e+00
0.000000000000000000e+00
0.000000000000000000e+00
0.000000000000000000e+00
0.000000000000000000e+00
0.000000000000000000e+00
0.000000000000000000e+00
2.418178461160330403e-03
2.065648937793971088e-02
5.728916257327774236e-02
2.593448615823039649e-01
1.125541006671535227e+00
3.152285403331606783e+00
6.410469960712131154e+00
9.984257944466872203e+00
1.362396553699168322e+01
1.776631632071688216e+01
2.355166811244032488e+01
3.032544786837858553e+01
3.967504367315838465e+01
5.193160841056199928e+01
4.620837185787497958e+01
4.540148373371037138e+01
4.262265520844172784e+01
3.614736332620200443e+01
2.908260661463811658e+01
2.137153370389322760e+01
1.464450906905422478e+01
9.329179174509791395e+00
5.330410068833137949e+00
2.534567476221830873e+00
9.587967337934765188e-01
2.775018770006787983e-01
5.004507895645510934e-02
3.963305195231104153e-03
0.000000000000000000e+00
0.000000000000000000e+00
0.000000000000000000e+00
