0.000000000000000000e+00
0.000000000000000000e+00
0.000000000000000000e+00
0.000000000000000000e+00
0.000000000000000000e+00
0.000000000000000000e+00
0.000000000000000000e+00
0.000000000000000000e+00
0.000000000000000000e+00
0.000000000000000000e+00
0.000000000000000000e+00
0.000000000000000000e+00
0.000000000000000000e+00
0.000000000000000000e+00
0.000000000000000000e+00
0.000000000000000000e+00
0.000000000000000000e+00
0.000000000000000000e+00
0.000000000000000000e+00
0.000000000000000000e+00
1.719932941750997202e+02
2.021688757476307785e+02
2.337575208964066462e+02
2.648356813862781109e+02
2.971191319810046139e+02
3.265950295334712337e+02
3.517128257947820771e+02
3.693355362660454375e+02
3.751827047042526146e+02
3.664883684263180044e+02
3.417199769305286168e+02
3.001228074642515367e+02
2.428994318063779474e+02
1.727212406762773185e+02
1.039045668056239577e+02
4.673193872029821705e+01
1.455395561676681204e+01
1.739506219116974783e+00
1.290946223260974919e-02
0.000000000000000000e+00
0.000000000000000000e+00
