0.000000000000000000e+00
0.000000000000000000e+00
0.000000000000000000e+00
0.000000000000000000e+00
0.000000000000000000e+00
0.000000000000000000e+00
0.000000000000000000e+00
0.000000000000000000e+00
0.000000000000000000e+00
0.000000000000000000e+00
0.000000000000000000e+00
0.000000000000000000e+00
0.000000000000000000e+00
0.000000000000000000e+00
0.000000000000000000e+00
0.000000000000000000e+00
0.000000000000000000e+00
0.000000000000000000e+00
0.000000000000000000e+00
0.000000000000000000e+00
0.000000000000000000e+00
0.000000000000000000e+00
0.000000000000000000e+00
0.000000000000000000e+00
0.000000000000000000e+00
0.000000000000000000e+00
0.000000000000000000e+00
0.000000000000000000e+00
0.000000000000000000e+00
0.000000000000000000e+00
0.000000000000000000e+00
0.000000000000000000e+00
0.000000000000000000e+00
0.000000000000000000e+00
0.000000000000000000e+00
0.000000000000000000e+00
0.000000000000000000e+00
0.000000000000000000e+00
0.000000000000000000e+00
0.000000000000000000e+00
0.000000000000000000e+00
0.000000000000000000e+00
0.000000000000000000e+00
0.000000000000000000e+00
0.000000000000000000e+00
0.000000000000000000e+00
0.000000000000000000e+00
0.000000000000000000e+00
0.000000000000000000e+00
0.000000000000000000e+00
0.000000000000000000e+00
0.000000000000000000e+00
8.239493681329025654e-02
5.095125796351528125e-02
3.089746838523480532e-01
2.899174031244347027e-01
2.092311318775723628e-01
1.073879503844919814e+00
6.635184289489088894e-01
9.516183035652702182e-01
1.976273582756314928e+00
1.327797080213347636e+00
1.098165949237216443e+00
2.730531449441834013e+00
3.113226034610700577e+00
3.743094089590528029e+00
6.283651147414214044e+00
8.077649503101458350e+00
8.749058571409074503e+00
1.539547094168331398e+01
2.100270227964759684e+01
2.754924840805202990e+01
3.737315072436595642e+01
4.650383047184941177e+01
6.005524927046013062e+01
7.040419593248111596e+01
8.778514469828668609e+01
1.076713003626218494e+02
1.219186446831919994e+02
1.501644808518989578e+02
1.631753768799684963e+02
1.909387414084142733e+02
2.148190808679447912e+02
2.389911504624952272e+02
2.671272487650576863e+02
2.871028697754011887e+02
3.029583046765174004e+02
3.350537392489424633e+02
3.669823919517549484e+02
3.823364430073832523e+02
4.152805553846801558e+02
4.322267272724814688e+02
4.532981185994322573e+02
4.867123083757473978e+02
4.915356334156470552e+02
5.328219804372988619e+02
5.634445850739634807e+02
5.900026352505097975e+02
6.119061646867935451e+02
6.761860734840113309e+02
6.956551681272910628e+02
7.389426277145327049e+02
7.894031070898658982e+02
8.349062990804198989e+02
8.786550900684027283e+02
9.072862154042737757e+02
9.553511939746991857e+02
9.947730944222263361e+02
1.056094275068822753e+03
1.098357031037691740e+03
1.144999927958273702e+03
1.157830334407337205e+03
1.212964788388278521e+03
1.427941782917298042e+03
1.624730369166403989e+03
1.693775746804194569e+03
1.752144941290783891e+03
1.736046513479133409e+03
1.727238551849431815e+03
1.688043160436190647e+03
1.631775941872499970e+03
1.554091537225564934e+03
1.545532759684182565e+03
1.461561516511782884e+03
1.431491972084083727e+03
1.451094351420435714e+03
1.494031830817717946e+03
1.500083660154095014e+03
1.462715656209709095e+03
1.476710987029870012e+03
1.462722598380205000e+03
1.431038680537901655e+03
1.399516069884871285e+03
1.330599457778515898e+03
1.309534154087612933e+03
1.264273134021726491e+03
1.216053089011131533e+03
1.167502211953147480e+03
1.124689763290353312e+03
1.077869341776713554e+03
1.026267321091283975e+03
9.764838670879025813e+02
9.241783662237526187e+02
8.908129131051330205e+02
8.441089097588949244e+02
7.824199101965606360e+02
7.264373690487415161e+02
6.769793650893839185e+02
6.178926812517432836e+02
5.794881353080496638e+02
5.401102619077015561e+02
4.995453328334245953e+02
4.607864283519836590e+02
4.228466282968151972e+02
3.860623368640570447e+02
3.534219270303759117e+02
3.310326804457215530e+02
2.962937527980622576e+02
2.645125966831101891e+02
2.327230412872305294e+02
2.073838979401706410e+02
1.836919761697528770e+02
1.641628634117446950e+02
1.421410898819104887e+02
1.239850331896028308e+02
1.059284023420691199e+02
9.244279016994957487e+01
7.661594267760094112e+01
6.457986348716687530e+01
5.313635894095967416e+01
4.347211419513400443e+01
3.461376813022414467e+01
2.737624060379762270e+01
2.205506067297509531e+01
1.741041683030571363e+01
1.408552080923887040e+01
1.102333612707115229e+01
7.950708462281625977e+00
5.478824662583755334e+00
3.681242182687974651e+00
2.464768883097830710e+00
1.824186214553929819e+00
1.513083641024214110e+00
1.189691660631781334e+00
8.476411556017393600e-01
6.327533918402801216e-01
4.470446706184669772e-01
3.104036927530565704e-01
2.038627393268198085e-01
9.110035635464006076e-02
6.332055343829301247e-04
0.000000000000000000e+00
0.000000000000000000e+00
0.000000000000000000e+00
0.000000000000000000e+00
0.000000000000000000e+00
0.000000000000000000e+00
0.000000000000000000e+00
0.000000000000000000e+00
0.000000000000000000e+00
0.000000000000000000e+00
