1.514439759468899416e+00
1.057942163247098222e+01
1.782477676792508348e+01
2.200828358918070649e+01
2.425509597949923446e+01
2.503632020041418116e+01
2.492442482264417691e+01
2.431753820192250259e+01
2.327638788265946701e+01
2.224651044786085308e+01
2.096412893748596673e+01
1.975205335694374753e+01
1.856414240695361428e+01
1.750075615835338283e+01
1.624658950862193052e+01
1.516073589060594529e+01
1.424768580112848682e+01
1.325944496795185756e+01
1.249612686762136349e+01
1.158993653493782361e+01
1.087467504228854409e+01
1.022970683622579458e+01
9.499522107825931982e+00
9.004851273471681239e+00
8.416766248645426884e+00
7.865212438734074496e+00
7.471950761530679053e+00
7.016321270925765852e+00
6.511707944056408515e+00
6.196491838788875661e+00
5.780686844674690406e+00
5.416825948318350292e+00
5.132582392061673104e+00
4.814639978448040480e+00
4.565810493868787567e+00
4.260225093744415936e+00
3.980660438926490574e+00
3.792629988577500999e+00
3.594809671262340078e+00
3.402271283152840553e+00
3.174299122430104703e+00
2.999653940171194133e+00
2.822963234398485177e+00
2.686632349851336699e+00
2.489516557418612663e+00
2.391683970440867668e+00
2.254364535590623220e+00
2.087564964169275950e+00
1.980956538706766246e+00
1.896037056204463056e+00
1.766415559936832969e+00
1.638370816549000075e+00
1.527645616294996511e+00
1.430561885474008088e+00
1.362917643141038138e+00
1.277362468864820411e+00
1.182181341562285493e+00
1.116828457290655496e+00
1.013079834685694403e+00
1.000564626564801163e+00
9.219171642525767485e-01
8.727988313473210580e-01
7.846704087050934140e-01
7.243199094561842966e-01
6.776507687964693494e-01
6.366350223008406806e-01
5.809264167542662616e-01
5.515207265068653442e-01
5.248626260460181880e-01
4.761150101581647642e-01
4.341781231762493198e-01
3.840248351145512107e-01
3.596236539307866575e-01
3.444453755484958579e-01
3.196561236640690362e-01
2.981591209239258800e-01
2.595616374061971987e-01
2.458125123919522870e-01
2.182627513794269669e-01
1.877941289623122345e-01
1.750702797073792338e-01
1.584201305130104320e-01
1.387273265839597536e-01
1.247447989134606028e-01
1.194803042011192556e-01
1.028179445130322639e-01
9.177684809763285434e-02
7.612490331470138372e-02
7.432647865200700532e-02
6.318555343547470338e-02
5.918183944574212374e-02
5.255935018883280130e-02
4.723751641019479502e-02
3.909918647323546576e-02
3.756565661429717151e-02
3.101855732461818865e-02
2.788967390909249944e-02
2.169944086167527666e-02
2.064386277233394573e-02
1.532136597810961932e-02
