0.000000000000000000e+00
0.000000000000000000e+00
0.000000000000000000e+00
0.000000000000000000e+00
0.000000000000000000e+00
0.000000000000000000e+00
0.000000000000000000e+00
0.000000000000000000e+00
0.000000000000000000e+00
0.000000000000000000e+00
0.000000000000000000e+00
0.000000000000000000e+00
0.000000000000000000e+00
0.000000000000000000e+00
0.000000000000000000e+00
0.000000000000000000e+00
0.000000000000000000e+00
0.000000000000000000e+00
0.000000000000000000e+00
0.000000000000000000e+00
0.000000000000000000e+00
0.000000000000000000e+00
0.000000000000000000e+00
0.000000000000000000e+00
0.000000000000000000e+00
0.000000000000000000e+00
0.000000000000000000e+00
0.000000000000000000e+00
0.000000000000000000e+00
0.000000000000000000e+00
0.000000000000000000e+00
0.000000000000000000e+00
0.000000000000000000e+00
0.000000000000000000e+00
0.000000000000000000e+00
0.000000000000000000e+00
0.000000000000000000e+00
0.000000000000000000e+00
0.000000000000000000e+00
0.000000000000000000e+00
0.000000000000000000e+00
0.000000000000000000e+00
0.000000000000000000e+00
0.000000000000000000e+00
0.000000000000000000e+00
0.000000000000000000e+00
0.000000000000000000e+00
0.000000000000000000e+00
0.000000000000000000e+00
0.000000000000000000e+00
0.000000000000000000e+00
0.000000000000000000e+00
0.000000000000000000e+00
0.000000000000000000e+00
0.000000000000000000e+00
0.000000000000000000e+00
0.000000000000000000e+00
0.000000000000000000e+00
0.000000000000000000e+00
0.000000000000000000e+00
0.000000000000000000e+00
0.000000000000000000e+00
0.000000000000000000e+00
0.000000000000000000e+00
0.000000000000000000e+00
0.000000000000000000e+00
0.000000000000000000e+00
0.000000000000000000e+00
0.000000000000000000e+00
0.000000000000000000e+00
0.000000000000000000e+00
0.000000000000000000e+00
0.000000000000000000e+00
0.000000000000000000e+00
0.000000000000000000e+00
0.000000000000000000e+00
0.000000000000000000e+00
0.000000000000000000e+00
0.000000000000000000e+00
0.000000000000000000e+00
0.000000000000000000e+00
0.000000000000000000e+00
0.000000000000000000e+00
0.000000000000000000e+00
0.000000000000000000e+00
0.000000000000000000e+00
0.000000000000000000e+00
0.000000000000000000e+00
0.000000000000000000e+00
0.000000000000000000e+00
0.000000000000000000e+00
0.000000000000000000e+00
0.000000000000000000e+00
0.000000000000000000e+00
0.000000000000000000e+00
0.000000000000000000e+00
0.000000000000000000e+00
0.000000000000000000e+00
0.000000000000000000e+00
0.000000000000000000e+00
3.009571588258692199e+00
3.093932645882020438e+00
3.181422780517858762e+00
3.284572986509333159e+00
3.413242702859367927e+00
3.575993934898789472e+00
3.669261517489690760e+00
3.700815324066627277e+00
3.871891678628745392e+00
3.967045971290442008e+00
4.033463061675643502e+00
4.183985846738201175e+00
4.305098493699343720e+00
4.356463056620583529e+00
4.541603231171211341e+00
4.627317777834806911e+00
4.770064241848249509e+00
4.816132865937500895e+00
4.946174878866813174e+00
5.032986982197599879e+00
5.183678953261410705e+00
5.288635546221932771e+00
5.388948856283763966e+00
5.493318342987124403e+00
5.583978980581504992e+00
5.669508647753461972e+00
5.674088465351735167e+00
5.778443607186832587e+00
5.826873744509962094e+00
5.914341717886458127e+00
5.985674511658829466e+00
6.039294252901312277e+00
6.107271155860275691e+00
6.146966494942089909e+00
6.104211355716287812e+00
6.147582987985718894e+00
6.176002307091987831e+00
6.189579447461739825e+00
6.225154211881447353e+00
6.202082088203901833e+00
6.143475267004702367e+00
6.063908054047718821e+00
5.959896189219538343e+00
5.918585348390409173e+00
5.855279354006062142e+00
5.747010514223822142e+00
5.641353398588035972e+00
5.522319136705790221e+00
5.385792756978347029e+00
5.251400889855447396e+00
5.075475933736306899e+00
4.923120733975876462e+00
4.785502925686038189e+00
4.537408765835721169e+00
4.352281441546877794e+00
4.201984755174716923e+00
3.966411603047622414e+00
3.759491358713682008e+00
3.593884324174454914e+00
3.421163478439138927e+00
3.199208437970529673e+00
3.030763247306993424e+00
2.833675227083219728e+00
2.643159320828463166e+00
2.435131835757658791e+00
2.254278402882002208e+00
2.082364140103882377e+00
1.939503953980086459e+00
1.784379780212393518e+00
1.606780333941201233e+00
1.449932545521006144e+00
1.300191703352951977e+00
1.147035038840991117e+00
1.015068336875053712e+00
8.753722672106614144e-01
7.524651768916220673e-01
6.388691062628996109e-01
5.202383634017138103e-01
4.312131316236128553e-01
3.429346502285874343e-01
2.737509957738685218e-01
2.256941649360929003e-01
1.787548435367498356e-01
1.413587316049704501e-01
1.041083717130668052e-01
7.422605556412124883e-02
5.234000570216817277e-02
3.410892873589304458e-02
2.499078090654699089e-02
9.129482787742466271e-03
3.192826306027783797e-04
0.000000000000000000e+00
0.000000000000000000e+00
0.000000000000000000e+00
0.000000000000000000e+00
0.000000000000000000e+00
0.000000000000000000e+00
0.000000000000000000e+00
0.000000000000000000e+00
0.000000000000000000e+00
0.000000000000000000e+00
