0.000000000000000000e+00
0.000000000000000000e+00
0.000000000000000000e+00
0.000000000000000000e+00
0.000000000000000000e+00
0.000000000000000000e+00
0.000000000000000000e+00
0.000000000000000000e+00
0.000000000000000000e+00
0.000000000000000000e+00
0.000000000000000000e+00
0.000000000000000000e+00
0.000000000000000000e+00
0.000000000000000000e+00
0.000000000000000000e+00
0.000000000000000000e+00
0.000000000000000000e+00
0.000000000000000000e+00
0.000000000000000000e+00
0.000000000000000000e+00
0.000000000000000000e+00
0.000000000000000000e+00
0.000000000000000000e+00
0.000000000000000000e+00
0.000000000000000000e+00
0.000000000000000000e+00
0.000000000000000000e+00
0.000000000000000000e+00
0.000000000000000000e+00
0.000000000000000000e+00
0.000000000000000000e+00
0.000000000000000000e+00
0.000000000000000000e+00
0.000000000000000000e+00
0.000000000000000000e+00
0.000000000000000000e+00
0.000000000000000000e+00
0.000000000000000000e+00
0.000000000000000000e+00
0.000000000000000000e+00
0.000000000000000000e+00
0.000000000000000000e+00
0.000000000000000000e+00
0.000000000000000000e+00
0.000000000000000000e+00
0.000000000000000000e+00
0.000000000000000000e+00
0.000000000000000000e+00
0.000000000000000000e+00
0.000000000000000000e+00
0.000000000000000000e+00
0.000000000000000000e+00
0.000000000000000000e+00
0.000000000000000000e+00
0.000000000000000000e+00
0.000000000000000000e+00
0.000000000000000000e+00
0.000000000000000000e+00
0.000000000000000000e+00
0.000000000000000000e+00
0.000000000000000000e+00
0.000000000000000000e+00
0.000000000000000000e+00
0.000000000000000000e+00
0.000000000000000000e+00
0.000000000000000000e+00
0.000000000000000000e+00
0.000000000000000000e+00
0.000000000000000000e+00
0.000000000000000000e+00
0.000000000000000000e+00
0.000000000000000000e+00
0.000000000000000000e+00
0.000000000000000000e+00
0.000000000000000000e+00
0.000000000000000000e+00
0.000000000000000000e+00
0.000000000000000000e+00
0.000000000000000000e+00
0.000000000000000000e+00
0.000000000000000000e+00
0.000000000000000000e+00
0.000000000000000000e+00
0.000000000000000000e+00
0.000000000000000000e+00
0.000000000000000000e+00
0.000000000000000000e+00
0.000000000000000000e+00
0.000000000000000000e+00
0.000000000000000000e+00
0.000000000000000000e+00
0.000000000000000000e+00
0.000000000000000000e+00
0.000000000000000000e+00
0.000000000000000000e+00
0.000000000000000000e+00
0.000000000000000000e+00
0.000000000000000000e+00
0.000000000000000000e+00
0.000000000000000000e+00
0.000000000000000000e+00
0.000000000000000000e+00
3.151028389225769616e-04
2.593932828254512466e-03
6.417063778541378695e-03
2.789060165122472443e-02
7.351597644985306823e-02
1.687304006341212304e-01
2.787054665520750096e-01
4.185025837661731085e-01
5.987447808929352577e-01
7.808919318131574139e-01
9.772226205618822492e-01
1.140112256517708422e+00
1.407911422331227014e+00
1.643787718390232966e+00
1.887070531718463506e+00
2.182707214321979894e+00
2.479827704863896809e+00
2.793258686260560619e+00
3.088206456189339644e+00
3.476417702845790991e+00
3.860265158492457438e+00
4.341620112178362412e+00
4.851620641555221880e+00
5.299720466306300892e+00
5.928556449360230296e+00
6.460368481155229325e+00
6.861612896185919297e+00
7.412447834699635862e+00
7.789425473674176814e+00
8.338313087323003359e+00
8.679966052363800699e+00
8.982002730246012590e+00
9.454353856532824452e+00
9.637056276283523459e+00
1.000322799276561980e+01
1.044743780439585912e+01
1.046315765059527436e+01
1.083390610857289005e+01
1.110896129341954719e+01
1.119306112558257205e+01
1.143841269512111047e+01
1.139891368875106892e+01
1.145031590422570211e+01
1.126138312844064160e+01
1.128339271301898705e+01
1.146387264062960298e+01
1.134856508588182855e+01
1.133287433714473735e+01
1.114751699915625238e+01
1.105734968283935871e+01
1.070902054799058334e+01
1.048882910662403845e+01
1.007503258784556444e+01
9.748384709713619145e+00
9.328431556150647452e+00
8.723377966662884120e+00
8.018062029853139094e+00
7.187307845485935154e+00
6.451627344385811647e+00
5.979484361700244222e+00
5.856376714369220693e+00
5.824072087694887045e+00
5.558227069847823998e+00
5.262311731195417508e+00
4.960536704136495167e+00
4.619460070362520376e+00
4.253543925248960633e+00
4.030725478021008001e+00
3.763265370943029708e+00
3.385063992894556062e+00
2.969509387197751149e+00
2.489443980006162960e+00
1.961301105049945814e+00
1.649956724717377199e+00
1.584196076163057354e+00
1.517988933608244384e+00
1.318673001307571591e+00
1.132218555581039787e+00
9.266980979624798165e-01
6.905703395540194744e-01
5.479440333799564522e-01
5.056441343851505454e-01
4.590175630059097345e-01
3.614952412776824553e-01
2.726203869547351721e-01
1.939720768207334745e-01
8.932167008511444906e-02
1.922444740561773113e-01
9.509296373867702490e-02
0.000000000000000000e+00
0.000000000000000000e+00
0.000000000000000000e+00
0.000000000000000000e+00
0.000000000000000000e+00
0.000000000000000000e+00
0.000000000000000000e+00
0.000000000000000000e+00
0.000000000000000000e+00
0.000000000000000000e+00
