0.000000000000000000e+00
0.000000000000000000e+00
0.000000000000000000e+00
0.000000000000000000e+00
0.000000000000000000e+00
0.000000000000000000e+00
0.000000000000000000e+00
0.000000000000000000e+00
0.000000000000000000e+00
0.000000000000000000e+00
0.000000000000000000e+00
0.000000000000000000e+00
0.000000000000000000e+00
0.000000000000000000e+00
0.000000000000000000e+00
0.000000000000000000e+00
0.000000000000000000e+00
0.000000000000000000e+00
0.000000000000000000e+00
0.000000000000000000e+00
0.000000000000000000e+00
0.000000000000000000e+00
0.000000000000000000e+00
0.000000000000000000e+00
0.000000000000000000e+00
0.000000000000000000e+00
0.000000000000000000e+00
0.000000000000000000e+00
0.000000000000000000e+00
0.000000000000000000e+00
0.000000000000000000e+00
0.000000000000000000e+00
0.000000000000000000e+00
0.000000000000000000e+00
0.000000000000000000e+00
0.000000000000000000e+00
0.000000000000000000e+00
0.000000000000000000e+00
0.000000000000000000e+00
0.000000000000000000e+00
0.000000000000000000e+00
0.000000000000000000e+00
0.000000000000000000e+00
0.000000000000000000e+00
0.000000000000000000e+00
0.000000000000000000e+00
0.000000000000000000e+00
0.000000000000000000e+00
0.000000000000000000e+00
0.000000000000000000e+00
0.000000000000000000e+00
0.000000000000000000e+00
2.791931203640635189e-05
4.566823629464830106e-05
1.415139894347677179e-04
1.638822469153411877e-04
1.992622833707505205e-04
4.987177578184456665e-04
2.756306104563972532e-04
5.572705220238132915e-04
9.925650550024109862e-04
7.200975736504515229e-04
7.969119315754328702e-04
1.325711306896632706e-03
1.747154488236694458e-03
1.892338233551749908e-03
3.340862781294050288e-03
4.399663117144485790e-03
4.941199258505820334e-03
8.845356538453337872e-03
1.159036142634940411e-02
1.599129917269796752e-02
2.130204307953025705e-02
2.630233748493281121e-02
3.375098216192715106e-02
3.832265663420454660e-02
4.999202251352423410e-02
6.041584222654317049e-02
6.883057637420898767e-02
8.663581321325328211e-02
9.492003766531181830e-02
1.097446021607526023e-01
1.273176347771322603e-01
1.395575679910351086e-01
1.592290951427514645e-01
1.715276592965896407e-01
1.840722143071708283e-01
2.023377814912948880e-01
2.255742021862591762e-01
2.348151361442074869e-01
2.585716673319375936e-01
2.756511739016070384e-01
2.933812809741934702e-01
3.135655188278332339e-01
3.232712516803002423e-01
3.544204610179222392e-01
3.766206188420844758e-01
4.032402599279154565e-01
4.259721945227139539e-01
4.730901539821750212e-01
4.962437397200525346e-01
5.358106674259578428e-01
5.775453388389762965e-01
6.235778011962382905e-01
6.647286481299248262e-01
6.994989087190564003e-01
7.491038534969923779e-01
7.894235415588943816e-01
8.538480557748531208e-01
9.017372086441498569e-01
9.541788784948640467e-01
9.854526327812265230e-01
1.070839692050823411e+00
1.287388821619531720e+00
1.484790475247315999e+00
1.576384074193702300e+00
1.662981731815930786e+00
1.688862251213025800e+00
1.699248198461940085e+00
1.699013386657523217e+00
1.688002224465877443e+00
1.645672010435079047e+00
1.686238398074414224e+00
1.668002563647591252e+00
1.694070205801446294e+00
1.780270280365292335e+00
1.879532718633023514e+00
1.931079534297204026e+00
1.956619600654740720e+00
2.017388631092122520e+00
2.055623521995097569e+00
2.077085707446726826e+00
2.080309382077778935e+00
2.078509713239902634e+00
2.113680554499957509e+00
2.100914595364477222e+00
2.104385853581027810e+00
2.101167944884291483e+00
2.107180049344711037e+00
2.101243864144747064e+00
2.088825768673586492e+00
2.075365025677485598e+00
2.056993625530856740e+00
2.070390122964075097e+00
2.036366458300202797e+00
1.975243663412530770e+00
1.925573541596101501e+00
1.879034201757903144e+00
1.817134985600213026e+00
1.770110638676030135e+00
1.742321028526389037e+00
1.687861542153378247e+00
1.639759125823648578e+00
1.583908033814375615e+00
1.525690684034647804e+00
1.475771821197013889e+00
1.452088416964734785e+00
1.380367349961159507e+00
1.302209131231259809e+00
1.209964265410510498e+00
1.140983348535266950e+00
1.079469341305701713e+00
1.016997101834769657e+00
9.458988698841037657e-01
8.855261825282509935e-01
8.072864520230802476e-01
7.475021301511219907e-01
6.654702704561888948e-01
5.948000978229793789e-01
5.285735257556823941e-01
4.727665934285437133e-01
4.128455397930226312e-01
3.590398365473915776e-01
3.142621685961129452e-01
2.656190083656086443e-01
2.267012835039591834e-01
1.905353759890714149e-01
1.540689319657135015e-01
1.218270422846795681e-01
9.724177443697684664e-02
7.769037986845914179e-02
6.259356709256873319e-02
5.077719027518690087e-02
3.918950864228482045e-02
2.901190588342842519e-02
2.195683657931664021e-02
1.566273563020067691e-02
1.094747711262891721e-02
7.181331822225646075e-03
3.183594087656481993e-03
2.364142431859955008e-05
0.000000000000000000e+00
0.000000000000000000e+00
0.000000000000000000e+00
0.000000000000000000e+00
0.000000000000000000e+00
0.000000000000000000e+00
0.000000000000000000e+00
0.000000000000000000e+00
0.000000000000000000e+00
0.000000000000000000e+00
