0.000000000000000000e+00
0.000000000000000000e+00
0.000000000000000000e+00
0.000000000000000000e+00
0.000000000000000000e+00
0.000000000000000000e+00
0.000000000000000000e+00
0.000000000000000000e+00
0.000000000000000000e+00
0.000000000000000000e+00
0.000000000000000000e+00
0.000000000000000000e+00
0.000000000000000000e+00
0.000000000000000000e+00
0.000000000000000000e+00
0.000000000000000000e+00
0.000000000000000000e+00
0.000000000000000000e+00
0.000000000000000000e+00
0.000000000000000000e+00
0.000000000000000000e+00
0.000000000000000000e+00
0.000000000000000000e+00
0.000000000000000000e+00
0.000000000000000000e+00
0.000000000000000000e+00
0.000000000000000000e+00
0.000000000000000000e+00
0.000000000000000000e+00
0.000000000000000000e+00
0.000000000000000000e+00
0.000000000000000000e+00
0.000000000000000000e+00
0.000000000000000000e+00
0.000000000000000000e+00
0.000000000000000000e+00
0.000000000000000000e+00
0.000000000000000000e+00
0.000000000000000000e+00
0.000000000000000000e+00
0.000000000000000000e+00
0.000000000000000000e+00
0.000000000000000000e+00
0.000000000000000000e+00
0.000000000000000000e+00
0.000000000000000000e+00
0.000000000000000000e+00
0.000000000000000000e+00
0.000000000000000000e+00
0.000000000000000000e+00
0.000000000000000000e+00
0.000000000000000000e+00
0.000000000000000000e+00
0.000000000000000000e+00
0.000000000000000000e+00
0.000000000000000000e+00
0.000000000000000000e+00
0.000000000000000000e+00
0.000000000000000000e+00
0.000000000000000000e+00
0.000000000000000000e+00
0.000000000000000000e+00
0.000000000000000000e+00
0.000000000000000000e+00
0.000000000000000000e+00
0.000000000000000000e+00
0.000000000000000000e+00
0.000000000000000000e+00
0.000000000000000000e+00
0.000000000000000000e+00
0.000000000000000000e+00
0.000000000000000000e+00
0.000000000000000000e+00
0.000000000000000000e+00
0.000000000000000000e+00
0.000000000000000000e+00
0.000000000000000000e+00
0.000000000000000000e+00
0.000000000000000000e+00
0.000000000000000000e+00
0.000000000000000000e+00
0.000000000000000000e+00
0.000000000000000000e+00
0.000000000000000000e+00
0.000000000000000000e+00
0.000000000000000000e+00
0.000000000000000000e+00
0.000000000000000000e+00
0.000000000000000000e+00
0.000000000000000000e+00
0.000000000000000000e+00
0.000000000000000000e+00
0.000000000000000000e+00
0.000000000000000000e+00
0.000000000000000000e+00
0.000000000000000000e+00
0.000000000000000000e+00
0.000000000000000000e+00
0.000000000000000000e+00
0.000000000000000000e+00
0.000000000000000000e+00
0.000000000000000000e+00
0.000000000000000000e+00
4.408948206796657696e-04
5.315373447369768807e-03
1.632345554029423704e-02
3.053003439237277419e-02
4.842332478821219366e-02
7.016951369325133414e-02
1.006815673998888716e-01
1.381683924649116102e-01
1.748120361238576226e-01
2.209296758892415613e-01
2.810277922084936653e-01
3.563626721593756153e-01
4.387456698697272395e-01
5.502496745711311643e-01
6.659543932769342867e-01
7.986416163127583179e-01
9.200778106984545124e-01
1.050737742541729913e+00
1.225162560784599730e+00
1.361962249016626547e+00
1.553485407635989191e+00
1.791411203475099079e+00
2.081519267302871068e+00
2.332290364862313226e+00
2.693818394603594513e+00
3.023545131956401288e+00
3.355972341913777246e+00
3.696356013267159568e+00
4.056663129400965850e+00
4.379768853373430915e+00
4.698537011348163261e+00
5.039932237416299365e+00
5.182853987993044420e+00
5.410741432994115030e+00
5.653439116812123189e+00
5.822919328293104435e+00
6.126143731951587235e+00
6.343462529927370142e+00
6.589288623010511436e+00
6.940287341531877097e+00
7.082602272702857249e+00
7.331620950358820998e+00
7.576743402232748892e+00
7.724236232813262326e+00
7.869052535522496505e+00
7.846915842324258428e+00
7.762257628307067669e+00
7.721388962762693708e+00
7.605677753438168764e+00
7.456370791760337013e+00
7.276810231128435724e+00
7.100928290262592313e+00
6.960222115528529763e+00
6.785259287260115180e+00
6.459235335413124446e+00
6.092479592434487223e+00
5.671264511266473463e+00
5.256807515908887396e+00
5.035620996704547103e+00
5.033524789688393675e+00
4.993321967990665300e+00
4.899934847466759891e+00
4.769911563279050526e+00
4.591394070492142987e+00
4.400272952851142172e+00
4.189970165971732108e+00
4.087939394704153351e+00
3.880691980550264208e+00
3.665328241245066732e+00
3.406325571767296445e+00
3.086174908160204566e+00
2.780867679651402025e+00
2.514400167314073009e+00
2.298606563560318339e+00
2.095793683221601977e+00
1.773423043092739126e+00
1.484095527719947682e+00
1.123560079128108846e+00
7.345651845928582446e-01
5.139073187666191034e-01
4.828476739887110347e-01
4.511497660199261794e-01
3.442624903989401908e-01
2.591320410898613757e-01
1.827234312342414790e-01
8.237438156029677772e-02
1.774208996394267823e-01
8.621021086370747599e-02
0.000000000000000000e+00
0.000000000000000000e+00
0.000000000000000000e+00
0.000000000000000000e+00
0.000000000000000000e+00
0.000000000000000000e+00
0.000000000000000000e+00
0.000000000000000000e+00
0.000000000000000000e+00
0.000000000000000000e+00
