2.766385056482126847e-01
4.301813515170884727e+00
9.991527067571366771e+00
1.417144592161590388e+01
1.696369613305573409e+01
1.842556679523642060e+01
1.916494213994861440e+01
1.938324240385117037e+01
1.902162280346949075e+01
1.845221738507900611e+01
1.757864288257609431e+01
1.672258723581614959e+01
1.588080802345057307e+01
1.480473565970440397e+01
1.369257428770905349e+01
1.293530489586962595e+01
1.209362316537131221e+01
1.121489980341327986e+01
1.023797490981549352e+01
9.522679087925309815e+00
8.892730533701094231e+00
8.232166954444895879e+00
7.583354401398288758e+00
7.030084662105206661e+00
6.494481767753660151e+00
5.957482255007673366e+00
5.521096576750498031e+00
5.079822676975882523e+00
4.689328965389310433e+00
4.361361220066485522e+00
3.997346722266194252e+00
3.689581384222562210e+00
3.371060966763419042e+00
3.205995692662293450e+00
2.907864992448592201e+00
2.739480715069066985e+00
2.467028819032745623e+00
2.285746153990640739e+00
2.131696938611216563e+00
1.906231828618438318e+00
1.799660241123703708e+00
1.625240036906989705e+00
1.548435498710967195e+00
1.400555087737372251e+00
1.262338891618905334e+00
1.195348309157941769e+00
1.032149663344035018e+00
9.888321960740248384e-01
9.165474215215865250e-01
8.516456830377558962e-01
7.920592814797298153e-01
6.950062989969506555e-01
6.400106502576771161e-01
5.787751808772273465e-01
5.175951739720534572e-01
4.936280233279464746e-01
4.449415859780159188e-01
3.836333390542836508e-01
3.725013809870771908e-01
3.460474844434587860e-01
2.969340323124459169e-01
2.556130505758154592e-01
2.544392422742111082e-01
2.257073900718778448e-01
2.050351653811537667e-01
1.851177476979432024e-01
1.816979651658831851e-01
1.437803056522422018e-01
1.429765182112970601e-01
1.333002184203312956e-01
1.219117846046187115e-01
9.673055817356222830e-02
9.339499064116955906e-02
7.966575138875305051e-02
6.422477177029688178e-02
6.394436232192490799e-02
6.042515664721973684e-02
5.866315744965621554e-02
4.429192077261194516e-02
3.638877622418475871e-02
3.801145632106746330e-02
3.255147040902228034e-02
2.909635627040849104e-02
2.905175802679537539e-02
2.368795135596614421e-02
1.958983905626583699e-02
1.689745874524041860e-02
1.311171617789722542e-02
1.057497123581954863e-02
1.213985077049834632e-02
9.309079187027894525e-03
1.112388533771790922e-02
8.860662877215326472e-03
7.214937293318076685e-03
6.866241101317557133e-03
6.578620349565154901e-03
2.784598321650100326e-03
3.162326673870533619e-03
4.511765018568866976e-03
2.739670068602262799e-03
