6.507982161249255881e+00
5.008263065887857124e+01
9.103773189261868026e+01
1.171661625048531192e+02
1.324165567194124549e+02
1.400826266456736562e+02
1.437312999305835888e+02
1.423154082952030706e+02
1.388494957533659999e+02
1.339248701909679653e+02
1.288789796115457023e+02
1.234837024164281019e+02
1.178623078120912737e+02
1.113530463598108184e+02
1.052417845075011087e+02
9.999830023265211310e+01
9.417364365602674070e+01
8.909602235620732813e+01
8.339117358290553739e+01
7.915377028103930002e+01
7.455530888297492709e+01
6.991015912489937989e+01
6.592967912478715675e+01
6.218415338709503004e+01
5.880645581493557472e+01
5.536328082250673788e+01
5.210949418448212356e+01
4.959327282620058952e+01
4.683989460464200505e+01
4.414493004374535445e+01
4.170560995768047263e+01
3.946968081671314366e+01
3.668888669900047006e+01
3.499831475073599307e+01
3.326489398977598455e+01
3.128717980238724294e+01
2.945232705714013477e+01
2.825520266335783859e+01
2.644312983414056717e+01
2.497699148694952953e+01
2.330075141193105637e+01
2.216901714019389402e+01
2.116592045604738814e+01
2.012016378621660451e+01
1.877728858224404007e+01
1.782228708644871418e+01
1.678090167043275471e+01
1.564514000337913835e+01
1.487333355900399035e+01
1.400259507466339848e+01
1.314024420241904423e+01
1.226904467171386948e+01
1.177471741144075246e+01
1.084874466013900474e+01
1.005095665673133176e+01
9.567444601378127800e+00
8.935483705176007874e+00
8.376636369338280375e+00
7.887658377264520126e+00
7.270551498001842639e+00
6.819512780149851849e+00
6.439180265249558666e+00
5.827310819129721153e+00
5.563219577655512893e+00
5.309239248234858266e+00
4.678795388825359503e+00
4.456272050030024801e+00
4.199726056914637518e+00
3.766661005338003410e+00
3.533690734418779122e+00
3.245411796864996035e+00
3.034383204428604319e+00
2.771978807808155754e+00
2.544783282410655545e+00
2.272400057409894814e+00
2.163585881973861813e+00
1.928876104737654140e+00
1.774262405015595068e+00
1.598636179077651542e+00
1.479832617318855847e+00
1.326749382824455870e+00
1.149404135367631419e+00
1.017548997323723059e+00
8.957459644561077683e-01
9.169217761907658693e-01
7.354730556500373995e-01
7.058510651230257560e-01
6.258316656071557516e-01
4.809192559419981916e-01
4.632084750942550566e-01
4.330169668259763460e-01
3.336120017534973670e-01
3.190005377933047837e-01
2.543931901242775795e-01
2.626011690268815202e-01
2.315825969522832539e-01
1.963015661220594010e-01
1.504983799453653570e-01
1.540245348901085609e-01
1.275113950547657748e-01
