0.000000000000000000e+00
0.000000000000000000e+00
0.000000000000000000e+00
0.000000000000000000e+00
0.000000000000000000e+00
0.000000000000000000e+00
0.000000000000000000e+00
0.000000000000000000e+00
0.000000000000000000e+00
0.000000000000000000e+00
0.000000000000000000e+00
0.000000000000000000e+00
0.000000000000000000e+00
0.000000000000000000e+00
0.000000000000000000e+00
0.000000000000000000e+00
0.000000000000000000e+00
0.000000000000000000e+00
0.000000000000000000e+00
0.000000000000000000e+00
0.000000000000000000e+00
0.000000000000000000e+00
0.000000000000000000e+00
0.000000000000000000e+00
0.000000000000000000e+00
0.000000000000000000e+00
0.000000000000000000e+00
0.000000000000000000e+00
0.000000000000000000e+00
0.000000000000000000e+00
0.000000000000000000e+00
0.000000000000000000e+00
0.000000000000000000e+00
0.000000000000000000e+00
0.000000000000000000e+00
0.000000000000000000e+00
0.000000000000000000e+00
0.000000000000000000e+00
0.000000000000000000e+00
0.000000000000000000e+00
0.000000000000000000e+00
0.000000000000000000e+00
0.000000000000000000e+00
0.000000000000000000e+00
0.000000000000000000e+00
0.000000000000000000e+00
0.000000000000000000e+00
0.000000000000000000e+00
0.000000000000000000e+00
0.000000000000000000e+00
0.000000000000000000e+00
0.000000000000000000e+00
0.000000000000000000e+00
0.000000000000000000e+00
2.736743881654689066e-04
0.000000000000000000e+00
1.983962486530212524e-03
-8.466992813988133415e-04
2.909369318155178609e-03
3.341002621133005307e-03
4.080013933765894857e-03
1.188133986093370051e-02
2.540291841784007160e-02
5.610861075208580656e-02
9.808990216987062416e-02
1.728654647223212826e-01
2.595820841448344130e-01
3.356786940966451915e-01
3.918603041441992563e-01
5.606172550863488535e-01
6.415210519212661833e-01
7.573438998147890011e-01
8.663004494246632214e-01
9.689642988370400500e-01
1.299712581824088220e+00
1.388637796476669628e+00
1.518930505866452174e+00
1.642381939136537294e+00
1.805672471063383799e+00
1.880016879436393396e+00
2.083634794577251093e+00
2.392561390162982082e+00
2.628741870065559372e+00
2.963745814475625018e+00
3.393678883382710065e+00
3.728548277887683060e+00
4.028200580071055192e+00
4.230659509761311554e+00
4.509818688950747223e+00
4.895071067796167519e+00
5.211840159074213830e+00
5.723329656987654168e+00
6.115709835349170120e+00
6.577074246295638638e+00
7.172788796272810963e+00
7.796261752791048494e+00
8.519896627987131765e+00
9.362772904935583895e+00
9.914625748937442751e+00
1.092030748496256543e+01
1.203599643419809517e+01
1.272232445650844923e+01
1.352083460441392404e+01
1.461942549707625716e+01
1.543660839592499912e+01
1.613470620646895881e+01
1.729088134584290160e+01
1.800717497481037199e+01
1.885505563857608990e+01
2.063305581356033969e+01
2.154743944459159621e+01
2.269890845261674173e+01
2.359071780173298194e+01
2.781493844115559000e+01
3.066212990811768790e+01
3.361438998064389949e+01
3.576161964858621900e+01
3.761426834021474974e+01
3.917921051345591366e+01
3.965364650514074896e+01
4.034562725430355812e+01
4.144293163091536769e+01
4.225123895108302463e+01
4.132721046349535499e+01
4.041585207310964023e+01
4.118249339086199257e+01
4.093744832703467296e+01
4.107098405172204991e+01
4.080632943537121804e+01
4.051315702222209580e+01
4.025042500812998725e+01
4.001618302761642099e+01
4.030861406705796668e+01
4.009968302971322629e+01
3.970740390718352586e+01
3.879404603575324018e+01
3.856032887993872293e+01
3.775284193810790612e+01
3.748996208656895135e+01
3.661727008516741932e+01
3.574899985914719025e+01
3.462937964532570589e+01
3.448741794613561495e+01
3.355594877084833882e+01
3.276576127183066234e+01
3.144272970956229329e+01
3.050953220895730311e+01
2.893695426048427777e+01
2.763743597967683030e+01
2.599774914139717197e+01
2.484484040589422449e+01
2.389190622510868778e+01
2.236932357180721098e+01
2.138782353339549402e+01
1.988210870062616920e+01
1.845660501007373000e+01
1.718820426747598518e+01
1.572767675603234494e+01
1.435078960958736971e+01
1.314035016477536466e+01
1.207784720136243273e+01
1.090159253036732068e+01
9.629829017480963316e+00
8.500576145494095570e+00
7.607198591011595568e+00
6.713101954860547949e+00
5.883496882049864318e+00
5.094735660896961171e+00
4.449425308004204993e+00
3.822003644785212817e+00
3.199382347980681107e+00
2.628150701520027610e+00
2.223079170981187236e+00
1.806460428662158613e+00
1.469949009494985637e+00
1.210996274985400412e+00
9.452216260299579620e-01
7.072971197852643277e-01
5.154419278660059556e-01
3.611089383724722102e-01
2.516681332597881515e-01
1.918613792337881818e-01
1.517418863777592053e-01
1.164200131810655681e-01
8.421378959659044094e-02
6.011715673673487248e-02
4.098469779499690213e-02
2.783833590059985041e-02
1.990467445194105817e-02
9.435646547968650280e-03
-4.724999178912816762e-05
0.000000000000000000e+00
0.000000000000000000e+00
0.000000000000000000e+00
0.000000000000000000e+00
0.000000000000000000e+00
0.000000000000000000e+00
0.000000000000000000e+00
0.000000000000000000e+00
0.000000000000000000e+00
0.000000000000000000e+00
