0.000000000000000000e+00
0.000000000000000000e+00
0.000000000000000000e+00
0.000000000000000000e+00
0.000000000000000000e+00
0.000000000000000000e+00
0.000000000000000000e+00
0.000000000000000000e+00
0.000000000000000000e+00
0.000000000000000000e+00
0.000000000000000000e+00
0.000000000000000000e+00
0.000000000000000000e+00
0.000000000000000000e+00
0.000000000000000000e+00
0.000000000000000000e+00
0.000000000000000000e+00
0.000000000000000000e+00
0.000000000000000000e+00
0.000000000000000000e+00
0.000000000000000000e+00
0.000000000000000000e+00
0.000000000000000000e+00
0.000000000000000000e+00
0.000000000000000000e+00
0.000000000000000000e+00
0.000000000000000000e+00
0.000000000000000000e+00
0.000000000000000000e+00
0.000000000000000000e+00
0.000000000000000000e+00
0.000000000000000000e+00
0.000000000000000000e+00
0.000000000000000000e+00
0.000000000000000000e+00
0.000000000000000000e+00
0.000000000000000000e+00
0.000000000000000000e+00
0.000000000000000000e+00
0.000000000000000000e+00
0.000000000000000000e+00
0.000000000000000000e+00
0.000000000000000000e+00
0.000000000000000000e+00
0.000000000000000000e+00
0.000000000000000000e+00
0.000000000000000000e+00
0.000000000000000000e+00
0.000000000000000000e+00
0.000000000000000000e+00
0.000000000000000000e+00
0.000000000000000000e+00
0.000000000000000000e+00
0.000000000000000000e+00
0.000000000000000000e+00
0.000000000000000000e+00
0.000000000000000000e+00
0.000000000000000000e+00
0.000000000000000000e+00
0.000000000000000000e+00
0.000000000000000000e+00
0.000000000000000000e+00
0.000000000000000000e+00
0.000000000000000000e+00
0.000000000000000000e+00
0.000000000000000000e+00
0.000000000000000000e+00
0.000000000000000000e+00
0.000000000000000000e+00
0.000000000000000000e+00
0.000000000000000000e+00
0.000000000000000000e+00
0.000000000000000000e+00
0.000000000000000000e+00
0.000000000000000000e+00
0.000000000000000000e+00
0.000000000000000000e+00
0.000000000000000000e+00
0.000000000000000000e+00
0.000000000000000000e+00
0.000000000000000000e+00
0.000000000000000000e+00
0.000000000000000000e+00
0.000000000000000000e+00
0.000000000000000000e+00
0.000000000000000000e+00
0.000000000000000000e+00
0.000000000000000000e+00
0.000000000000000000e+00
0.000000000000000000e+00
0.000000000000000000e+00
0.000000000000000000e+00
0.000000000000000000e+00
0.000000000000000000e+00
0.000000000000000000e+00
0.000000000000000000e+00
0.000000000000000000e+00
0.000000000000000000e+00
0.000000000000000000e+00
0.000000000000000000e+00
4.701614938837346017e+03
4.794883524609458618e+03
4.880633840497243000e+03
5.022961218773383735e+03
5.174832617066058447e+03
5.403757046216836898e+03
5.484328665293767699e+03
5.479944854679550190e+03
5.685561031459672449e+03
5.786425068225105861e+03
5.826880334794878763e+03
5.997039470943709603e+03
6.111611867558754966e+03
6.120003590857048948e+03
6.314220380992182982e+03
6.393969579304562103e+03
6.488955240054191563e+03
6.507738589472075546e+03
6.584885021880040767e+03
6.611356610634222307e+03
6.727019905051230126e+03
6.794145275711047361e+03
6.832330496940677222e+03
6.883070561057886152e+03
6.889978177878567294e+03
6.892594313492040783e+03
6.805851208699205927e+03
6.823129927614517328e+03
6.755198576421114012e+03
6.760121160580406467e+03
6.724682708639786142e+03
6.666920213600886200e+03
6.621027257960445240e+03
6.535263143263721759e+03
6.361285243952082965e+03
6.274387755195360114e+03
6.184621136180126996e+03
6.083258075853324044e+03
5.991575369926020358e+03
5.831765087838718500e+03
5.653075844283467632e+03
5.472727657314449971e+03
5.256934939167246739e+03
5.123707153302269944e+03
4.954915632292349073e+03
4.767668915976726566e+03
4.581368621465258911e+03
4.384370733120527802e+03
4.185713173147712951e+03
3.987352560925234229e+03
3.772177162842254802e+03
3.587265258078311490e+03
3.410173505233918149e+03
3.164085330687658370e+03
2.970747635202993479e+03
2.808672281400294651e+03
2.597049017957984233e+03
2.414581783019385057e+03
2.271391035683927385e+03
2.134375197057336663e+03
1.969091413832008129e+03
1.839254743249813373e+03
1.690722602085347717e+03
1.544174881749380802e+03
1.392506243708025750e+03
1.256919414759411666e+03
1.130223971774223628e+03
1.023215087568864078e+03
9.122002055117518466e+02
7.900545923593969064e+02
6.863335683076480791e+02
5.920383667648115988e+02
5.017262673349130750e+02
4.303725539921700260e+02
3.612375802019142270e+02
3.024382436308122237e+02
2.483633787279888168e+02
1.939199463770692091e+02
1.534369284792324777e+02
1.161099536068780083e+02
8.859143810325120683e+01
7.209509317467588119e+01
5.718947449018889273e+01
4.517031677315188887e+01
3.291650792764376376e+01
2.326223069500228036e+01
1.629058708125075228e+01
1.054873482147409014e+01
7.784515598201230624e+00
2.852799878890133645e+00
9.977033905229164279e-02
0.000000000000000000e+00
0.000000000000000000e+00
0.000000000000000000e+00
0.000000000000000000e+00
0.000000000000000000e+00
0.000000000000000000e+00
0.000000000000000000e+00
0.000000000000000000e+00
0.000000000000000000e+00
0.000000000000000000e+00
