4.349969262255337554e+01
6.928395339184252180e+02
1.623969332032738066e+03
2.314292374181631658e+03
2.779383462404837701e+03
3.026292028270038372e+03
3.154313573900076335e+03
3.196074706161930862e+03
3.141489726429628718e+03
3.052011249049784055e+03
2.911276904084448233e+03
2.772902243671960150e+03
2.636348265766943769e+03
2.459935906824823178e+03
2.277045365661917458e+03
2.153197842692198265e+03
2.014845279642166361e+03
1.869897314950309010e+03
1.708109429537365941e+03
1.589928008298639270e+03
1.485671345747453415e+03
1.376144116712416462e+03
1.268017482996068566e+03
1.176327778437721690e+03
1.087435713246076148e+03
9.978776792078796234e+02
9.251997755436643729e+02
8.517011133603140252e+02
7.865206804494165453e+02
7.318222995620195661e+02
6.709869781614709154e+02
6.194934442045843070e+02
5.662232522330078837e+02
5.386360274063122233e+02
4.886930678307032849e+02
4.605487750958325250e+02
4.149501645268857715e+02
3.844143149476120129e+02
3.585371438994472442e+02
3.207157103868364061e+02
3.029511776608690639e+02
2.735697142452810340e+02
2.607262793203040587e+02
2.358749786654397838e+02
2.126848909361654307e+02
2.012825084588720301e+02
1.738023398353690823e+02
1.665512795562995336e+02
1.543768301819193027e+02
1.434639010263934153e+02
1.334379234759914539e+02
1.171167309776096062e+02
1.078751018967592188e+02
9.755641724201244358e+01
8.724703544811291067e+01
8.319089703750870513e+01
7.500120356004600808e+01
6.468313114480190507e+01
6.281281013803570801e+01
5.833417561014949371e+01
5.004233029078893225e+01
4.308567074284297149e+01
4.290587899515897163e+01
3.805053665739610835e+01
3.457588243829723496e+01
3.120304373667386599e+01
3.064068864575559203e+01
2.423967466436316798e+01
2.408909622198647682e+01
2.246408988744766333e+01
2.055731919039272526e+01
1.629589742752443371e+01
1.573239604310656325e+01
1.343340383858569531e+01
1.082434819048107322e+01
1.076106242806082314e+01
1.018488983583652363e+01
9.882083649800044611e+00
7.450637675741632826e+00
6.118593220893560947e+00
6.391046589288624347e+00
5.476258066902359722e+00
4.892945660365975336e+00
4.881344046002260129e+00
3.977533168020297882e+00
3.297616988881444389e+00
2.837720617107382992e+00
2.198085921109504959e+00
1.779720928485887921e+00
2.038659588400160594e+00
1.563638830933855361e+00
1.863670553345177394e+00
1.489809540030829771e+00
1.209206142339405821e+00
1.149492966002113148e+00
1.102533260803341131e+00
4.645030116610409099e-01
5.289360247694464556e-01
7.560596779356671959e-01
4.575731962763510685e-01
