0.000000000000000000e+00
0.000000000000000000e+00
0.000000000000000000e+00
0.000000000000000000e+00
0.000000000000000000e+00
0.000000000000000000e+00
0.000000000000000000e+00
0.000000000000000000e+00
0.000000000000000000e+00
0.000000000000000000e+00
0.000000000000000000e+00
0.000000000000000000e+00
0.000000000000000000e+00
0.000000000000000000e+00
0.000000000000000000e+00
0.000000000000000000e+00
0.000000000000000000e+00
0.000000000000000000e+00
0.000000000000000000e+00
0.000000000000000000e+00
0.000000000000000000e+00
0.000000000000000000e+00
0.000000000000000000e+00
0.000000000000000000e+00
0.000000000000000000e+00
0.000000000000000000e+00
0.000000000000000000e+00
0.000000000000000000e+00
0.000000000000000000e+00
0.000000000000000000e+00
0.000000000000000000e+00
0.000000000000000000e+00
0.000000000000000000e+00
0.000000000000000000e+00
0.000000000000000000e+00
0.000000000000000000e+00
0.000000000000000000e+00
0.000000000000000000e+00
0.000000000000000000e+00
0.000000000000000000e+00
0.000000000000000000e+00
0.000000000000000000e+00
0.000000000000000000e+00
0.000000000000000000e+00
0.000000000000000000e+00
0.000000000000000000e+00
0.000000000000000000e+00
0.000000000000000000e+00
0.000000000000000000e+00
0.000000000000000000e+00
0.000000000000000000e+00
0.000000000000000000e+00
0.000000000000000000e+00
0.000000000000000000e+00
0.000000000000000000e+00
0.000000000000000000e+00
0.000000000000000000e+00
0.000000000000000000e+00
0.000000000000000000e+00
0.000000000000000000e+00
0.000000000000000000e+00
0.000000000000000000e+00
0.000000000000000000e+00
0.000000000000000000e+00
0.000000000000000000e+00
0.000000000000000000e+00
0.000000000000000000e+00
0.000000000000000000e+00
0.000000000000000000e+00
0.000000000000000000e+00
0.000000000000000000e+00
0.000000000000000000e+00
0.000000000000000000e+00
0.000000000000000000e+00
0.000000000000000000e+00
0.000000000000000000e+00
0.000000000000000000e+00
0.000000000000000000e+00
0.000000000000000000e+00
0.000000000000000000e+00
0.000000000000000000e+00
0.000000000000000000e+00
0.000000000000000000e+00
0.000000000000000000e+00
0.000000000000000000e+00
0.000000000000000000e+00
0.000000000000000000e+00
0.000000000000000000e+00
0.000000000000000000e+00
0.000000000000000000e+00
0.000000000000000000e+00
0.000000000000000000e+00
0.000000000000000000e+00
0.000000000000000000e+00
0.000000000000000000e+00
0.000000000000000000e+00
0.000000000000000000e+00
0.000000000000000000e+00
0.000000000000000000e+00
0.000000000000000000e+00
4.598146468096693695e+00
4.833211447745507705e+00
5.037067130173868534e+00
5.222450623198143127e+00
5.344887930287328004e+00
5.531940319292954378e+00
5.792479008102415783e+00
6.070153368689472195e+00
6.216882434471877161e+00
6.323155600136002086e+00
6.571221803668048089e+00
6.719123638509235441e+00
7.064218577832116708e+00
7.056365703577992754e+00
7.445815119037122010e+00
7.584459704638614852e+00
7.665442925388479267e+00
7.868235263076785557e+00
8.137382267792739654e+00
8.211903141149360152e+00
8.370027474588944472e+00
8.555439392407357957e+00
8.680788103936018629e+00
8.891088682489408868e+00
8.916844558134497944e+00
8.866055866721984202e+00
9.037530356888746397e+00
9.093618792087717395e+00
9.106190815700877295e+00
9.175664309870661839e+00
9.181133806898076344e+00
9.154168122245216921e+00
9.195699165643997475e+00
9.106224311966473195e+00
9.075690001048995370e+00
8.914743050290811155e+00
8.818817327855859034e+00
8.706659426558889692e+00
8.498639583119164342e+00
8.464526180478518569e+00
8.300683061731735535e+00
8.107643879739466541e+00
7.853870830792552660e+00
7.644143737575768149e+00
7.485786372691033641e+00
7.153318838214715925e+00
6.977690863752560979e+00
6.699010414802042845e+00
6.432290969768215128e+00
6.113074521724119137e+00
5.798073218586639932e+00
5.455524683491861815e+00
5.164171426669251552e+00
4.820520639938580487e+00
4.531004724190754729e+00
4.189514399740694728e+00
3.905391937502488364e+00
3.669148378434676339e+00
3.409892452311804156e+00
3.197409309650661946e+00
3.009072996176424208e+00
2.782962275179642120e+00
2.605845445369761038e+00
2.382126546784822718e+00
2.183733925462150616e+00
1.973399165673884514e+00
1.788137233830115580e+00
1.603959767324669494e+00
1.419038433943869082e+00
1.233566358028549192e+00
1.077859050707150157e+00
9.194281219654393267e-01
7.919674167156256495e-01
6.776327091969592820e-01
6.019449271085860476e-01
5.232141076047410744e-01
4.401908177272775835e-01
3.686205909027981953e-01
3.015821566856812797e-01
2.423653679007674311e-01
1.965770234614270251e-01
1.592151202699516876e-01
1.285070755091229644e-01
1.011549325073420463e-01
7.530443502509623355e-02
5.371219017808104984e-02
3.719629581825203979e-02
2.618918138873064377e-02
1.912727389874917597e-02
7.533863027735873512e-03
1.374749560255540291e-04
0.000000000000000000e+00
0.000000000000000000e+00
0.000000000000000000e+00
0.000000000000000000e+00
0.000000000000000000e+00
0.000000000000000000e+00
0.000000000000000000e+00
0.000000000000000000e+00
0.000000000000000000e+00
0.000000000000000000e+00
