5.698437622153693094e-02
7.887361674959466606e-01
1.780441861795211356e+00
2.505265310503988374e+00
2.988699634085476120e+00
3.241432426464929684e+00
3.368968116791184908e+00
3.406666925985100569e+00
3.343204490512992066e+00
3.243641455627560788e+00
3.091762765927365653e+00
2.941473313986277205e+00
2.794939148046315491e+00
2.606708215760090930e+00
2.412013156517505585e+00
2.280574650042427098e+00
2.133664805301447753e+00
1.980225737983558609e+00
1.808907756774914333e+00
1.683972662983860946e+00
1.573824862596651775e+00
1.457946707601645464e+00
1.343317147541170042e+00
1.246705864122816143e+00
1.152451694890642475e+00
1.057515440377493565e+00
9.810446130212971960e-01
9.029882593174447525e-01
8.338961591773108584e-01
7.758319613362387734e-01
7.111959149889693910e-01
6.568965191836875217e-01
6.003303084042036497e-01
5.712279626054240778e-01
5.180129646186468761e-01
4.884669363053119051e-01
4.401496660312801401e-01
4.078841794168988621e-01
3.803737755808282994e-01
3.401368213821462372e-01
3.214598116978234499e-01
2.901939888438475057e-01
2.767201816311883888e-01
2.501558990854572118e-01
2.256525157357447409e-01
2.135509544538499171e-01
1.843848861001889938e-01
1.767944178140856970e-01
1.639134741866699885e-01
1.523320006676955884e-01
1.417352208845153450e-01
1.243991439005335958e-01
1.146107254523877766e-01
1.036958551432597547e-01
9.263093872286766450e-02
8.846166222841657378e-02
7.968462183632338269e-02
6.886625987483808997e-02
6.675370385519921457e-02
6.200969803188239454e-02
5.325205681560567922e-02
4.578179665779529700e-02
4.563173497779959842e-02
4.052628649862554527e-02
3.678137790694526593e-02
3.323336143661063252e-02
3.263211817467065456e-02
2.580222469202799254e-02
2.566065850734121703e-02
2.391203801784982236e-02
2.191095112846372026e-02
1.736527028895951466e-02
1.681097964272987993e-02
1.433297808338205963e-02
1.152544441371854134e-02
1.145609716494593727e-02
1.085605710671253346e-02
1.055206720380539274e-02
7.939871157187342390e-03
6.520754382887451912e-03
6.831895409337922220e-03
5.827970804597191849e-03
5.216092834620120709e-03
5.204928116756561175e-03
4.244535166574535216e-03
3.525703797670251723e-03
3.016938696302878895e-03
2.336068241767461258e-03
1.905492286402146740e-03
2.175305735194019152e-03
1.668915276793240870e-03
1.981020168466688953e-03
1.593761890977977991e-03
1.287242775126067789e-03
1.220087901807766608e-03
1.175585651301730471e-03
4.928295720401914409e-04
5.633504592907206954e-04
8.027506122741912779e-04
4.846786954183893745e-04
