0.000000000000000000e+00
0.000000000000000000e+00
0.000000000000000000e+00
0.000000000000000000e+00
0.000000000000000000e+00
0.000000000000000000e+00
0.000000000000000000e+00
0.000000000000000000e+00
0.000000000000000000e+00
0.000000000000000000e+00
0.000000000000000000e+00
0.000000000000000000e+00
0.000000000000000000e+00
0.000000000000000000e+00
0.000000000000000000e+00
0.000000000000000000e+00
0.000000000000000000e+00
0.000000000000000000e+00
0.000000000000000000e+00
0.000000000000000000e+00
1.734366325400879987e+02
1.951197903595686114e+02
2.159177084419742130e+02
2.323696061581070467e+02
2.433075049179633140e+02
2.466061894413013533e+02
2.388172472835629208e+02
2.216983941712782666e+02
1.947276800803910817e+02
1.617789903512910712e+02
1.230270019118281084e+02
8.701015751324129610e+01
5.488037011250775521e+01
2.986713987856184715e+01
1.339546532297018544e+01
4.406896500046763698e+00
8.797104913105915358e-01
8.411432237632783526e-02
2.015348656278119824e-04
0.000000000000000000e+00
0.000000000000000000e+00
