3.556147554171942602e+02
3.387411612342435092e+03
6.815512721786744805e+03
9.293731809728362350e+03
1.107930047653205656e+04
1.217886511721370698e+04
1.286310462142590950e+04
1.323241405343238330e+04
1.328313960141968710e+04
1.324949172458772773e+04
1.298698371797556683e+04
1.268543653090834596e+04
1.231052771418649172e+04
1.194598002136124160e+04
1.142724409960060075e+04
1.087494566922448212e+04
1.051846385259467752e+04
9.982133537632507796e+03
9.575398812640807591e+03
9.042782879052283533e+03
8.671203092023919453e+03
8.291494042858799730e+03
7.828607032532291669e+03
7.505163639598747068e+03
7.094343469036592069e+03
6.743163421426364948e+03
6.466828647450278368e+03
6.160538135278185109e+03
5.771751963934102605e+03
5.544448237679826889e+03
5.217591918774972328e+03
4.946135034412431196e+03
4.724757440466430126e+03
4.481207251715435632e+03
4.269211711758394813e+03
4.023877977943015594e+03
3.767647554911947282e+03
3.614093782628433019e+03
3.443748219050034095e+03
3.282536678860606571e+03
3.072290451734733779e+03
2.921721717286240164e+03
2.766997084333173916e+03
2.631404438236155329e+03
2.455725953970032606e+03
2.370329986912228833e+03
2.244580388238465730e+03
2.092647374085204774e+03
1.981436770416947411e+03
1.893661536258892056e+03
1.761467916187722722e+03
1.643500260497673708e+03
1.543438206074020172e+03
1.454996861690084415e+03
1.381417185800745301e+03
1.285593448251785730e+03
1.197169986284789047e+03
1.136840746008092765e+03
1.031730887960967493e+03
1.018998785154810093e+03
9.461087453877315738e+02
8.959967997989764399e+02
8.017734423922012184e+02
7.326274026598292721e+02
6.918979112743843416e+02
6.405809261596209581e+02
5.908483661458908500e+02
5.576539790369013190e+02
5.325383441976218819e+02
4.875836110346571104e+02
4.442363776786880862e+02
3.871157056113696626e+02
3.649999432478620065e+02
3.376317101916232559e+02
3.219283322969712344e+02
2.968814654062019258e+02
2.575232040431766904e+02
2.462107234529155733e+02
2.172990474910187970e+02
1.845205328953917956e+02
1.731102478433042791e+02
1.552260737430158599e+02
1.378863721669580684e+02
1.253712184639928040e+02
1.146858679513512556e+02
9.865476770456018585e+01
8.834791010325282912e+01
7.243760965700305121e+01
6.853567720760537441e+01
5.748647645112318827e+01
5.526062614987228017e+01
4.958188422148212737e+01
4.375492499740129659e+01
3.574480120303936559e+01
3.455396499600573890e+01
2.865197452236958142e+01
2.462651127485949942e+01
1.907519872876263989e+01
1.771925524919684491e+01
1.409252573221892035e+01
