0.000000000000000000e+00
0.000000000000000000e+00
0.000000000000000000e+00
0.000000000000000000e+00
0.000000000000000000e+00
0.000000000000000000e+00
0.000000000000000000e+00
0.000000000000000000e+00
0.000000000000000000e+00
0.000000000000000000e+00
0.000000000000000000e+00
0.000000000000000000e+00
0.000000000000000000e+00
0.000000000000000000e+00
0.000000000000000000e+00
0.000000000000000000e+00
0.000000000000000000e+00
0.000000000000000000e+00
0.000000000000000000e+00
0.000000000000000000e+00
0.000000000000000000e+00
0.000000000000000000e+00
0.000000000000000000e+00
0.000000000000000000e+00
0.000000000000000000e+00
0.000000000000000000e+00
0.000000000000000000e+00
0.000000000000000000e+00
0.000000000000000000e+00
0.000000000000000000e+00
0.000000000000000000e+00
0.000000000000000000e+00
0.000000000000000000e+00
0.000000000000000000e+00
0.000000000000000000e+00
0.000000000000000000e+00
0.000000000000000000e+00
0.000000000000000000e+00
0.000000000000000000e+00
0.000000000000000000e+00
0.000000000000000000e+00
0.000000000000000000e+00
0.000000000000000000e+00
0.000000000000000000e+00
0.000000000000000000e+00
0.000000000000000000e+00
0.000000000000000000e+00
0.000000000000000000e+00
0.000000000000000000e+00
0.000000000000000000e+00
0.000000000000000000e+00
0.000000000000000000e+00
0.000000000000000000e+00
0.000000000000000000e+00
1.532285340126781162e-05
0.000000000000000000e+00
1.510271233148025179e-04
-8.717691711993161383e-05
2.477710042581381502e-04
1.653458826892621064e-04
3.440428035558365863e-04
9.557689306877591336e-04
2.233841467068428503e-03
4.819327615913267422e-03
8.747949970292758989e-03
1.549468965712759612e-02
2.285960366486710499e-02
2.911896552361410706e-02
3.408539577501121243e-02
4.904417420315027032e-02
5.693027296512914726e-02
6.667150873412333589e-02
7.755528334528594137e-02
8.827479896256151815e-02
1.195294526092976484e-01
1.276596457915061267e-01
1.380605043131567233e-01
1.518449524822405028e-01
1.665713012739061250e-01
1.744578536703741134e-01
1.952395485613097614e-01
2.240154397834411004e-01
2.484832288774885545e-01
2.804179161320802249e-01
3.250041283628943845e-01
3.574656642021230568e-01
3.891755768286956352e-01
4.082079639556349115e-01
4.412643431258242988e-01
4.819988123088793097e-01
5.125069779803697045e-01
5.666832336828153682e-01
6.098704884324845921e-01
6.566319898661984178e-01
7.244392542066567797e-01
7.864276642663686756e-01
8.648965050810564215e-01
9.527804485573635462e-01
1.028203659349766319e+00
1.140094779455637308e+00
1.264997323241680904e+00
1.341197005855222502e+00
1.438726456455185376e+00
1.570425826392720658e+00
1.670933513181116714e+00
1.757486843690175382e+00
1.898492412411245445e+00
1.998180479840167889e+00
2.128414480465853575e+00
2.332933697856962585e+00
2.461611555022700237e+00
2.618850246276819949e+00
2.794895138367513798e+00
3.323164013784316584e+00
3.681528509010253192e+00
4.064400439419039834e+00
4.366695620235290676e+00
4.660902424100552111e+00
4.887288641392147248e+00
5.013644407756177479e+00
5.175818931573042292e+00
5.363180352918841542e+00
5.534661800105215690e+00
5.498914245495480024e+00
5.460234481588430278e+00
5.635669587332046149e+00
5.692966071215220580e+00
5.793855934990961742e+00
5.841306222747348009e+00
5.900520702014889096e+00
5.966313026935142538e+00
6.043428714002502922e+00
6.195939364880324263e+00
6.286775249771853424e+00
6.327557954967995002e+00
6.305772534655906369e+00
6.390670229967719607e+00
6.401226879721829022e+00
6.484827959757770266e+00
6.466798954802064792e+00
6.452076290323466523e+00
6.404153165890141608e+00
6.493462368906082638e+00
6.466309609541665893e+00
6.437796558196338559e+00
6.327322849609456235e+00
6.262228708574969716e+00
6.087791941455354738e+00
5.950298690431312210e+00
5.725432973739137843e+00
5.592843937521249309e+00
5.501856720315851490e+00
5.279588286126497998e+00
5.157953910862000946e+00
4.918077567511432768e+00
4.686350229916878440e+00
4.488175931547874420e+00
4.229655380118336971e+00
3.964967018268847454e+00
3.738959639993555850e+00
3.529628073291243950e+00
3.289990482422163520e+00
3.016070229663404767e+00
2.770899781059930955e+00
2.576318718079777970e+00
2.373466090226518332e+00
2.171425186591397605e+00
1.961213930598283639e+00
1.794012516314071215e+00
1.618442648635969094e+00
1.438596481924077963e+00
1.261087404310046400e+00
1.135844431500415475e+00
9.839544786241161134e-01
8.434039821110532742e-01
7.239898677554530426e-01
6.038614395424368730e-01
4.917441164237006390e-01
3.992031762953953677e-01
3.189030047343832663e-01
2.496748627596911407e-01
2.017642791428144455e-01
1.565701085184439678e-01
1.182606126712278521e-01
8.670834893408010946e-02
6.203834014262008673e-02
4.209489864925850672e-02
2.844808461934311694e-02
2.040610215222331617e-02
9.731795063512450189e-03
-5.248813751465515641e-05
0.000000000000000000e+00
0.000000000000000000e+00
0.000000000000000000e+00
0.000000000000000000e+00
0.000000000000000000e+00
0.000000000000000000e+00
0.000000000000000000e+00
0.000000000000000000e+00
0.000000000000000000e+00
0.000000000000000000e+00
