0.000000000000000000e+00
0.000000000000000000e+00
0.000000000000000000e+00
0.000000000000000000e+00
0.000000000000000000e+00
0.000000000000000000e+00
0.000000000000000000e+00
0.000000000000000000e+00
0.000000000000000000e+00
0.000000000000000000e+00
0.000000000000000000e+00
0.000000000000000000e+00
0.000000000000000000e+00
0.000000000000000000e+00
0.000000000000000000e+00
0.000000000000000000e+00
0.000000000000000000e+00
0.000000000000000000e+00
0.000000000000000000e+00
0.000000000000000000e+00
0.000000000000000000e+00
0.000000000000000000e+00
0.000000000000000000e+00
0.000000000000000000e+00
0.000000000000000000e+00
0.000000000000000000e+00
0.000000000000000000e+00
0.000000000000000000e+00
0.000000000000000000e+00
0.000000000000000000e+00
0.000000000000000000e+00
0.000000000000000000e+00
0.000000000000000000e+00
0.000000000000000000e+00
0.000000000000000000e+00
0.000000000000000000e+00
0.000000000000000000e+00
0.000000000000000000e+00
0.000000000000000000e+00
0.000000000000000000e+00
0.000000000000000000e+00
0.000000000000000000e+00
0.000000000000000000e+00
0.000000000000000000e+00
0.000000000000000000e+00
0.000000000000000000e+00
0.000000000000000000e+00
0.000000000000000000e+00
0.000000000000000000e+00
0.000000000000000000e+00
0.000000000000000000e+00
0.000000000000000000e+00
0.000000000000000000e+00
0.000000000000000000e+00
0.000000000000000000e+00
0.000000000000000000e+00
0.000000000000000000e+00
0.000000000000000000e+00
0.000000000000000000e+00
0.000000000000000000e+00
0.000000000000000000e+00
0.000000000000000000e+00
0.000000000000000000e+00
0.000000000000000000e+00
0.000000000000000000e+00
0.000000000000000000e+00
0.000000000000000000e+00
0.000000000000000000e+00
0.000000000000000000e+00
0.000000000000000000e+00
0.000000000000000000e+00
0.000000000000000000e+00
0.000000000000000000e+00
0.000000000000000000e+00
0.000000000000000000e+00
0.000000000000000000e+00
0.000000000000000000e+00
0.000000000000000000e+00
0.000000000000000000e+00
0.000000000000000000e+00
0.000000000000000000e+00
0.000000000000000000e+00
0.000000000000000000e+00
0.000000000000000000e+00
0.000000000000000000e+00
0.000000000000000000e+00
0.000000000000000000e+00
0.000000000000000000e+00
0.000000000000000000e+00
0.000000000000000000e+00
0.000000000000000000e+00
0.000000000000000000e+00
0.000000000000000000e+00
0.000000000000000000e+00
0.000000000000000000e+00
0.000000000000000000e+00
0.000000000000000000e+00
0.000000000000000000e+00
0.000000000000000000e+00
0.000000000000000000e+00
0.000000000000000000e+00
0.000000000000000000e+00
0.000000000000000000e+00
5.626903803286545727e-03
6.777667005550459811e-02
2.079088143187435567e-01
3.886794984295871003e-01
6.166072930302241017e-01
8.946240792485378179e-01
1.279932003147916886e+00
1.741606243121370801e+00
2.165112052704168732e+00
2.672731375511214758e+00
3.315213908734056414e+00
4.080902845202412088e+00
4.886928979822380725e+00
5.938245409173487310e+00
7.007270333332288992e+00
8.271780489304070727e+00
9.415547276185165515e+00
1.065239991634294014e+01
1.229596837849032731e+01
1.349136515465060349e+01
1.519125169811382925e+01
1.729372145659459648e+01
1.975000549156638741e+01
2.168972244572234942e+01
2.443546893858635016e+01
2.671172618473663718e+01
2.886745837937802861e+01
3.098923372503687901e+01
3.331743311240008154e+01
3.532878688333590844e+01
3.742175060683887011e+01
3.995929522931990618e+01
4.097297063903219083e+01
4.268715786858849981e+01
4.441956258393860679e+01
4.535206881064194562e+01
4.723782223222163879e+01
4.825064195075974993e+01
4.930881632724990027e+01
5.102868805273556063e+01
5.097685705602705752e+01
5.154369237622895383e+01
5.196171388295731219e+01
5.188906049909949303e+01
5.254862179140283018e+01
5.242887295260455005e+01
5.185875301922843761e+01
5.140440821789005099e+01
5.044601743477121403e+01
4.928084472662314397e+01
4.798947248312158109e+01
4.687631312601862987e+01
4.616633173838607718e+01
4.527616165459324549e+01
4.337409763958883246e+01
4.124986393516317662e+01
3.875526261227636837e+01
3.609428883006360422e+01
3.416637888478118157e+01
3.299987514076980943e+01
3.140361011281761705e+01
2.947445590188217324e+01
2.714766548520275435e+01
2.431267271085556203e+01
2.146533867167291731e+01
1.923639991617684686e+01
1.842193750211635006e+01
1.715011817407889083e+01
1.542879673737464863e+01
1.357220272487187174e+01
1.135212516591044896e+01
9.201742059992062295e+00
7.715294372388684430e+00
7.084665317626186898e+00
6.502552080508779753e+00
5.300940580981623462e+00
4.272413344175443051e+00
3.011582551885235937e+00
1.664807935788370497e+00
9.449926544317608368e-01
9.456657816825788654e-01
9.481443783771600353e-01
6.964285899940960700e-01
5.272253895585374828e-01
3.787797663182285723e-01
1.844265728810756400e-01
3.760825492875028986e-01
1.807454862864846523e-01
0.000000000000000000e+00
0.000000000000000000e+00
0.000000000000000000e+00
0.000000000000000000e+00
0.000000000000000000e+00
0.000000000000000000e+00
0.000000000000000000e+00
0.000000000000000000e+00
0.000000000000000000e+00
0.000000000000000000e+00
