0.000000000000000000e+00
0.000000000000000000e+00
0.000000000000000000e+00
0.000000000000000000e+00
0.000000000000000000e+00
0.000000000000000000e+00
0.000000000000000000e+00
0.000000000000000000e+00
0.000000000000000000e+00
0.000000000000000000e+00
0.000000000000000000e+00
0.000000000000000000e+00
0.000000000000000000e+00
0.000000000000000000e+00
0.000000000000000000e+00
0.000000000000000000e+00
0.000000000000000000e+00
0.000000000000000000e+00
0.000000000000000000e+00
0.000000000000000000e+00
0.000000000000000000e+00
0.000000000000000000e+00
0.000000000000000000e+00
0.000000000000000000e+00
0.000000000000000000e+00
0.000000000000000000e+00
0.000000000000000000e+00
0.000000000000000000e+00
0.000000000000000000e+00
0.000000000000000000e+00
0.000000000000000000e+00
0.000000000000000000e+00
0.000000000000000000e+00
0.000000000000000000e+00
0.000000000000000000e+00
0.000000000000000000e+00
0.000000000000000000e+00
0.000000000000000000e+00
0.000000000000000000e+00
0.000000000000000000e+00
0.000000000000000000e+00
0.000000000000000000e+00
0.000000000000000000e+00
0.000000000000000000e+00
0.000000000000000000e+00
0.000000000000000000e+00
0.000000000000000000e+00
0.000000000000000000e+00
0.000000000000000000e+00
0.000000000000000000e+00
0.000000000000000000e+00
0.000000000000000000e+00
0.000000000000000000e+00
0.000000000000000000e+00
0.000000000000000000e+00
0.000000000000000000e+00
0.000000000000000000e+00
0.000000000000000000e+00
0.000000000000000000e+00
0.000000000000000000e+00
0.000000000000000000e+00
0.000000000000000000e+00
0.000000000000000000e+00
0.000000000000000000e+00
0.000000000000000000e+00
0.000000000000000000e+00
0.000000000000000000e+00
0.000000000000000000e+00
0.000000000000000000e+00
0.000000000000000000e+00
0.000000000000000000e+00
0.000000000000000000e+00
0.000000000000000000e+00
0.000000000000000000e+00
0.000000000000000000e+00
0.000000000000000000e+00
0.000000000000000000e+00
0.000000000000000000e+00
0.000000000000000000e+00
0.000000000000000000e+00
0.000000000000000000e+00
0.000000000000000000e+00
0.000000000000000000e+00
0.000000000000000000e+00
0.000000000000000000e+00
0.000000000000000000e+00
0.000000000000000000e+00
0.000000000000000000e+00
0.000000000000000000e+00
0.000000000000000000e+00
0.000000000000000000e+00
0.000000000000000000e+00
0.000000000000000000e+00
0.000000000000000000e+00
0.000000000000000000e+00
0.000000000000000000e+00
0.000000000000000000e+00
0.000000000000000000e+00
0.000000000000000000e+00
0.000000000000000000e+00
0.000000000000000000e+00
0.000000000000000000e+00
1.966732448009795217e-05
1.618768709515851917e-04
4.046619426881897775e-04
1.770267612750441163e-03
4.707855779830545130e-03
1.084613767837680487e-02
1.800793212697227377e-02
2.721375789524203490e-02
3.926104152009381870e-02
5.171355833192485540e-02
6.551077948467554091e-02
7.741104110543788053e-02
9.692623611111146620e-02
1.148446436115969777e-01
1.338144495633838416e-01
1.570484266860362466e-01
1.815459226367928669e-01
2.085386017296376182e-01
2.358104010959713448e-01
2.713164945118483606e-01
3.083824145384707616e-01
3.550087868235022870e-01
4.062333421820897295e-01
4.538499628326939650e-01
5.162904385687347997e-01
5.721002696698882506e-01
6.172468575457429329e-01
6.790419425667051367e-01
7.289939172124694222e-01
7.970537224130000986e-01
8.497171703937933529e-01
9.035978414383406543e-01
9.777639498834890253e-01
1.031210763693394705e+00
1.108380507032306284e+00
1.200439218598112756e+00
1.251557374599517658e+00
1.339971148642777221e+00
1.423426761794013506e+00
1.484264274175082443e+00
1.570868377926071924e+00
1.634268239994545402e+00
1.716918495719278237e+00
1.777681229868377732e+00
1.876884007165010582e+00
1.985746143929559837e+00
2.047569203408131866e+00
2.137605947511488136e+00
2.216447791049384275e+00
2.328690811415452533e+00
2.405410089395210615e+00
2.515083903443496638e+00
2.569799964312131646e+00
2.637743910353520960e+00
2.704216416864978711e+00
2.754525805241769376e+00
2.802842920614611710e+00
2.839633629721208585e+00
2.887527650937690371e+00
2.910706793661690828e+00
2.906151907696284731e+00
2.927316696173259292e+00
2.921430168798452964e+00
2.892323546879314922e+00
2.872081038115236851e+00
2.830346998346156884e+00
2.736375154845446467e+00
2.673951697639716851e+00
2.588007014931399397e+00
2.468549176308393545e+00
2.329289665043345448e+00
2.170875830951241703e+00
1.974645822449928367e+00
1.824467159379009829e+00
1.705938994135594466e+00
1.578217418207211065e+00
1.388571813425429680e+00
1.185030210197544065e+00
9.540633818796634413e-01
6.904313927828622521e-01
5.368434065936200650e-01
5.033466004820339457e-01
4.661075792547340058e-01
3.727368466501209676e-01
2.908632443602091056e-01
2.203759609348293902e-01
1.247470399864044066e-01
2.330821946270432710e-01
1.114299914944618664e-01
0.000000000000000000e+00
0.000000000000000000e+00
0.000000000000000000e+00
0.000000000000000000e+00
0.000000000000000000e+00
0.000000000000000000e+00
0.000000000000000000e+00
0.000000000000000000e+00
0.000000000000000000e+00
0.000000000000000000e+00
