0.000000000000000000e+00
0.000000000000000000e+00
0.000000000000000000e+00
0.000000000000000000e+00
0.000000000000000000e+00
0.000000000000000000e+00
0.000000000000000000e+00
0.000000000000000000e+00
0.000000000000000000e+00
0.000000000000000000e+00
0.000000000000000000e+00
0.000000000000000000e+00
0.000000000000000000e+00
0.000000000000000000e+00
0.000000000000000000e+00
0.000000000000000000e+00
0.000000000000000000e+00
0.000000000000000000e+00
0.000000000000000000e+00
0.000000000000000000e+00
0.000000000000000000e+00
0.000000000000000000e+00
0.000000000000000000e+00
0.000000000000000000e+00
0.000000000000000000e+00
0.000000000000000000e+00
0.000000000000000000e+00
0.000000000000000000e+00
0.000000000000000000e+00
0.000000000000000000e+00
0.000000000000000000e+00
0.000000000000000000e+00
0.000000000000000000e+00
0.000000000000000000e+00
0.000000000000000000e+00
0.000000000000000000e+00
0.000000000000000000e+00
0.000000000000000000e+00
0.000000000000000000e+00
0.000000000000000000e+00
0.000000000000000000e+00
0.000000000000000000e+00
0.000000000000000000e+00
0.000000000000000000e+00
0.000000000000000000e+00
0.000000000000000000e+00
0.000000000000000000e+00
0.000000000000000000e+00
0.000000000000000000e+00
0.000000000000000000e+00
0.000000000000000000e+00
0.000000000000000000e+00
0.000000000000000000e+00
0.000000000000000000e+00
2.488773241512417262e-05
0.000000000000000000e+00
2.053499015581987169e-04
-1.003920410020767579e-04
3.202802331466569181e-04
3.223931922974196070e-04
4.538576506318220752e-04
1.278744244433087330e-03
2.847866347324938888e-03
6.206237326702068041e-03
1.103674247005041048e-02
1.945967728289546214e-02
2.902263316712042074e-02
3.721569804586540020e-02
4.342228838087718729e-02
6.257929493336499005e-02
7.190812970658884418e-02
8.466543918478705577e-02
9.791087236854577325e-02
1.098668770037420223e-01
1.485859145915632562e-01
1.584773328122486835e-01
1.731522509930323028e-01
1.884607806492087367e-01
2.073678291342855584e-01
2.163228347247916072e-01
2.402185270521731697e-01
2.763389753670366100e-01
3.052194277187755267e-01
3.442977344892794167e-01
3.958212365688765777e-01
4.362013174533259097e-01
4.723516077301930793e-01
4.966644820326099885e-01
5.318736772211944963e-01
5.798340301596790480e-01
6.181672023535950133e-01
6.809542643535966278e-01
7.298869941181903576e-01
7.853156614653648004e-01
8.619246382984350197e-01
9.375512238309006152e-01
1.026350581065466505e+00
1.131590935504330098e+00
1.207265265766489515e+00
1.332591934845929416e+00
1.474348811012105021e+00
1.561164346650360413e+00
1.667285572027928264e+00
1.809117429601275528e+00
1.918261300241963507e+00
2.010363316243027221e+00
2.162238242343823114e+00
2.261994661340226198e+00
2.381493275101629337e+00
2.612237085262119063e+00
2.738370418526305805e+00
2.896677721269953931e+00
3.034180122639374755e+00
3.591883066023378923e+00
3.968719854738176789e+00
4.363270641524484184e+00
4.658247714206325441e+00
4.923252369579596888e+00
5.140853248097116968e+00
5.226538712887782268e+00
5.341222956702273983e+00
5.503242622955939467e+00
5.631972073583381366e+00
5.534296734706790843e+00
5.436217922023598881e+00
5.560709165262647247e+00
5.551300408714122447e+00
5.590925608493272136e+00
5.576337776580539973e+00
5.561722293081825086e+00
5.551135093361232009e+00
5.545814363583220441e+00
5.612293384017754683e+00
5.613156462202604224e+00
5.581630941518801237e+00
5.481553250338857097e+00
5.476630844101979534e+00
5.394302365051542481e+00
5.385604203042226423e+00
5.291122110722610294e+00
5.197632598549247973e+00
5.070482716622649377e+00
5.077565553420900990e+00
4.974495257442596241e+00
4.886833619986625799e+00
4.725102753398894073e+00
4.613312126241366329e+00
4.408763710440042338e+00
4.239657427647773424e+00
4.014834492591587534e+00
3.861273755736297275e+00
3.735711236125718759e+00
3.519095081466443897e+00
3.382561462603034474e+00
3.164318264186054996e+00
2.956870050227129010e+00
2.772403688983635650e+00
2.554702739384777654e+00
2.345561871226310213e+00
2.161118133711976697e+00
1.997444365742258254e+00
1.814666224622495605e+00
1.614715821246234917e+00
1.436291418246306684e+00
1.294777516599480371e+00
1.151237454714318265e+00
1.015691989229948300e+00
8.842222357781951425e-01
7.765603539244563258e-01
6.713587758001301475e-01
5.666218146831001334e-01
4.695305297934936894e-01
4.005518500622649025e-01
3.281371233751995131e-01
2.684141496637008073e-01
2.217837155955884043e-01
1.741678240076574569e-01
1.315032795939471977e-01
9.700077280702285032e-02
6.908735283792370729e-02
4.896804310189104698e-02
3.771086605400655184e-02
2.981703483497494256e-02
2.288892283070876818e-02
1.665676969390689557e-02
1.195594974797585530e-02
8.192944020456094031e-03
5.590481661518066463e-03
3.986157891952336364e-03
1.879701805160808800e-03
-8.776562910612977723e-06
0.000000000000000000e+00
0.000000000000000000e+00
0.000000000000000000e+00
0.000000000000000000e+00
0.000000000000000000e+00
0.000000000000000000e+00
0.000000000000000000e+00
0.000000000000000000e+00
0.000000000000000000e+00
0.000000000000000000e+00
