4.628000524666330273e-01
3.874560310836791199e+00
7.390389781985987838e+00
9.742880238432887197e+00
1.131673683559586863e+01
1.219985599796553544e+01
1.267027314275988736e+01
1.285694784282016734e+01
1.274220016750850881e+01
1.255578186698321019e+01
1.217872526379438725e+01
1.177230183777500017e+01
1.132496553070519418e+01
1.089446568362848922e+01
1.032873774589166160e+01
9.775390793988377069e+00
9.380012500959832522e+00
8.841119169308351289e+00
8.436492977991402853e+00
7.917500966987392808e+00
7.544081256442900951e+00
7.174578138332706523e+00
6.740729051086912449e+00
6.437053586940388428e+00
6.064054795142916454e+00
5.733639396251847486e+00
5.481296677383659777e+00
5.200473149045892640e+00
4.856554439091383735e+00
4.648500883715325216e+00
4.360537352394076471e+00
4.122178505551162608e+00
3.926924463122778874e+00
3.707866265071187772e+00
3.531021478767488730e+00
3.314909060381082018e+00
3.098587563351063778e+00
2.964711282281477178e+00
2.823575372241245329e+00
2.685524683474919794e+00
2.508702237080771003e+00
2.381942574503086441e+00
2.250653308780939277e+00
2.140891288805389703e+00
1.992584753723398938e+00
1.920522937751401704e+00
1.817893105608460846e+00
1.690117377978748836e+00
1.602903646133012616e+00
1.530723945049345280e+00
1.424752369513725858e+00
1.326279445005697166e+00
1.242753172637796277e+00
1.167898908353158127e+00
1.111681566222546991e+00
1.037575640260720578e+00
9.643736152945897588e-01
9.154869618222013505e-01
8.294471908661409376e-01
8.209565006657852937e-01
7.590616838059914828e-01
7.196266641303373790e-01
6.437795397814426446e-01
5.914533456988310123e-01
5.566843583437346421e-01
5.164866819586487745e-01
4.768005300440613659e-01
4.500730631529899495e-01
4.298894613237271844e-01
3.915936857383938152e-01
3.581200972837939589e-01
3.132608751597145136e-01
2.954796150057276138e-01
2.762438365042256816e-01
2.616390297818118604e-01
2.419912821036116768e-01
2.100027654415133893e-01
2.003511954060857025e-01
1.776194972295926655e-01
1.512751260444726853e-01
1.419282791625857687e-01
1.275104518083375049e-01
1.133363965487218100e-01
1.022314852692548792e-01
9.527741590655609827e-02
8.160541076458383003e-02
7.318157268862827969e-02
5.983744066793988264e-02
5.752892689131246934e-02
4.855035246397795823e-02
4.657751351826960179e-02
4.134286717151190726e-02
3.647019105162395414e-02
3.041224914304876611e-02
2.913801008182685323e-02
2.425937735922282720e-02
2.088337093000295838e-02
1.643635352518631187e-02
1.542156117814487068e-02
1.182740452164861289e-02
