0.000000000000000000e+00
0.000000000000000000e+00
0.000000000000000000e+00
0.000000000000000000e+00
0.000000000000000000e+00
0.000000000000000000e+00
0.000000000000000000e+00
0.000000000000000000e+00
0.000000000000000000e+00
0.000000000000000000e+00
0.000000000000000000e+00
0.000000000000000000e+00
0.000000000000000000e+00
0.000000000000000000e+00
0.000000000000000000e+00
0.000000000000000000e+00
0.000000000000000000e+00
0.000000000000000000e+00
0.000000000000000000e+00
0.000000000000000000e+00
2.501956498194511980e+01
2.976566371173825942e+01
3.457853533826839509e+01
3.905379239621731813e+01
4.278745488324816648e+01
4.503327904160712336e+01
4.507523071703209894e+01
4.328156672491322610e+01
3.917596163795910513e+01
3.334568609129745909e+01
2.563855970080484781e+01
1.815154929928127103e+01
1.279058440300193489e+01
7.927251721055294631e+00
4.034553037536900533e+00
1.817052307754059237e+00
5.625338255563258061e-01
5.601503622484356459e-02
0.000000000000000000e+00
0.000000000000000000e+00
0.000000000000000000e+00
