0.000000000000000000e+00
0.000000000000000000e+00
0.000000000000000000e+00
0.000000000000000000e+00
0.000000000000000000e+00
0.000000000000000000e+00
0.000000000000000000e+00
0.000000000000000000e+00
0.000000000000000000e+00
0.000000000000000000e+00
0.000000000000000000e+00
0.000000000000000000e+00
0.000000000000000000e+00
0.000000000000000000e+00
0.000000000000000000e+00
0.000000000000000000e+00
0.000000000000000000e+00
0.000000000000000000e+00
0.000000000000000000e+00
0.000000000000000000e+00
0.000000000000000000e+00
0.000000000000000000e+00
0.000000000000000000e+00
0.000000000000000000e+00
0.000000000000000000e+00
0.000000000000000000e+00
0.000000000000000000e+00
0.000000000000000000e+00
0.000000000000000000e+00
0.000000000000000000e+00
0.000000000000000000e+00
0.000000000000000000e+00
0.000000000000000000e+00
0.000000000000000000e+00
0.000000000000000000e+00
0.000000000000000000e+00
0.000000000000000000e+00
0.000000000000000000e+00
0.000000000000000000e+00
0.000000000000000000e+00
0.000000000000000000e+00
0.000000000000000000e+00
0.000000000000000000e+00
0.000000000000000000e+00
0.000000000000000000e+00
0.000000000000000000e+00
0.000000000000000000e+00
0.000000000000000000e+00
0.000000000000000000e+00
0.000000000000000000e+00
0.000000000000000000e+00
0.000000000000000000e+00
0.000000000000000000e+00
0.000000000000000000e+00
0.000000000000000000e+00
0.000000000000000000e+00
0.000000000000000000e+00
0.000000000000000000e+00
0.000000000000000000e+00
0.000000000000000000e+00
0.000000000000000000e+00
0.000000000000000000e+00
0.000000000000000000e+00
0.000000000000000000e+00
0.000000000000000000e+00
0.000000000000000000e+00
0.000000000000000000e+00
0.000000000000000000e+00
0.000000000000000000e+00
0.000000000000000000e+00
0.000000000000000000e+00
0.000000000000000000e+00
0.000000000000000000e+00
0.000000000000000000e+00
0.000000000000000000e+00
0.000000000000000000e+00
0.000000000000000000e+00
0.000000000000000000e+00
0.000000000000000000e+00
0.000000000000000000e+00
0.000000000000000000e+00
0.000000000000000000e+00
0.000000000000000000e+00
0.000000000000000000e+00
0.000000000000000000e+00
0.000000000000000000e+00
0.000000000000000000e+00
0.000000000000000000e+00
0.000000000000000000e+00
0.000000000000000000e+00
0.000000000000000000e+00
0.000000000000000000e+00
0.000000000000000000e+00
0.000000000000000000e+00
0.000000000000000000e+00
0.000000000000000000e+00
0.000000000000000000e+00
0.000000000000000000e+00
0.000000000000000000e+00
0.000000000000000000e+00
2.814733175163415879e+01
2.885124527345876544e+01
2.961974268607283634e+01
3.053145168202220816e+01
3.169651734946669919e+01
3.314953376672026053e+01
3.396469076971109047e+01
3.422051961301179546e+01
3.578604570169195398e+01
3.660174360218591971e+01
3.724295264980650444e+01
3.857432151226516481e+01
3.962330189609604503e+01
4.009276836160827884e+01
4.182284960651298888e+01
4.255811113629472686e+01
4.391609794751249041e+01
4.425488119730964343e+01
4.557555690632077727e+01
4.639976687447620662e+01
4.778831323936262976e+01
4.883834202654864498e+01
4.979680288436215108e+01
5.085469904773439964e+01
5.180057758851958738e+01
5.269256245195033017e+01
5.277579523265679740e+01
5.390976248000649917e+01
5.454313827287203509e+01
5.552158717460233817e+01
5.634484054931012054e+01
5.703071540696484476e+01
5.780309722624362934e+01
5.834353670680940240e+01
5.818375093700864653e+01
5.885647311774454238e+01
5.942253551541118384e+01
5.976950963348168244e+01
6.048441132277864796e+01
6.066437209655897789e+01
6.056191846465814876e+01
6.023171998533808136e+01
5.981731514499759328e+01
5.985133475364468580e+01
5.990749052848126865e+01
5.943687647432573584e+01
5.908046818568276137e+01
5.864189745174169133e+01
5.795356800619234861e+01
5.742121327668090203e+01
5.640338522447212455e+01
5.556250747439135296e+01
5.501019472777356611e+01
5.317301189080418311e+01
5.198181747126740504e+01
5.117963260706614648e+01
4.924142346400731185e+01
4.760784575606093938e+01
4.632433221818693170e+01
4.488389858336957872e+01
4.266547166140076541e+01
4.107389419674260012e+01
3.905419099527590987e+01
3.703039242600032566e+01
3.454076823205710411e+01
3.231129731993576826e+01
3.002043768526326417e+01
2.804294613011225223e+01
2.585012573116542001e+01
2.334491450496690135e+01
2.112215826105040506e+01
1.897692310060746124e+01
1.676353544650113747e+01
1.483530079938838853e+01
1.277734424821351134e+01
1.096168452668794302e+01
9.290734766337646278e+00
7.553464783552567674e+00
6.250355651538495927e+00
4.965765347244866845e+00
3.967545463648791237e+00
3.283412514089074641e+00
2.615772275839205907e+00
2.082927638440703166e+00
1.547400529845943229e+00
1.115959694923659207e+00
7.956095917221448488e-01
5.238715128096674833e-01
3.793297398371710538e-01
1.378472778817664834e-01
4.820872057621129574e-03
0.000000000000000000e+00
0.000000000000000000e+00
0.000000000000000000e+00
0.000000000000000000e+00
0.000000000000000000e+00
0.000000000000000000e+00
0.000000000000000000e+00
0.000000000000000000e+00
0.000000000000000000e+00
0.000000000000000000e+00
