0.000000000000000000e+00
0.000000000000000000e+00
0.000000000000000000e+00
0.000000000000000000e+00
0.000000000000000000e+00
0.000000000000000000e+00
0.000000000000000000e+00
0.000000000000000000e+00
0.000000000000000000e+00
0.000000000000000000e+00
0.000000000000000000e+00
0.000000000000000000e+00
0.000000000000000000e+00
0.000000000000000000e+00
0.000000000000000000e+00
0.000000000000000000e+00
0.000000000000000000e+00
0.000000000000000000e+00
0.000000000000000000e+00
0.000000000000000000e+00
0.000000000000000000e+00
0.000000000000000000e+00
0.000000000000000000e+00
0.000000000000000000e+00
0.000000000000000000e+00
0.000000000000000000e+00
0.000000000000000000e+00
0.000000000000000000e+00
0.000000000000000000e+00
0.000000000000000000e+00
0.000000000000000000e+00
0.000000000000000000e+00
0.000000000000000000e+00
0.000000000000000000e+00
0.000000000000000000e+00
0.000000000000000000e+00
0.000000000000000000e+00
0.000000000000000000e+00
0.000000000000000000e+00
0.000000000000000000e+00
0.000000000000000000e+00
0.000000000000000000e+00
0.000000000000000000e+00
0.000000000000000000e+00
0.000000000000000000e+00
0.000000000000000000e+00
0.000000000000000000e+00
0.000000000000000000e+00
0.000000000000000000e+00
0.000000000000000000e+00
0.000000000000000000e+00
0.000000000000000000e+00
0.000000000000000000e+00
0.000000000000000000e+00
1.579873819387518831e-05
0.000000000000000000e+00
1.879960259214475315e-04
-8.901415032622171110e-05
2.765109615641131576e-04
1.391895256349097421e-04
4.145496034800856240e-04
1.025998053830677083e-03
2.333504883838076645e-03
5.124319151971093271e-03
9.517112074084305845e-03
1.704077779822047584e-02
2.523009068674336719e-02
3.176849724361656413e-02
3.773025437190174330e-02
5.323694499990822004e-02
6.252264614933712716e-02
7.334279872671152500e-02
8.430024939089189595e-02
9.776118452601478825e-02
1.306621322180909484e-01
1.417189832638627578e-01
1.512735151767909403e-01
1.669918532744496809e-01
1.832938426502554730e-01
1.904462711368998529e-01
2.158381604073029425e-01
2.460296670454200918e-01
2.736233013933768721e-01
3.080485506945454532e-01
3.613162360796290384e-01
3.936150244844031088e-01
4.318080477515058857e-01
4.504248296596428114e-01
4.907972318147460489e-01
5.367964744128345123e-01
5.664063556853782266e-01
6.281881297710028011e-01
6.820001244635600646e-01
7.315625792716153875e-01
8.075880425060211198e-01
8.743720748170283885e-01
9.656882049606029250e-01
1.056503205222485198e+00
1.156539415747939170e+00
1.285034241588504544e+00
1.424435652139442787e+00
1.511791910366358849e+00
1.623169552392721426e+00
1.777551075302080452e+00
1.895084041161509303e+00
1.989973906748162324e+00
2.158963393583615886e+00
2.281077310527101609e+00
2.441209614211849122e+00
2.674632290184245864e+00
2.835003047877648008e+00
3.023817603926140407e+00
3.284373341412418768e+00
3.904828875476519023e+00
4.325228529934917354e+00
4.788265894469089012e+00
5.161543611413601518e+00
5.544941732256744693e+00
5.833080487576316031e+00
6.023995324529352047e+00
6.261605926001002409e+00
6.511895456886003686e+00
6.758392078412066795e+00
6.762067618247163736e+00
6.766407508183197805e+00
7.000758580981358392e+00
7.150544016310155904e+00
7.325250212786430737e+00
7.442126824150883557e+00
7.571715500748370964e+00
7.732869406583560590e+00
7.925282839332877138e+00
8.193517840791956885e+00
8.383158915183416937e+00
8.521459546853616729e+00
8.577793826254431764e+00
8.786978747273494150e+00
8.927451285848162499e+00
9.159719693801983809e+00
9.246948099244594488e+00
9.371513869558842913e+00
9.481199179004070388e+00
9.749442462618327809e+00
9.934560698461954331e+00
1.008383578937933045e+01
1.015471839116115937e+01
1.026061263333978246e+01
1.023295552566664313e+01
1.026453488466486519e+01
1.013820074332931576e+01
1.017474255902160074e+01
1.031654620835018399e+01
1.024710241245551678e+01
1.031174430330136182e+01
1.016748367120465524e+01
1.000694133773975025e+01
9.910760524673795757e+00
9.671238125555975174e+00
9.349676010639923263e+00
9.111684588683569785e+00
8.856094149409436511e+00
8.524931913466796018e+00
8.072311713996198179e+00
7.649224312584555818e+00
7.307133201047670390e+00
6.906477714213340668e+00
6.449922473374283705e+00
5.915381022537351541e+00
5.490196652872960215e+00
5.029334224064015757e+00
4.549212016437117256e+00
4.054118121545259079e+00
3.703776609446602475e+00
3.248336924064550324e+00
2.805715856274276998e+00
2.419424354596683813e+00
2.033907114851586151e+00
1.672874892870503283e+00
1.373635085286145863e+00
1.111657153072848070e+00
8.805683009882837586e-01
7.173305915159655655e-01
5.598455620590622184e-01
4.257736087246596357e-01
3.157557814384870931e-01
2.290273445945543718e-01
1.577860800339577207e-01
1.081209345219862339e-01
7.690270139397779869e-02
3.609359410632615589e-02
-1.575182789584172029e-04
0.000000000000000000e+00
0.000000000000000000e+00
0.000000000000000000e+00
0.000000000000000000e+00
0.000000000000000000e+00
0.000000000000000000e+00
0.000000000000000000e+00
0.000000000000000000e+00
0.000000000000000000e+00
0.000000000000000000e+00
