0.000000000000000000e+00
0.000000000000000000e+00
0.000000000000000000e+00
0.000000000000000000e+00
0.000000000000000000e+00
0.000000000000000000e+00
0.000000000000000000e+00
0.000000000000000000e+00
0.000000000000000000e+00
0.000000000000000000e+00
1.845378465812431545e-03
2.068081645078979555e-02
2.043922730974939428e-01
1.675407215154913976e+00
4.875800118222413104e+00
9.946199633407287521e+00
1.744870780513976882e+01
2.830499409250604970e+01
4.123758035480442175e+01
6.125950767477525005e+01
9.138812773243590470e+01
1.250574544756462672e+02
1.820918485548282035e+02
2.730387819522341033e+02
3.112935919067194277e+02
3.382799427205271172e+02
3.647760216939749967e+02
3.792253981700765166e+02
3.897995227516179284e+02
3.774856001805242158e+02
3.480597326991072009e+02
3.014068581487721872e+02
2.333863440291602558e+02
1.602240318891426227e+02
9.104922129040622281e+01
3.934718465008842259e+01
1.143847988256910853e+01
1.262181389473882476e+00
9.849233791610558994e-03
0.000000000000000000e+00
0.000000000000000000e+00
