0.000000000000000000e+00
0.000000000000000000e+00
0.000000000000000000e+00
0.000000000000000000e+00
0.000000000000000000e+00
0.000000000000000000e+00
0.000000000000000000e+00
0.000000000000000000e+00
0.000000000000000000e+00
0.000000000000000000e+00
0.000000000000000000e+00
0.000000000000000000e+00
0.000000000000000000e+00
0.000000000000000000e+00
0.000000000000000000e+00
0.000000000000000000e+00
0.000000000000000000e+00
0.000000000000000000e+00
0.000000000000000000e+00
0.000000000000000000e+00
0.000000000000000000e+00
0.000000000000000000e+00
0.000000000000000000e+00
0.000000000000000000e+00
0.000000000000000000e+00
0.000000000000000000e+00
0.000000000000000000e+00
0.000000000000000000e+00
0.000000000000000000e+00
0.000000000000000000e+00
0.000000000000000000e+00
0.000000000000000000e+00
0.000000000000000000e+00
0.000000000000000000e+00
0.000000000000000000e+00
0.000000000000000000e+00
0.000000000000000000e+00
0.000000000000000000e+00
0.000000000000000000e+00
0.000000000000000000e+00
0.000000000000000000e+00
0.000000000000000000e+00
0.000000000000000000e+00
0.000000000000000000e+00
0.000000000000000000e+00
0.000000000000000000e+00
0.000000000000000000e+00
0.000000000000000000e+00
0.000000000000000000e+00
0.000000000000000000e+00
0.000000000000000000e+00
0.000000000000000000e+00
0.000000000000000000e+00
0.000000000000000000e+00
0.000000000000000000e+00
0.000000000000000000e+00
0.000000000000000000e+00
0.000000000000000000e+00
0.000000000000000000e+00
0.000000000000000000e+00
0.000000000000000000e+00
0.000000000000000000e+00
0.000000000000000000e+00
0.000000000000000000e+00
0.000000000000000000e+00
0.000000000000000000e+00
0.000000000000000000e+00
0.000000000000000000e+00
0.000000000000000000e+00
0.000000000000000000e+00
0.000000000000000000e+00
0.000000000000000000e+00
0.000000000000000000e+00
0.000000000000000000e+00
0.000000000000000000e+00
0.000000000000000000e+00
0.000000000000000000e+00
0.000000000000000000e+00
0.000000000000000000e+00
0.000000000000000000e+00
0.000000000000000000e+00
0.000000000000000000e+00
0.000000000000000000e+00
0.000000000000000000e+00
0.000000000000000000e+00
0.000000000000000000e+00
0.000000000000000000e+00
0.000000000000000000e+00
0.000000000000000000e+00
0.000000000000000000e+00
0.000000000000000000e+00
0.000000000000000000e+00
0.000000000000000000e+00
0.000000000000000000e+00
0.000000000000000000e+00
0.000000000000000000e+00
0.000000000000000000e+00
0.000000000000000000e+00
0.000000000000000000e+00
0.000000000000000000e+00
0.000000000000000000e+00
0.000000000000000000e+00
2.013067078618495397e-04
1.657189698495274309e-03
4.114635454847386485e-03
1.793285034110813150e-02
4.746132725746011333e-02
1.091930165766398092e-01
1.808533232856401329e-01
2.723373550435858603e-01
3.905978165196431484e-01
5.104584495124950827e-01
6.401068814636258208e-01
7.481309015552654040e-01
9.255314469054689575e-01
1.082515953760829097e+00
1.245052412257089625e+00
1.443814420111260155e+00
1.647985624284680428e+00
1.868657436292654461e+00
2.082728902528543369e+00
2.363218834978233485e+00
2.645597875552321288e+00
3.000511326879498952e+00
3.382183008325347906e+00
3.724682132286110559e+00
4.190814645058729582e+00
4.592163369750882573e+00
4.902335482083800322e+00
5.328626363568239377e+00
5.642851094059206041e+00
6.089610363302768725e+00
6.401186080838116688e+00
6.703498860828319472e+00
7.147951917666535593e+00
7.407694381812019557e+00
7.825649380092039031e+00
8.324577006233322862e+00
8.500285866944560453e+00
8.925552564118953924e+00
9.268028203890480654e+00
9.437228347780152404e+00
9.743406155809783087e+00
9.842503162765614988e+00
1.003265921225540325e+01
1.003853914478908393e+01
1.021438371738800654e+01
1.044107451743353820e+01
1.036204343270562234e+01
1.037970712670348306e+01
1.026925001168012663e+01
1.025047026021074892e+01
1.000577429394743234e+01
9.900531465840975542e+00
9.639269647693495813e+00
9.494375623915717100e+00
9.289332317161331787e+00
8.927311441423761096e+00
8.499046652190667572e+00
7.966315778593796360e+00
7.477146640490655471e+00
7.054890357912553256e+00
6.738727546802910418e+00
6.473366196243820703e+00
6.011301602688742918e+00
5.475690126722912332e+00
4.888118953080408779e+00
4.272874985364189193e+00
3.759386432230373831e+00
3.553809790576059502e+00
3.315754206867004505e+00
2.912274514185340557e+00
2.489011966618198457e+00
2.004545526590279625e+00
1.477737726908155524e+00
1.163783299865868592e+00
1.096698516592905737e+00
1.028625038896932242e+00
8.336230483096429555e-01
6.540102643187988285e-01
4.506987507405622040e-01
2.254761966867885326e-01
1.081757726756217980e-01
1.160754758780129237e-01
1.233136035296032579e-01
8.704179186587292227e-02
6.469909436614340592e-02
4.577061259137987087e-02
2.107641609764498644e-02
4.536216714062704658e-02
2.243821538272634114e-02
0.000000000000000000e+00
0.000000000000000000e+00
0.000000000000000000e+00
0.000000000000000000e+00
0.000000000000000000e+00
0.000000000000000000e+00
0.000000000000000000e+00
0.000000000000000000e+00
0.000000000000000000e+00
0.000000000000000000e+00
