0.000000000000000000e+00
0.000000000000000000e+00
0.000000000000000000e+00
0.000000000000000000e+00
0.000000000000000000e+00
0.000000000000000000e+00
0.000000000000000000e+00
0.000000000000000000e+00
0.000000000000000000e+00
0.000000000000000000e+00
0.000000000000000000e+00
1.235788273072353088e-02
1.894251045438510861e-01
1.719086138213457238e+00
4.452371380619569941e+00
8.203674074597834931e+00
1.325919810969571699e+01
2.132337396516267702e+01
3.034679353303540239e+01
4.571050188729407893e+01
6.833309151559974737e+01
9.055503529343970115e+01
1.262299796632178470e+02
1.834467600757187995e+02
2.046116121848041871e+02
2.034507115572699831e+02
1.994340466438815156e+02
1.891648008403986694e+02
1.717971996760620357e+02
1.442752061140340345e+02
1.109946991452031853e+02
7.835051685726901383e+01
4.808972710665382522e+01
2.577423036691577352e+01
1.133069930449190466e+01
3.640901418423633906e+00
7.152398700825823852e-01
7.025795788780830886e-02
0.000000000000000000e+00
0.000000000000000000e+00
0.000000000000000000e+00
