0.000000000000000000e+00
0.000000000000000000e+00
0.000000000000000000e+00
0.000000000000000000e+00
0.000000000000000000e+00
0.000000000000000000e+00
0.000000000000000000e+00
0.000000000000000000e+00
0.000000000000000000e+00
0.000000000000000000e+00
0.000000000000000000e+00
0.000000000000000000e+00
0.000000000000000000e+00
0.000000000000000000e+00
0.000000000000000000e+00
0.000000000000000000e+00
0.000000000000000000e+00
0.000000000000000000e+00
0.000000000000000000e+00
0.000000000000000000e+00
0.000000000000000000e+00
0.000000000000000000e+00
0.000000000000000000e+00
0.000000000000000000e+00
0.000000000000000000e+00
0.000000000000000000e+00
0.000000000000000000e+00
0.000000000000000000e+00
0.000000000000000000e+00
0.000000000000000000e+00
0.000000000000000000e+00
0.000000000000000000e+00
0.000000000000000000e+00
0.000000000000000000e+00
0.000000000000000000e+00
0.000000000000000000e+00
0.000000000000000000e+00
0.000000000000000000e+00
0.000000000000000000e+00
0.000000000000000000e+00
0.000000000000000000e+00
0.000000000000000000e+00
0.000000000000000000e+00
0.000000000000000000e+00
0.000000000000000000e+00
0.000000000000000000e+00
0.000000000000000000e+00
0.000000000000000000e+00
0.000000000000000000e+00
0.000000000000000000e+00
0.000000000000000000e+00
0.000000000000000000e+00
0.000000000000000000e+00
0.000000000000000000e+00
0.000000000000000000e+00
0.000000000000000000e+00
0.000000000000000000e+00
0.000000000000000000e+00
0.000000000000000000e+00
0.000000000000000000e+00
0.000000000000000000e+00
0.000000000000000000e+00
0.000000000000000000e+00
0.000000000000000000e+00
0.000000000000000000e+00
0.000000000000000000e+00
0.000000000000000000e+00
0.000000000000000000e+00
0.000000000000000000e+00
0.000000000000000000e+00
0.000000000000000000e+00
0.000000000000000000e+00
0.000000000000000000e+00
0.000000000000000000e+00
0.000000000000000000e+00
0.000000000000000000e+00
0.000000000000000000e+00
0.000000000000000000e+00
0.000000000000000000e+00
0.000000000000000000e+00
0.000000000000000000e+00
0.000000000000000000e+00
0.000000000000000000e+00
0.000000000000000000e+00
0.000000000000000000e+00
0.000000000000000000e+00
0.000000000000000000e+00
0.000000000000000000e+00
0.000000000000000000e+00
0.000000000000000000e+00
0.000000000000000000e+00
0.000000000000000000e+00
0.000000000000000000e+00
0.000000000000000000e+00
0.000000000000000000e+00
0.000000000000000000e+00
0.000000000000000000e+00
0.000000000000000000e+00
0.000000000000000000e+00
0.000000000000000000e+00
0.000000000000000000e+00
0.000000000000000000e+00
2.592229549278095350e-05
2.136434170094688811e-04
5.319877533487841125e-04
2.341114220250001005e-03
6.307210117715329398e-03
1.475268717339642266e-02
2.479432566096981261e-02
3.778663118371847207e-02
5.468058665835769799e-02
7.183567883422599387e-02
9.038549502692741489e-02
1.057520100750133224e-01
1.308716700983809378e-01
1.530403922674640205e-01
1.760252295281719837e-01
2.047244671785368175e-01
2.357543424673977928e-01
2.712561291453463586e-01
3.077741974297434902e-01
3.552269534612227386e-01
4.042620557224178013e-01
4.660922250269431966e-01
5.337086395410400863e-01
5.944584035283405621e-01
6.700465686306438240e-01
7.318795069024542910e-01
7.774909474867548465e-01
8.429270486582217670e-01
8.925528621821756659e-01
9.610481230958715093e-01
1.006193866719109931e+00
1.047908982572122394e+00
1.110013449353968173e+00
1.140359759863530442e+00
1.193272873093015551e+00
1.257251071992207647e+00
1.272571099164018671e+00
1.331168086249642224e+00
1.381732121170424987e+00
1.410453202890453728e+00
1.461628043673577348e+00
1.481866956862994966e+00
1.516005883272233179e+00
1.523717208395204858e+00
1.564745037360309343e+00
1.627484616076519064e+00
1.654162724382134408e+00
1.700334982256984206e+00
1.730388759057138071e+00
1.783851925682508277e+00
1.800502037592315974e+00
1.824639476586354947e+00
1.782768104336153847e+00
1.717896318394443789e+00
1.631284423530162897e+00
1.524041443704410304e+00
1.395937741671626320e+00
1.244708733150225566e+00
1.115378112019995704e+00
1.047116292174932628e+00
1.057864801546027023e+00
1.090198233428865127e+00
1.081888060163863408e+00
1.072769845501430508e+00
1.070307233563059901e+00
1.054808917577390037e+00
9.977962486239156936e-01
9.242342568260717428e-01
8.359865571100165704e-01
7.358071641829547760e-01
6.205814327809519027e-01
4.852181055961660161e-01
3.399779572656445592e-01
2.611090871599823782e-01
2.608639982882257069e-01
2.622372106504907707e-01
2.289242535789654254e-01
2.024792592093669907e-01
1.749323582630944174e-01
1.423723377708804305e-01
1.206658816780228627e-01
1.095821050842255007e-01
9.752456503502443530e-02
7.790090566588629695e-02
5.885135128734483162e-02
4.190198388514759786e-02
1.929536976638066698e-02
4.152887209702428584e-02
2.054209125031332406e-02
0.000000000000000000e+00
0.000000000000000000e+00
0.000000000000000000e+00
0.000000000000000000e+00
0.000000000000000000e+00
0.000000000000000000e+00
0.000000000000000000e+00
0.000000000000000000e+00
0.000000000000000000e+00
0.000000000000000000e+00
