0.000000000000000000e+00
0.000000000000000000e+00
0.000000000000000000e+00
0.000000000000000000e+00
0.000000000000000000e+00
0.000000000000000000e+00
0.000000000000000000e+00
0.000000000000000000e+00
0.000000000000000000e+00
0.000000000000000000e+00
0.000000000000000000e+00
0.000000000000000000e+00
0.000000000000000000e+00
0.000000000000000000e+00
0.000000000000000000e+00
0.000000000000000000e+00
0.000000000000000000e+00
0.000000000000000000e+00
0.000000000000000000e+00
0.000000000000000000e+00
0.000000000000000000e+00
0.000000000000000000e+00
0.000000000000000000e+00
0.000000000000000000e+00
0.000000000000000000e+00
0.000000000000000000e+00
0.000000000000000000e+00
0.000000000000000000e+00
0.000000000000000000e+00
0.000000000000000000e+00
0.000000000000000000e+00
0.000000000000000000e+00
0.000000000000000000e+00
0.000000000000000000e+00
0.000000000000000000e+00
0.000000000000000000e+00
0.000000000000000000e+00
0.000000000000000000e+00
0.000000000000000000e+00
0.000000000000000000e+00
0.000000000000000000e+00
0.000000000000000000e+00
0.000000000000000000e+00
0.000000000000000000e+00
0.000000000000000000e+00
0.000000000000000000e+00
0.000000000000000000e+00
0.000000000000000000e+00
0.000000000000000000e+00
0.000000000000000000e+00
0.000000000000000000e+00
0.000000000000000000e+00
3.882704182631819910e-05
3.739670975086933593e-05
1.733220840957441539e-04
1.556633657501412503e-04
1.556682400596921779e-04
6.143485260070556415e-04
3.347313526259699319e-04
5.599313076359256885e-04
1.117112122685271847e-03
7.650916144165860466e-04
7.261445241286326041e-04
1.528250771810447679e-03
1.862987515729422035e-03
2.112483607742879528e-03
3.657874479533564094e-03
4.819300013634703062e-03
5.170638198597686877e-03
9.348747103178671469e-03
1.251690675566084765e-02
1.676250622599233589e-02
2.253038209215697113e-02
2.800434392697152830e-02
3.577654674242290722e-02
4.171691313351667818e-02
5.292759065842322919e-02
6.465500497861154106e-02
7.352103558627320901e-02
9.170543192840828473e-02
1.000549862734613354e-01
1.160773739240470587e-01
1.323419511239393165e-01
1.467396188917500788e-01
1.656481322738558859e-01
1.779730659298070505e-01
1.895413434878812919e-01
2.094361476456351456e-01
2.308604781920549354e-01
2.408318496137707154e-01
2.635171020095000149e-01
2.765499108775918424e-01
2.923006352337304548e-01
3.132158501869796163e-01
3.189065136304486958e-01
3.485214599222962173e-01
3.697344490811692030e-01
3.923071448736363265e-01
4.096419038661752721e-01
4.547713884898153536e-01
4.714360159246273052e-01
5.038988993178973308e-01
5.420168395797566596e-01
5.784182090301992485e-01
6.129453573213374806e-01
6.380427621147163331e-01
6.782971757482993969e-01
7.108316408728547753e-01
7.607809767909550214e-01
7.969902650151047263e-01
8.369345445283076224e-01
8.538724774718650101e-01
9.078656801539242149e-01
1.078760525352404631e+00
1.235635548107227644e+00
1.297928325325365506e+00
1.354557265242663844e+00
1.355282630183850312e+00
1.355746657782990860e+00
1.337370679710562893e+00
1.306702736812287435e+00
1.255332417527528888e+00
1.264489130235624481e+00
1.217090908239992553e+00
1.209423816504940463e+00
1.244854222484864215e+00
1.295557137905825940e+00
1.311786588209122417e+00
1.299328025176276880e+00
1.322587603748984542e+00
1.327623864773279205e+00
1.317623208537560764e+00
1.301554662195098411e+00
1.263878188252258949e+00
1.261964718491448423e+00
1.234629677935957792e+00
1.208269546331330879e+00
1.181111609604124313e+00
1.158816930396288303e+00
1.130628952547478638e+00
1.096211919263586854e+00
1.064004373114816326e+00
1.027701188035535340e+00
1.008831801757681390e+00
9.724817186679108882e-01
9.191093430434303935e-01
8.706711753144922294e-01
8.259828395964404768e-01
7.704335204373865542e-01
7.323268561984210834e-01
6.936222346320382037e-01
6.500510561009429367e-01
6.073600019933002025e-01
5.647557298099077361e-01
5.238848029748702784e-01
4.888079820680015786e-01
4.661879258687144922e-01
4.293430160185057742e-01
3.953447792602863275e-01
3.603301459168448129e-01
3.340067420225352746e-01
3.098407722014709931e-01
2.872646075861272075e-01
2.602802135633668357e-01
2.368934863480897934e-01
2.094210662444673798e-01
1.866675649999457454e-01
1.570862053207978393e-01
1.337582792801223497e-01
1.119105129403161897e-01
9.410606093417019091e-02
7.740608193641501655e-02
6.403941825102645036e-02
5.456603907691090494e-02
4.655346332255534680e-02
4.093616067519453838e-02
3.527743695408813024e-02
2.919080096302573146e-02
2.374555959661763319e-02
1.953380646036403934e-02
1.594881347079363590e-02
1.284310510371872507e-02
1.023604931714269632e-02
7.699575132687627547e-03
5.561449249944563737e-03
4.120239313721761609e-03
2.834437464329735666e-03
1.922524422664078107e-03
1.268355594656646497e-03
5.837255727676741090e-04
3.053612548671836533e-06
0.000000000000000000e+00
0.000000000000000000e+00
0.000000000000000000e+00
0.000000000000000000e+00
0.000000000000000000e+00
0.000000000000000000e+00
0.000000000000000000e+00
0.000000000000000000e+00
0.000000000000000000e+00
0.000000000000000000e+00
