0.000000000000000000e+00
0.000000000000000000e+00
0.000000000000000000e+00
0.000000000000000000e+00
0.000000000000000000e+00
0.000000000000000000e+00
0.000000000000000000e+00
0.000000000000000000e+00
0.000000000000000000e+00
0.000000000000000000e+00
0.000000000000000000e+00
0.000000000000000000e+00
0.000000000000000000e+00
0.000000000000000000e+00
0.000000000000000000e+00
0.000000000000000000e+00
0.000000000000000000e+00
0.000000000000000000e+00
0.000000000000000000e+00
0.000000000000000000e+00
1.740820838321692463e+02
1.977542913073368993e+02
2.193353363785115278e+02
2.383495327381803861e+02
2.516520570117052102e+02
2.559253539910904180e+02
2.503917739025837932e+02
2.348077727392170857e+02
2.095984436108989541e+02
1.768774942855806671e+02
1.384050898586619951e+02
1.011436041321622668e+02
7.149843205297055704e+01
4.390414256796625381e+01
2.205707857797085936e+01
8.303830215127515402e+00
2.096965312877436372e+00
1.987987594867900165e-01
0.000000000000000000e+00
0.000000000000000000e+00
0.000000000000000000e+00
