0.000000000000000000e+00
0.000000000000000000e+00
0.000000000000000000e+00
0.000000000000000000e+00
0.000000000000000000e+00
0.000000000000000000e+00
0.000000000000000000e+00
0.000000000000000000e+00
0.000000000000000000e+00
0.000000000000000000e+00
0.000000000000000000e+00
0.000000000000000000e+00
0.000000000000000000e+00
0.000000000000000000e+00
0.000000000000000000e+00
0.000000000000000000e+00
0.000000000000000000e+00
0.000000000000000000e+00
0.000000000000000000e+00
0.000000000000000000e+00
0.000000000000000000e+00
0.000000000000000000e+00
0.000000000000000000e+00
0.000000000000000000e+00
0.000000000000000000e+00
0.000000000000000000e+00
0.000000000000000000e+00
0.000000000000000000e+00
0.000000000000000000e+00
0.000000000000000000e+00
0.000000000000000000e+00
0.000000000000000000e+00
0.000000000000000000e+00
0.000000000000000000e+00
0.000000000000000000e+00
0.000000000000000000e+00
0.000000000000000000e+00
0.000000000000000000e+00
0.000000000000000000e+00
0.000000000000000000e+00
0.000000000000000000e+00
0.000000000000000000e+00
0.000000000000000000e+00
0.000000000000000000e+00
0.000000000000000000e+00
0.000000000000000000e+00
0.000000000000000000e+00
0.000000000000000000e+00
0.000000000000000000e+00
0.000000000000000000e+00
0.000000000000000000e+00
0.000000000000000000e+00
0.000000000000000000e+00
0.000000000000000000e+00
0.000000000000000000e+00
0.000000000000000000e+00
0.000000000000000000e+00
0.000000000000000000e+00
0.000000000000000000e+00
0.000000000000000000e+00
0.000000000000000000e+00
0.000000000000000000e+00
0.000000000000000000e+00
0.000000000000000000e+00
0.000000000000000000e+00
0.000000000000000000e+00
0.000000000000000000e+00
0.000000000000000000e+00
0.000000000000000000e+00
0.000000000000000000e+00
0.000000000000000000e+00
0.000000000000000000e+00
0.000000000000000000e+00
0.000000000000000000e+00
0.000000000000000000e+00
0.000000000000000000e+00
0.000000000000000000e+00
0.000000000000000000e+00
0.000000000000000000e+00
0.000000000000000000e+00
0.000000000000000000e+00
0.000000000000000000e+00
0.000000000000000000e+00
0.000000000000000000e+00
0.000000000000000000e+00
0.000000000000000000e+00
0.000000000000000000e+00
0.000000000000000000e+00
0.000000000000000000e+00
0.000000000000000000e+00
0.000000000000000000e+00
0.000000000000000000e+00
0.000000000000000000e+00
0.000000000000000000e+00
0.000000000000000000e+00
0.000000000000000000e+00
0.000000000000000000e+00
0.000000000000000000e+00
0.000000000000000000e+00
0.000000000000000000e+00
0.000000000000000000e+00
0.000000000000000000e+00
0.000000000000000000e+00
9.663213545891798928e-01
1.161947638206585687e+01
3.557006415747638783e+01
6.632477265033796243e+01
1.049051610156612355e+02
1.518166114978378118e+02
2.165508426923817638e+02
2.941110027048648021e+02
3.651597469213439808e+02
4.503708365886547540e+02
5.585288514372817872e+02
6.872364724063323820e+02
8.228892754397132876e+02
9.996470867250284300e+02
1.178954933780457850e+03
1.390504578649752602e+03
1.580790954074762567e+03
1.785762874883641189e+03
2.058251671105177138e+03
2.255014804209679369e+03
2.535183503195929006e+03
2.881733897444255945e+03
3.286082354387101987e+03
3.604914530236797418e+03
4.057381216212467734e+03
4.431099072403267201e+03
4.783198779146731795e+03
5.127705926690708111e+03
5.506330476312468818e+03
5.831255549382913159e+03
6.168761396681437873e+03
6.579871354873056589e+03
6.737993902177284326e+03
7.010044384966472535e+03
7.283900380087907251e+03
7.423818667312098114e+03
7.720718048160213584e+03
7.873901847014593841e+03
8.033493134891368754e+03
8.299786029968479852e+03
8.273970415406201937e+03
8.347466356188382633e+03
8.393825401971498650e+03
8.359719106483131327e+03
8.450160956802348664e+03
8.415381136569538285e+03
8.306281580402857799e+03
8.211477201651443465e+03
8.032983378616183472e+03
7.819753775570515245e+03
7.587756092467612689e+03
7.389968194682981448e+03
7.262474249838111064e+03
7.105665257253852360e+03
6.783411678031278825e+03
6.424478353900746697e+03
6.005392054229193491e+03
5.562182660575464070e+03
5.241450581037906886e+03
5.049928756111877192e+03
4.792895606320419574e+03
4.477279103503626175e+03
4.100584237728206062e+03
3.644285308932168391e+03
3.187169319464271666e+03
2.835170728938115644e+03
2.709773045314536830e+03
2.517567928949014913e+03
2.251278016954650866e+03
1.966409229217491657e+03
1.626612651730482639e+03
1.297258703069186595e+03
1.074852131887189444e+03
9.901698010214502119e+02
9.126987599878984838e+02
7.425712738689143180e+02
5.986879305282974428e+02
4.227266953057045953e+02
2.347369155165724806e+02
1.341633636967408449e+02
1.340121331669373603e+02
1.341050108747814988e+02
9.869756499236756042e+01
7.479403214953846657e+01
5.382280467107146649e+01
2.634766992071391201e+01
5.352546991092571460e+01
2.570416063439257925e+01
0.000000000000000000e+00
0.000000000000000000e+00
0.000000000000000000e+00
0.000000000000000000e+00
0.000000000000000000e+00
0.000000000000000000e+00
0.000000000000000000e+00
0.000000000000000000e+00
0.000000000000000000e+00
0.000000000000000000e+00
