0.000000000000000000e+00
0.000000000000000000e+00
0.000000000000000000e+00
0.000000000000000000e+00
0.000000000000000000e+00
0.000000000000000000e+00
0.000000000000000000e+00
0.000000000000000000e+00
0.000000000000000000e+00
0.000000000000000000e+00
0.000000000000000000e+00
0.000000000000000000e+00
0.000000000000000000e+00
0.000000000000000000e+00
0.000000000000000000e+00
0.000000000000000000e+00
0.000000000000000000e+00
0.000000000000000000e+00
0.000000000000000000e+00
0.000000000000000000e+00
0.000000000000000000e+00
0.000000000000000000e+00
0.000000000000000000e+00
0.000000000000000000e+00
0.000000000000000000e+00
0.000000000000000000e+00
0.000000000000000000e+00
0.000000000000000000e+00
0.000000000000000000e+00
0.000000000000000000e+00
0.000000000000000000e+00
0.000000000000000000e+00
0.000000000000000000e+00
0.000000000000000000e+00
0.000000000000000000e+00
0.000000000000000000e+00
0.000000000000000000e+00
0.000000000000000000e+00
0.000000000000000000e+00
0.000000000000000000e+00
0.000000000000000000e+00
0.000000000000000000e+00
0.000000000000000000e+00
0.000000000000000000e+00
0.000000000000000000e+00
0.000000000000000000e+00
0.000000000000000000e+00
0.000000000000000000e+00
0.000000000000000000e+00
0.000000000000000000e+00
0.000000000000000000e+00
0.000000000000000000e+00
0.000000000000000000e+00
0.000000000000000000e+00
2.145243475352011801e-05
0.000000000000000000e+00
1.851688520705935118e-04
-9.933472942360686440e-05
3.009108249886396219e-04
2.754405338739215848e-04
4.352675402242418379e-04
1.160865189790900951e-03
2.640335975203048254e-03
5.742472480753227360e-03
1.032830490098115943e-02
1.816736674182771807e-02
2.697119105515226323e-02
3.449919620498371337e-02
4.025462570371013404e-02
5.804744992953795452e-02
6.672270692413319326e-02
7.852188819252224616e-02
9.118657970090317255e-02
1.025374591136906099e-01
1.391095405490149761e-01
1.483404383078314737e-01
1.618372789685307567e-01
1.766703319897686975e-01
1.943308416584294540e-01
2.029387397969932283e-01
2.254558842548793074e-01
2.600482539369295965e-01
2.873893739370343980e-01
3.245765115577931015e-01
3.737898238920350225e-01
4.128559960142525465e-01
4.469719562971344873e-01
4.702420432631430613e-01
5.052593247700296608e-01
5.518968945896026712e-01
5.882928416806668670e-01
6.490889996515124549e-01
6.965741600812578316e-01
7.499929982087025770e-01
8.267801087152985007e-01
8.994377695423008134e-01
9.845622657271942968e-01
1.087244121328231783e+00
1.164478083919467499e+00
1.287126038436845921e+00
1.426424864792731118e+00
1.511796229821458004e+00
1.618927603873133503e+00
1.759216306104314897e+00
1.869616163201177628e+00
1.960346817324812640e+00
2.113577531073446369e+00
2.215536740558194939e+00
2.340007668868786972e+00
2.568609333176099074e+00
2.699075189738994407e+00
2.863709752195081393e+00
3.014116852487171982e+00
3.577947952167944923e+00
3.959457162307436828e+00
4.365381178985720645e+00
4.673918406414432347e+00
4.961135960326512162e+00
5.194485250153658029e+00
5.301265257462137725e+00
5.439043338653637427e+00
5.618733015590103186e+00
5.763419539677482994e+00
5.680399336032283308e+00
5.593740571725330568e+00
5.734842193441443747e+00
5.737118170536901651e+00
5.786485846442259273e+00
5.782320100667221574e+00
5.777229880873914425e+00
5.778405737004322695e+00
5.785334998076582025e+00
5.869860314547434399e+00
5.886061335231023151e+00
5.868409887925188251e+00
5.779727067398793494e+00
5.790013771279292065e+00
5.722070439116790475e+00
5.728039723520002013e+00
5.639276840822084580e+00
5.548898674168925460e+00
5.419686603052205953e+00
5.427676185057070946e+00
5.317692528424211140e+00
5.214860379016161396e+00
5.033840997706430009e+00
4.912491107709635152e+00
4.690371592112466459e+00
4.515762048917021154e+00
4.279255451509272667e+00
4.120914619698210046e+00
4.002629084738410725e+00
3.794130311664957844e+00
3.668079309609324934e+00
3.461485932877964355e+00
3.266779501530033603e+00
3.104744093986775866e+00
2.913950460767769091e+00
2.729322349348393573e+00
2.584199166484027810e+00
2.454569416319011932e+00
2.303447658003193954e+00
2.120431623887336858e+00
1.952839597189652387e+00
1.819473699171565428e+00
1.674002582132449346e+00
1.523749396672953171e+00
1.362812094736224777e+00
1.231928307861874794e+00
1.098409424662250222e+00
9.626792227796973078e-01
8.295831920633069956e-01
7.342883163114058975e-01
6.227660754252547504e-01
5.215368641634543501e-01
4.373200875855616232e-01
3.529881563963022106e-01
2.766834805912491424e-01
2.141023465624193600e-01
1.617991328308484023e-01
1.208943963961761764e-01
9.539246109736822243e-02
7.421698803833169655e-02
5.610570943699882962e-02
4.066012054643080437e-02
2.881432338255411618e-02
1.938618760848159067e-02
1.300140931469195502e-02
9.369576467262210814e-03
4.507159985092530283e-03
-2.678385627250532132e-05
0.000000000000000000e+00
0.000000000000000000e+00
0.000000000000000000e+00
0.000000000000000000e+00
0.000000000000000000e+00
0.000000000000000000e+00
0.000000000000000000e+00
0.000000000000000000e+00
0.000000000000000000e+00
0.000000000000000000e+00
