0.000000000000000000e+00
0.000000000000000000e+00
0.000000000000000000e+00
0.000000000000000000e+00
0.000000000000000000e+00
0.000000000000000000e+00
0.000000000000000000e+00
0.000000000000000000e+00
0.000000000000000000e+00
0.000000000000000000e+00
0.000000000000000000e+00
0.000000000000000000e+00
0.000000000000000000e+00
0.000000000000000000e+00
0.000000000000000000e+00
0.000000000000000000e+00
0.000000000000000000e+00
0.000000000000000000e+00
0.000000000000000000e+00
0.000000000000000000e+00
0.000000000000000000e+00
0.000000000000000000e+00
0.000000000000000000e+00
0.000000000000000000e+00
0.000000000000000000e+00
0.000000000000000000e+00
0.000000000000000000e+00
0.000000000000000000e+00
0.000000000000000000e+00
0.000000000000000000e+00
0.000000000000000000e+00
0.000000000000000000e+00
0.000000000000000000e+00
0.000000000000000000e+00
0.000000000000000000e+00
0.000000000000000000e+00
0.000000000000000000e+00
0.000000000000000000e+00
0.000000000000000000e+00
0.000000000000000000e+00
0.000000000000000000e+00
0.000000000000000000e+00
0.000000000000000000e+00
0.000000000000000000e+00
0.000000000000000000e+00
0.000000000000000000e+00
0.000000000000000000e+00
0.000000000000000000e+00
0.000000000000000000e+00
0.000000000000000000e+00
0.000000000000000000e+00
0.000000000000000000e+00
0.000000000000000000e+00
0.000000000000000000e+00
0.000000000000000000e+00
0.000000000000000000e+00
0.000000000000000000e+00
0.000000000000000000e+00
0.000000000000000000e+00
0.000000000000000000e+00
0.000000000000000000e+00
0.000000000000000000e+00
0.000000000000000000e+00
0.000000000000000000e+00
0.000000000000000000e+00
0.000000000000000000e+00
0.000000000000000000e+00
0.000000000000000000e+00
0.000000000000000000e+00
0.000000000000000000e+00
0.000000000000000000e+00
0.000000000000000000e+00
0.000000000000000000e+00
0.000000000000000000e+00
0.000000000000000000e+00
0.000000000000000000e+00
0.000000000000000000e+00
0.000000000000000000e+00
0.000000000000000000e+00
0.000000000000000000e+00
0.000000000000000000e+00
0.000000000000000000e+00
0.000000000000000000e+00
0.000000000000000000e+00
0.000000000000000000e+00
0.000000000000000000e+00
0.000000000000000000e+00
0.000000000000000000e+00
0.000000000000000000e+00
0.000000000000000000e+00
0.000000000000000000e+00
0.000000000000000000e+00
0.000000000000000000e+00
0.000000000000000000e+00
0.000000000000000000e+00
0.000000000000000000e+00
0.000000000000000000e+00
0.000000000000000000e+00
0.000000000000000000e+00
0.000000000000000000e+00
7.519223159090571471e+02
7.926495703044832908e+02
8.310624197913106173e+02
8.632383127885963177e+02
8.860595494482871572e+02
9.282060357826609334e+02
9.717914419342554311e+02
1.020189824916491489e+03
1.055022198569724196e+03
1.086577329840174798e+03
1.132699269892536677e+03
1.167356546553327917e+03
1.240615010334499630e+03
1.250718976771983534e+03
1.325489253392227511e+03
1.367149581911368841e+03
1.400816133145988942e+03
1.449454435913042289e+03
1.520008766955707870e+03
1.551855040273091618e+03
1.603809842830054777e+03
1.665340128753552790e+03
1.712346313800096368e+03
1.781873282682630588e+03
1.812998438835872093e+03
1.833778024931882328e+03
1.910591078090980773e+03
1.945248107637023622e+03
1.995812354829376545e+03
2.052421738743554670e+03
2.096170810107455964e+03
2.139751752391801801e+03
2.188952191057088839e+03
2.228954835204072879e+03
2.270364532674300335e+03
2.290381823335735135e+03
2.329735305568332024e+03
2.360532648672221057e+03
2.370570252756285299e+03
2.427310475011702692e+03
2.446040013800787165e+03
2.458925750909384078e+03
2.459356764388548072e+03
2.467226202510726125e+03
2.485913732836825602e+03
2.464926622663052513e+03
2.475704169293250288e+03
2.459261339565931394e+03
2.456870787268425829e+03
2.426130933413890034e+03
2.393160477365750467e+03
2.345781324246100212e+03
2.316016845798489612e+03
2.261334079797648428e+03
2.216141527355973722e+03
2.141580673640475197e+03
2.076391470875100367e+03
2.024418346025787287e+03
1.938190283698960229e+03
1.856899161677167285e+03
1.780153650069654532e+03
1.678050251520141046e+03
1.603505493144203911e+03
1.498294401107695649e+03
1.406923661698433079e+03
1.304047374894909581e+03
1.211949776601717986e+03
1.118393129871365772e+03
1.018091600366973694e+03
9.151238155774314009e+02
8.270915435870323336e+02
7.288776930159784797e+02
6.456766448689834306e+02
5.613827504545023430e+02
4.978376152485579382e+02
4.289622563562490427e+02
3.584681668804174137e+02
2.988496516580813704e+02
2.432251588971815863e+02
1.948015202517843534e+02
1.586659909552273575e+02
1.303064808355964885e+02
1.077679125344169933e+02
8.725236373560704806e+01
6.729179188474817863e+01
5.021401995777679872e+01
3.654688626205708601e+01
2.643006278220080674e+01
1.856425942918684058e+01
7.081134297051707271e+00
1.454600059983341964e-01
0.000000000000000000e+00
0.000000000000000000e+00
0.000000000000000000e+00
0.000000000000000000e+00
0.000000000000000000e+00
0.000000000000000000e+00
0.000000000000000000e+00
0.000000000000000000e+00
0.000000000000000000e+00
0.000000000000000000e+00
