0.000000000000000000e+00
0.000000000000000000e+00
0.000000000000000000e+00
0.000000000000000000e+00
0.000000000000000000e+00
0.000000000000000000e+00
0.000000000000000000e+00
0.000000000000000000e+00
0.000000000000000000e+00
0.000000000000000000e+00
0.000000000000000000e+00
0.000000000000000000e+00
0.000000000000000000e+00
0.000000000000000000e+00
0.000000000000000000e+00
0.000000000000000000e+00
0.000000000000000000e+00
0.000000000000000000e+00
0.000000000000000000e+00
0.000000000000000000e+00
0.000000000000000000e+00
0.000000000000000000e+00
0.000000000000000000e+00
0.000000000000000000e+00
0.000000000000000000e+00
0.000000000000000000e+00
0.000000000000000000e+00
0.000000000000000000e+00
0.000000000000000000e+00
0.000000000000000000e+00
0.000000000000000000e+00
0.000000000000000000e+00
0.000000000000000000e+00
0.000000000000000000e+00
0.000000000000000000e+00
0.000000000000000000e+00
0.000000000000000000e+00
0.000000000000000000e+00
0.000000000000000000e+00
0.000000000000000000e+00
0.000000000000000000e+00
0.000000000000000000e+00
0.000000000000000000e+00
0.000000000000000000e+00
0.000000000000000000e+00
0.000000000000000000e+00
0.000000000000000000e+00
0.000000000000000000e+00
0.000000000000000000e+00
0.000000000000000000e+00
0.000000000000000000e+00
0.000000000000000000e+00
0.000000000000000000e+00
0.000000000000000000e+00
2.933462052384516738e-02
0.000000000000000000e+00
2.373120026414113626e-01
-1.206668737731180774e-01
3.693720102493632251e-01
3.368507628152294098e-01
5.126027237151909999e-01
1.476276626658205915e+00
3.284152700695106564e+00
7.166944524684832452e+00
1.276270600251763554e+01
2.255904024645966643e+01
3.353460878500946052e+01
4.310033368735498271e+01
5.032722772361073282e+01
7.214954408076710024e+01
8.310706520724453128e+01
9.776275185171753890e+01
1.126981599788107218e+02
1.272625067770757141e+02
1.714549162180982194e+02
1.831352474385701044e+02
1.990439068211014728e+02
2.171887436720760149e+02
2.382311082730695375e+02
2.489322116209909836e+02
2.770976535208656060e+02
3.181720841710470609e+02
3.510147700597034373e+02
3.961841783300383213e+02
4.562629217004233055e+02
5.018144334082460318e+02
5.440313395237511713e+02
5.704846057698266577e+02
6.128497423937864141e+02
6.670971882392191219e+02
7.097377909398587690e+02
7.822145721830819411e+02
8.386053363153255304e+02
9.022803440864665845e+02
9.898964173928486616e+02
1.075106452256438160e+03
1.178625687746502308e+03
1.296557988823654341e+03
1.386380999852662171e+03
1.532322799420900765e+03
1.695400346602396894e+03
1.794167677169866465e+03
1.916873298621117783e+03
2.083285453324387163e+03
2.208780150423972827e+03
2.316424595505873640e+03
2.494037287357828063e+03
2.612730536481750732e+03
2.762329814067184998e+03
3.026508729027333175e+03
3.179606498502228078e+03
3.369195496616358469e+03
3.556607524299639408e+03
4.216611329869414476e+03
4.663363731111958259e+03
5.136122676298843544e+03
5.498664563421380990e+03
5.838376613812394680e+03
6.109727418998671055e+03
6.239718900377120917e+03
6.408319073340609066e+03
6.622372528313514522e+03
6.804673899923583122e+03
6.722968555734639267e+03
6.638747084718311271e+03
6.823037631689623595e+03
6.851366407693117253e+03
6.936786677253840935e+03
6.956623729577488120e+03
6.981575986904361343e+03
7.013191705061230095e+03
7.052682899636353795e+03
7.180971180882158478e+03
7.230103487263475472e+03
7.228934650179014170e+03
7.145374502659746213e+03
7.183964853053425941e+03
7.128725632311154186e+03
7.163627344875150811e+03
7.084995554638286194e+03
7.008704726798347110e+03
6.891509461414912948e+03
6.940396650354382473e+03
6.851186345999202786e+03
6.772153679920842478e+03
6.598913626444627880e+03
6.485253410561769670e+03
6.249922002668095956e+03
6.060130866485001206e+03
5.786748782498864784e+03
5.612312802901897157e+03
5.480313773150642191e+03
5.217647469026449471e+03
5.062819726198973513e+03
4.790015102342067621e+03
4.528184401688579783e+03
4.300293126708725140e+03
4.017819698418441021e+03
3.737001772066530521e+03
3.494093521773562316e+03
3.273811118161741433e+03
3.023499068561745844e+03
2.741222545470306613e+03
2.488250201511412797e+03
2.286656215680634432e+03
2.077800513649282948e+03
1.873138760497477278e+03
1.665970498840442360e+03
1.498106892359227004e+03
1.328810329816564490e+03
1.158029936587157636e+03
9.945974469600644170e+02
8.792643851013044696e+02
7.484458220627462879e+02
6.334697553662100518e+02
5.389806306005987153e+02
4.431637266428706994e+02
3.546129492197291597e+02
2.820298903590785926e+02
2.202462449996484395e+02
1.692992758064509928e+02
1.355987222991733461e+02
1.054056882497613543e+02
7.970584534706954116e+01
5.824078466515510399e+01
4.157642576581308447e+01
2.816642484945758085e+01
1.900920459344220248e+01
1.364666084358619891e+01
6.518113946531922664e+00
-3.578986439502866018e-02
0.000000000000000000e+00
0.000000000000000000e+00
0.000000000000000000e+00
0.000000000000000000e+00
0.000000000000000000e+00
0.000000000000000000e+00
0.000000000000000000e+00
0.000000000000000000e+00
0.000000000000000000e+00
0.000000000000000000e+00
