1.559567933671355822e-01
1.904146484170810671e+00
4.170661458818243794e+00
5.943250311253269302e+00
7.315000160789654871e+00
8.236788203914937156e+00
8.879660994858497247e+00
9.283681087716765035e+00
9.452436735906848853e+00
9.550126510100346522e+00
9.461030676032917697e+00
9.334361736299271683e+00
9.132698514621129249e+00
8.930883334943045426e+00
8.612156378765897458e+00
8.235130437863743325e+00
8.022538260198473381e+00
7.659065146998647933e+00
7.380601466469999039e+00
7.006578465142538903e+00
6.753740017461578482e+00
6.490125583305061951e+00
6.153636277396058674e+00
5.917256590705550323e+00
5.610528665142025417e+00
5.356400485209237061e+00
5.152066485884913227e+00
4.923975452255799468e+00
4.625753707953787597e+00
4.456682284038400610e+00
4.205399069254667666e+00
3.997512196113700789e+00
3.826812383056306999e+00
3.641655850069533962e+00
3.472115678918592963e+00
3.281632773953722104e+00
3.077810574042036507e+00
2.958405747208552761e+00
2.820666288844288605e+00
2.693980389239083006e+00
2.524388462995393656e+00
2.404391513004036529e+00
2.280962989923629891e+00
2.169608177662860182e+00
2.028758015008467197e+00
1.961373780819318569e+00
1.857699616027346456e+00
1.736224521545196575e+00
1.642003017620430771e+00
1.570045065012964036e+00
1.460503261983783885e+00
1.364584919468464275e+00
1.283798647029556816e+00
1.213113279811499634e+00
1.149435809940657638e+00
1.066879892104735106e+00
9.963095352363345869e-01
9.454380687984539344e-01
8.596779968818641926e-01
8.469076360872791476e-01
7.898862333968218463e-01
7.480098626561105801e-01
6.698427556618632428e-01
6.090846293148766133e-01
5.766003189636852433e-01
5.331979098856836075e-01
4.915633973763072762e-01
4.639946157380596126e-01
4.433290453194984049e-01
4.073874048826795491e-01
3.702665584777376506e-01
3.215818856367548273e-01
3.032632491833958110e-01
2.780718356303760741e-01
2.666818393328884151e-01
2.455010182017461351e-01
2.125098514778114289e-01
2.036404717445681190e-01
1.793705050416080915e-01
1.517884826413513355e-01
1.423033336908592905e-01
1.276680918179008695e-01
1.132555831212623265e-01
1.035128271419995111e-01
9.334124595013373882e-02
8.062127583570534439e-02
7.207015068524326440e-02
5.919835496772664352e-02
5.520914470279024433e-02
4.614952875029052631e-02
4.430344222503340007e-02
4.021653808052503415e-02
3.541116645986026878e-02
2.852289404099218537e-02
2.772202248944792904e-02
2.279769187170304495e-02
1.965580768389856015e-02
1.502086379129762353e-02
1.385698641144263166e-02
1.136674416786114840e-02
