2.282203211542371601e+00
1.947174584277005494e+01
3.443537226727136158e+01
4.290194203913027593e+01
4.658427502408951426e+01
4.730295928521256599e+01
4.613905928126622769e+01
4.432392441763618507e+01
4.167189931991100593e+01
3.873487541794408173e+01
3.566180250979209632e+01
3.254572212204166703e+01
2.997936277157057461e+01
2.747196940968898460e+01
2.518690220626271170e+01
2.275109736254701431e+01
2.079496271838657862e+01
1.891832787490290002e+01
1.723734771012059497e+01
1.572596630406224349e+01
1.427347537839121472e+01
1.312285851285638039e+01
1.200901981389532125e+01
1.097279889161010580e+01
9.982259184010194630e+00
9.188208362337832114e+00
8.337963538615712267e+00
7.673518209466826612e+00
7.041203309760213358e+00
6.356360883256792604e+00
5.886288954552737707e+00
5.411692174776582931e+00
4.958262465230593996e+00
4.567777871608768692e+00
4.236910120231664578e+00
3.884009272306424343e+00
3.545876192579958897e+00
3.227711491486735085e+00
2.965578135217816769e+00
2.714603286833171758e+00
2.504400640988952986e+00
2.314601155122821385e+00
2.101667838607593541e+00
1.920199403651805969e+00
1.785820646071146989e+00
1.620490154336124755e+00
1.470428721582296205e+00
1.343482476386271163e+00
1.241985355941722213e+00
1.148383100037448035e+00
1.035785220975829812e+00
9.454940613175460973e-01
8.724020994226356907e-01
8.078576720977886927e-01
7.505347973485207991e-01
6.823321446750213459e-01
5.925474589011054949e-01
5.549083742571206956e-01
4.943441095287380294e-01
4.495859522340441283e-01
4.062020394554177738e-01
3.611564539961041320e-01
3.594583643057227551e-01
3.173449331201106949e-01
2.772896822599378863e-01
2.623931486728351969e-01
2.332444963543947036e-01
2.131159647800799639e-01
1.878361960246166806e-01
1.851594168710443133e-01
1.526616706403602919e-01
1.308579035110591371e-01
1.154883852001692968e-01
1.053118936921839111e-01
9.652083512001734256e-02
9.686408853073155689e-02
7.292497453780159844e-02
7.730907037865634990e-02
6.924891364771110225e-02
5.468687593570016603e-02
4.925158264415020748e-02
4.613451659913511693e-02
4.405832093600998284e-02
4.100840875461379820e-02
2.976183187599160812e-02
3.278494430257509334e-02
2.515591284778012984e-02
2.371257518407302728e-02
2.085032307636295809e-02
2.019743802501655291e-02
1.535209967719952141e-02
1.518032464612825358e-02
1.362384661302146541e-02
9.435867645124903710e-03
5.802974213866441723e-03
8.434628320532882792e-03
6.436462848036212867e-03
5.994599795729469924e-03
5.802897529201753168e-03
4.015964639377816656e-03
