1.382168071403447662e+00
1.501340880911074294e+01
3.197683610532057941e+01
4.540701451132136413e+01
5.568177712913619359e+01
6.249583420170649362e+01
6.724735398902096506e+01
7.024475685137385028e+01
7.159137233922807297e+01
7.247782065327722023e+01
7.189318643043172585e+01
7.107970306033648455e+01
6.965988812321778312e+01
6.826401635762913145e+01
6.597708822749150670e+01
6.317120847985273713e+01
6.164502345617638213e+01
5.899059672374398389e+01
5.692840208716298633e+01
5.415191253432675467e+01
5.230709749028642364e+01
5.036249648860670902e+01
4.781880292336576588e+01
4.605096217577263928e+01
4.370483221405618224e+01
4.179839250135663775e+01
4.024728281838798694e+01
3.852155821368015864e+01
3.623212518578087327e+01
3.496423085342413373e+01
3.303759079721331204e+01
3.143217994752362898e+01
3.012783137615741325e+01
2.872457441887121732e+01
2.738350290805543352e+01
2.592200304899593277e+01
2.435061301248352095e+01
2.342375395717212783e+01
2.232738512875926418e+01
2.134768648975984817e+01
2.002654501242746932e+01
1.907996705067609255e+01
1.811891259643814323e+01
1.723248194419837276e+01
1.613363427427715990e+01
1.560587732957969109e+01
1.478041501312635653e+01
1.383081047591419654e+01
1.306927544876842440e+01
1.250405562602272447e+01
1.163081871306960302e+01
1.087212508896536534e+01
1.024622324400178286e+01
9.689536894130448275e+00
9.169421054032218521e+00
8.500503583595804713e+00
7.945463137539627851e+00
7.528871502911262503e+00
6.856955616104036366e+00
6.746685739330322562e+00
6.303950376473438588e+00
5.966389174553214048e+00
5.346149862495479965e+00
4.847787932110982467e+00
4.595341175620392349e+00
4.247187227925072861e+00
3.910479603282001726e+00
3.692357409417296399e+00
3.522672539754119203e+00
3.244890738959684828e+00
2.943530625268829137e+00
2.555595727599794920e+00
2.403959488771659547e+00
2.194576605994188245e+00
2.108511888318711947e+00
1.940872192002476071e+00
1.678991958873039758e+00
1.609667739964627087e+00
1.413165579650215609e+00
1.197169823672509015e+00
1.118519240430933648e+00
1.006028842922167765e+00
8.887434034947390149e-01
8.167239268179532496e-01
7.291069066884833250e-01
6.323747691611203425e-01
5.642787772533663926e-01
4.658075595199230867e-01
4.297926303307674223e-01
3.582331429190561134e-01
3.429877963186379608e-01
3.137038078176361822e-01
2.761967659844025702e-01
2.203090023230943884e-01
2.146428785837097009e-01
1.758874708605204784e-01
1.526540735532936344e-01
1.153547211690193475e-01
1.053924646889061734e-01
8.848324304696532361e-02
