0.000000000000000000e+00
0.000000000000000000e+00
0.000000000000000000e+00
0.000000000000000000e+00
0.000000000000000000e+00
0.000000000000000000e+00
0.000000000000000000e+00
0.000000000000000000e+00
0.000000000000000000e+00
0.000000000000000000e+00
0.000000000000000000e+00
0.000000000000000000e+00
0.000000000000000000e+00
0.000000000000000000e+00
0.000000000000000000e+00
0.000000000000000000e+00
0.000000000000000000e+00
0.000000000000000000e+00
0.000000000000000000e+00
0.000000000000000000e+00
0.000000000000000000e+00
0.000000000000000000e+00
0.000000000000000000e+00
0.000000000000000000e+00
0.000000000000000000e+00
0.000000000000000000e+00
0.000000000000000000e+00
0.000000000000000000e+00
0.000000000000000000e+00
0.000000000000000000e+00
0.000000000000000000e+00
0.000000000000000000e+00
0.000000000000000000e+00
0.000000000000000000e+00
0.000000000000000000e+00
0.000000000000000000e+00
0.000000000000000000e+00
0.000000000000000000e+00
0.000000000000000000e+00
0.000000000000000000e+00
0.000000000000000000e+00
0.000000000000000000e+00
0.000000000000000000e+00
0.000000000000000000e+00
0.000000000000000000e+00
0.000000000000000000e+00
0.000000000000000000e+00
0.000000000000000000e+00
0.000000000000000000e+00
0.000000000000000000e+00
0.000000000000000000e+00
0.000000000000000000e+00
0.000000000000000000e+00
0.000000000000000000e+00
0.000000000000000000e+00
0.000000000000000000e+00
0.000000000000000000e+00
0.000000000000000000e+00
0.000000000000000000e+00
0.000000000000000000e+00
0.000000000000000000e+00
0.000000000000000000e+00
0.000000000000000000e+00
0.000000000000000000e+00
0.000000000000000000e+00
0.000000000000000000e+00
0.000000000000000000e+00
0.000000000000000000e+00
0.000000000000000000e+00
0.000000000000000000e+00
0.000000000000000000e+00
0.000000000000000000e+00
0.000000000000000000e+00
0.000000000000000000e+00
0.000000000000000000e+00
0.000000000000000000e+00
0.000000000000000000e+00
0.000000000000000000e+00
0.000000000000000000e+00
0.000000000000000000e+00
0.000000000000000000e+00
0.000000000000000000e+00
0.000000000000000000e+00
0.000000000000000000e+00
0.000000000000000000e+00
0.000000000000000000e+00
0.000000000000000000e+00
0.000000000000000000e+00
0.000000000000000000e+00
0.000000000000000000e+00
0.000000000000000000e+00
0.000000000000000000e+00
0.000000000000000000e+00
0.000000000000000000e+00
0.000000000000000000e+00
0.000000000000000000e+00
0.000000000000000000e+00
0.000000000000000000e+00
0.000000000000000000e+00
0.000000000000000000e+00
0.000000000000000000e+00
0.000000000000000000e+00
5.465404916941064839e-02
4.498903442706870814e-01
1.111929608443097628e+00
4.827863266446791535e+00
1.270433650225382749e+01
2.912191502012165145e+01
4.804228017440302523e+01
7.205345531335311193e+01
1.029758445927467108e+02
1.341864637263031170e+02
1.677813240440164577e+02
1.956097764265141166e+02
2.413822516191851264e+02
2.815993370344352229e+02
3.230116425893314727e+02
3.732922213970643952e+02
4.236760858079840659e+02
4.766746361452536576e+02
5.262902183297655938e+02
5.916489730341369295e+02
6.560095816285980845e+02
7.367151297853484948e+02
8.220510891316519064e+02
8.969442139586655003e+02
1.003055899628966586e+03
1.093140476125390023e+03
1.161321985309606589e+03
1.254584915584578312e+03
1.318118961126646582e+03
1.411006990765699129e+03
1.469056069457318472e+03
1.520637155163009083e+03
1.601313613222811000e+03
1.633283631819092761e+03
1.696600420983637378e+03
1.773247134170452000e+03
1.776891374913348272e+03
1.839668867925292716e+03
1.885040280439813159e+03
1.897078490778413880e+03
1.935882974392109190e+03
1.925946010120905385e+03
1.931049188402507525e+03
1.894945284406170913e+03
1.893047771169967973e+03
1.916153681932964901e+03
1.887902041217025044e+03
1.875236610405495867e+03
1.832903395778703270e+03
1.804370267487150159e+03
1.733015180073216015e+03
1.686258586902182969e+03
1.616684417700735821e+03
1.571004778513909741e+03
1.512458232696825007e+03
1.421989535467285350e+03
1.317018846894154422e+03
1.192818224664270929e+03
1.082081832579101729e+03
1.006791365432216367e+03
9.791112270959216630e+02
9.645880984913693510e+02
9.134629105828205411e+02
8.558120536632399080e+02
7.953795638417549299e+02
7.292480034680048675e+02
6.649631637892555318e+02
6.313055144657523670e+02
5.911384731029819477e+02
5.308907584556973234e+02
4.655809839160104389e+02
3.903740337819731394e+02
3.076584403479666889e+02
2.591178336635831556e+02
2.493116686652225837e+02
2.394885101175559612e+02
2.087987166822342715e+02
1.801809189638954365e+02
1.487440226476163048e+02
1.124997888835530375e+02
9.032625854885644401e+01
8.310941796378274660e+01
7.517645325300026116e+01
5.935572089320722000e+01
4.477706645179701184e+01
3.186327494963612494e+01
1.467263768266399637e+01
3.157949814006743239e+01
1.562067303240936944e+01
0.000000000000000000e+00
0.000000000000000000e+00
0.000000000000000000e+00
0.000000000000000000e+00
0.000000000000000000e+00
0.000000000000000000e+00
0.000000000000000000e+00
0.000000000000000000e+00
0.000000000000000000e+00
0.000000000000000000e+00
