0.000000000000000000e+00
0.000000000000000000e+00
0.000000000000000000e+00
0.000000000000000000e+00
0.000000000000000000e+00
0.000000000000000000e+00
0.000000000000000000e+00
0.000000000000000000e+00
0.000000000000000000e+00
0.000000000000000000e+00
0.000000000000000000e+00
0.000000000000000000e+00
0.000000000000000000e+00
0.000000000000000000e+00
0.000000000000000000e+00
0.000000000000000000e+00
0.000000000000000000e+00
0.000000000000000000e+00
0.000000000000000000e+00
0.000000000000000000e+00
0.000000000000000000e+00
0.000000000000000000e+00
0.000000000000000000e+00
0.000000000000000000e+00
0.000000000000000000e+00
0.000000000000000000e+00
0.000000000000000000e+00
0.000000000000000000e+00
0.000000000000000000e+00
0.000000000000000000e+00
0.000000000000000000e+00
0.000000000000000000e+00
0.000000000000000000e+00
0.000000000000000000e+00
0.000000000000000000e+00
0.000000000000000000e+00
0.000000000000000000e+00
0.000000000000000000e+00
0.000000000000000000e+00
0.000000000000000000e+00
0.000000000000000000e+00
0.000000000000000000e+00
0.000000000000000000e+00
0.000000000000000000e+00
0.000000000000000000e+00
0.000000000000000000e+00
0.000000000000000000e+00
0.000000000000000000e+00
0.000000000000000000e+00
0.000000000000000000e+00
0.000000000000000000e+00
0.000000000000000000e+00
0.000000000000000000e+00
0.000000000000000000e+00
0.000000000000000000e+00
0.000000000000000000e+00
0.000000000000000000e+00
0.000000000000000000e+00
0.000000000000000000e+00
0.000000000000000000e+00
0.000000000000000000e+00
0.000000000000000000e+00
0.000000000000000000e+00
0.000000000000000000e+00
0.000000000000000000e+00
0.000000000000000000e+00
0.000000000000000000e+00
0.000000000000000000e+00
0.000000000000000000e+00
0.000000000000000000e+00
0.000000000000000000e+00
0.000000000000000000e+00
0.000000000000000000e+00
0.000000000000000000e+00
0.000000000000000000e+00
0.000000000000000000e+00
0.000000000000000000e+00
0.000000000000000000e+00
0.000000000000000000e+00
0.000000000000000000e+00
0.000000000000000000e+00
0.000000000000000000e+00
0.000000000000000000e+00
0.000000000000000000e+00
0.000000000000000000e+00
0.000000000000000000e+00
0.000000000000000000e+00
0.000000000000000000e+00
0.000000000000000000e+00
0.000000000000000000e+00
0.000000000000000000e+00
0.000000000000000000e+00
0.000000000000000000e+00
0.000000000000000000e+00
0.000000000000000000e+00
0.000000000000000000e+00
0.000000000000000000e+00
0.000000000000000000e+00
0.000000000000000000e+00
0.000000000000000000e+00
3.328905289813295809e+00
3.418899250856980210e+00
3.500721664178165327e+00
3.613405121529210451e+00
3.742238365365547104e+00
3.920268822922021723e+00
4.008616344181853641e+00
4.029292166880972914e+00
4.203660257354655094e+00
4.298426810503466200e+00
4.353872286559894000e+00
4.503376283120509527e+00
4.618021281711586212e+00
4.652284422008836628e+00
4.829533277639700195e+00
4.911293825571573457e+00
5.024256842533033840e+00
5.064076648408821768e+00
5.162199955277464447e+00
5.221002294172694569e+00
5.350876437299249666e+00
5.431771716106208459e+00
5.502192259393305918e+00
5.575369817052743038e+00
5.625076512883442348e+00
5.663077809751633218e+00
5.630169611187104017e+00
5.681861130155729356e+00
5.671150166963034422e+00
5.705289474229412683e+00
5.717369660735110770e+00
5.710881306984399330e+00
5.713693227488479742e+00
5.687403126607533999e+00
5.580692349089170001e+00
5.555866465897944195e+00
5.515656307040589290e+00
5.468923453137991331e+00
5.430182319537847135e+00
5.332584434045673838e+00
5.207134142294957968e+00
5.073337683454389513e+00
4.909920991144836933e+00
4.809689037945830137e+00
4.680734959056983335e+00
4.527766260844124702e+00
4.377960983119613125e+00
4.217921530168045052e+00
4.054475576334827025e+00
3.894463153410313794e+00
3.716581001186249900e+00
3.563958739842358003e+00
3.424345136168378101e+00
3.214814943408318193e+00
3.056628114351456205e+00
2.930916221921163078e+00
2.751405263653934785e+00
2.601807040386959535e+00
2.488572707885165602e+00
2.378971108868137563e+00
2.234661838099941900e+00
2.126387073472933320e+00
1.996546716133738908e+00
1.866775743173895163e+00
1.718921981926424980e+00
1.586867576645456746e+00
1.456143669428868304e+00
1.344063955898368690e+00
1.221884726553481126e+00
1.084936932196763903e+00
9.650180909193845080e-01
8.508646462532968302e-01
7.359749477569290654e-01
6.383506177855668984e-01
5.369959548059016763e-01
4.485088099752734259e-01
3.682746804360587101e-01
2.877775936178161853e-01
2.276351759164663979e-01
1.721197692167985294e-01
1.312222809599754014e-01
1.067560176401516070e-01
8.467796624887273527e-02
6.687207412620239932e-02
4.871396194108866540e-02
3.441346291599217677e-02
2.409171516329813162e-02
1.559525289107699907e-02
1.151280367641240379e-02
4.219779516547716817e-03
1.475774329128609413e-04
0.000000000000000000e+00
0.000000000000000000e+00
0.000000000000000000e+00
0.000000000000000000e+00
0.000000000000000000e+00
0.000000000000000000e+00
0.000000000000000000e+00
0.000000000000000000e+00
0.000000000000000000e+00
0.000000000000000000e+00
