0.000000000000000000e+00
0.000000000000000000e+00
0.000000000000000000e+00
0.000000000000000000e+00
0.000000000000000000e+00
0.000000000000000000e+00
0.000000000000000000e+00
0.000000000000000000e+00
0.000000000000000000e+00
0.000000000000000000e+00
0.000000000000000000e+00
0.000000000000000000e+00
0.000000000000000000e+00
0.000000000000000000e+00
0.000000000000000000e+00
0.000000000000000000e+00
0.000000000000000000e+00
0.000000000000000000e+00
0.000000000000000000e+00
0.000000000000000000e+00
0.000000000000000000e+00
0.000000000000000000e+00
0.000000000000000000e+00
0.000000000000000000e+00
0.000000000000000000e+00
0.000000000000000000e+00
0.000000000000000000e+00
0.000000000000000000e+00
0.000000000000000000e+00
0.000000000000000000e+00
0.000000000000000000e+00
0.000000000000000000e+00
0.000000000000000000e+00
0.000000000000000000e+00
0.000000000000000000e+00
0.000000000000000000e+00
0.000000000000000000e+00
0.000000000000000000e+00
0.000000000000000000e+00
0.000000000000000000e+00
0.000000000000000000e+00
0.000000000000000000e+00
0.000000000000000000e+00
0.000000000000000000e+00
0.000000000000000000e+00
0.000000000000000000e+00
0.000000000000000000e+00
0.000000000000000000e+00
0.000000000000000000e+00
0.000000000000000000e+00
0.000000000000000000e+00
0.000000000000000000e+00
0.000000000000000000e+00
0.000000000000000000e+00
0.000000000000000000e+00
0.000000000000000000e+00
0.000000000000000000e+00
0.000000000000000000e+00
0.000000000000000000e+00
0.000000000000000000e+00
0.000000000000000000e+00
0.000000000000000000e+00
0.000000000000000000e+00
0.000000000000000000e+00
0.000000000000000000e+00
0.000000000000000000e+00
0.000000000000000000e+00
0.000000000000000000e+00
0.000000000000000000e+00
0.000000000000000000e+00
0.000000000000000000e+00
0.000000000000000000e+00
0.000000000000000000e+00
0.000000000000000000e+00
0.000000000000000000e+00
0.000000000000000000e+00
0.000000000000000000e+00
0.000000000000000000e+00
0.000000000000000000e+00
0.000000000000000000e+00
0.000000000000000000e+00
0.000000000000000000e+00
0.000000000000000000e+00
0.000000000000000000e+00
0.000000000000000000e+00
0.000000000000000000e+00
0.000000000000000000e+00
0.000000000000000000e+00
0.000000000000000000e+00
0.000000000000000000e+00
0.000000000000000000e+00
0.000000000000000000e+00
0.000000000000000000e+00
0.000000000000000000e+00
0.000000000000000000e+00
0.000000000000000000e+00
0.000000000000000000e+00
0.000000000000000000e+00
0.000000000000000000e+00
0.000000000000000000e+00
2.846165008019145404e+01
2.904768606352706328e+01
2.959501397097632136e+01
3.046703757149155578e+01
3.141229378042676856e+01
3.281431071316390558e+01
3.333388691566703699e+01
3.333653926850050908e+01
3.461524124882166831e+01
3.524912926320394035e+01
3.552528518248458056e+01
3.659086164001328001e+01
3.732075120414364022e+01
3.740828799718624254e+01
3.863322626394989356e+01
3.914000054442366405e+01
3.978036779190498606e+01
3.991697746355764309e+01
4.044836358493105166e+01
4.066146470770292609e+01
4.141938896096939260e+01
4.187302406275935596e+01
4.215969863999836065e+01
4.252375435594390751e+01
4.262989657590272685e+01
4.271293041976509386e+01
4.223478322182202760e+01
4.241458712384991259e+01
4.208076642516596877e+01
4.218123783103943225e+01
4.204570127993299167e+01
4.177289376858976766e+01
4.157965365252771761e+01
4.114251484347091292e+01
4.015135760396255904e+01
3.971512774030468762e+01
3.924835910235745473e+01
3.870797269245076677e+01
3.823836118866332612e+01
3.734594557342780519e+01
3.631784500747488664e+01
3.526307760252623780e+01
3.399490271785165874e+01
3.323088754557990399e+01
3.225299249086991438e+01
3.113863874414808919e+01
3.002555930384363947e+01
2.884368303981230852e+01
2.763367986679765664e+01
2.642547815920971743e+01
2.508939948846412804e+01
2.393935942575249598e+01
2.284495828230781456e+01
2.128041305244575199e+01
2.006377280324611334e+01
1.905141791195830336e+01
1.769544284027651670e+01
1.653021620689625593e+01
1.561856183940696852e+01
1.474122393740220005e+01
1.365537614860423332e+01
1.280713630082190413e+01
1.182810292740819413e+01
1.085449566525413445e+01
9.822921298520601141e+00
8.896267002061430063e+00
8.015172239550926392e+00
7.264519128850579932e+00
6.476557577864563875e+00
5.610724991184582677e+00
4.871929073556384715e+00
4.193461290032421296e+00
3.539081315807897532e+00
3.014832196598350222e+00
2.501254824721256487e+00
2.062700148438594727e+00
1.664089763803155986e+00
1.269896407766345714e+00
9.770465754236922207e-01
7.157499845088803880e-01
5.293299894336930267e-01
4.273544248763215259e-01
3.402303200785253834e-01
2.692824025417264733e-01
1.954449029270145521e-01
1.379228798054176752e-01
9.657531832466963173e-02
6.253814810790719880e-02
4.614583129954809987e-02
1.691036650325084337e-02
5.914024873222437431e-04
0.000000000000000000e+00
0.000000000000000000e+00
0.000000000000000000e+00
0.000000000000000000e+00
0.000000000000000000e+00
0.000000000000000000e+00
0.000000000000000000e+00
0.000000000000000000e+00
0.000000000000000000e+00
0.000000000000000000e+00
