0.000000000000000000e+00
0.000000000000000000e+00
0.000000000000000000e+00
0.000000000000000000e+00
0.000000000000000000e+00
0.000000000000000000e+00
0.000000000000000000e+00
0.000000000000000000e+00
0.000000000000000000e+00
0.000000000000000000e+00
0.000000000000000000e+00
0.000000000000000000e+00
0.000000000000000000e+00
0.000000000000000000e+00
0.000000000000000000e+00
0.000000000000000000e+00
0.000000000000000000e+00
0.000000000000000000e+00
0.000000000000000000e+00
0.000000000000000000e+00
0.000000000000000000e+00
0.000000000000000000e+00
0.000000000000000000e+00
0.000000000000000000e+00
0.000000000000000000e+00
0.000000000000000000e+00
0.000000000000000000e+00
0.000000000000000000e+00
0.000000000000000000e+00
0.000000000000000000e+00
0.000000000000000000e+00
0.000000000000000000e+00
0.000000000000000000e+00
0.000000000000000000e+00
0.000000000000000000e+00
0.000000000000000000e+00
0.000000000000000000e+00
0.000000000000000000e+00
0.000000000000000000e+00
0.000000000000000000e+00
0.000000000000000000e+00
0.000000000000000000e+00
0.000000000000000000e+00
0.000000000000000000e+00
0.000000000000000000e+00
0.000000000000000000e+00
0.000000000000000000e+00
0.000000000000000000e+00
0.000000000000000000e+00
0.000000000000000000e+00
0.000000000000000000e+00
0.000000000000000000e+00
0.000000000000000000e+00
0.000000000000000000e+00
3.191221138632983206e-02
0.000000000000000000e+00
2.723194504091882573e-01
-1.332184940645589344e-01
4.115340485416185135e-01
3.164454784549346478e-01
5.747092239544486780e-01
1.622188877855977873e+00
3.607333981294431169e+00
7.904827209450244752e+00
1.421848401518638205e+01
2.529631099720774401e+01
3.754272480709092719e+01
4.803804506821992248e+01
5.638975899071792952e+01
8.016400977339824863e+01
9.296925504165935195e+01
1.091844179406856910e+02
1.254105514050565660e+02
1.430874038251509148e+02
1.916667670848286491e+02
2.059544265287426299e+02
2.219932702948459564e+02
2.430994390430170995e+02
2.663692071589435386e+02
2.778068300286875569e+02
3.115260404525594709e+02
3.561162256322477333e+02
3.937059081661536197e+02
4.437282009587009384e+02
5.145464398374008397e+02
5.629718835750868493e+02
6.132148976045299378e+02
6.412094525098331133e+02
6.924478091192427200e+02
7.542146460288680601e+02
7.991205414953747095e+02
8.826548510897288224e+02
9.504051518058294050e+02
1.021557963804934161e+03
1.121139925074358189e+03
1.215779189248623425e+03
1.337618369983132425e+03
1.466812679311042302e+03
1.581095202499702509e+03
1.751541408575497599e+03
1.937721882251903935e+03
2.051885007403262989e+03
2.193991295570971488e+03
2.391654091150742261e+03
2.537636942476111017e+03
2.662538648836145512e+03
2.873185730363863058e+03
3.018396014863828896e+03
3.207744669493873062e+03
3.510813220001157333e+03
3.700780270632928477e+03
3.929228772640858097e+03
4.200366798760290294e+03
4.983745523880231303e+03
5.514044490616091025e+03
6.083669261615096730e+03
6.532527557575199353e+03
6.971350468570761223e+03
7.311191593406735592e+03
7.504492742111103325e+03
7.750285141747366652e+03
8.032309893155869759e+03
8.292305433932149754e+03
8.244073256240286355e+03
8.194745057936916055e+03
8.452382518070126025e+03
8.559814292661561922e+03
8.720276895340397459e+03
8.804008282556889753e+03
8.902163644525528071e+03
9.020700237149194436e+03
9.163165955186686915e+03
9.407964589509263533e+03
9.559994953422105027e+03
9.643557143731342876e+03
9.630569315724380431e+03
9.785042249047275618e+03
9.836592208798238062e+03
9.999164235576277861e+03
1.000619631286004369e+04
1.003250232634747226e+04
1.002226460389125168e+04
1.021297745161876810e+04
1.025667993262641903e+04
1.028911300489101086e+04
1.021418259988890168e+04
1.019623077184904105e+04
1.001954126809605805e+04
9.902726067872767089e+03
9.641463698685516647e+03
9.539067624753823111e+03
9.517809022066754551e+03
9.284411821918105488e+03
9.201607598748743840e+03
8.918980722673855780e+03
8.634535849161869919e+03
8.404382082022540999e+03
8.054851840622398413e+03
7.662016563461023907e+03
7.334386833358606054e+03
7.017002017252539190e+03
6.634885459699989042e+03
6.165688419283986150e+03
5.734828026796873928e+03
5.387437404998669081e+03
5.003010749932598628e+03
4.594564041546995213e+03
4.147655610072431955e+03
3.785926922598276633e+03
3.412070868466314550e+03
3.029903051203752511e+03
2.651065309259260630e+03
2.383000711072497324e+03
2.059073314477132499e+03
1.759653167668144306e+03
1.506028078105484155e+03
1.251155776485902607e+03
1.014593344631458081e+03
8.196818780252607439e+02
6.518422453441068001e+02
5.092530737453928964e+02
4.121065233716574312e+02
3.219779826955099225e+02
2.450246020215390956e+02
1.812233694288557899e+02
1.312000988570439119e+02
9.026219832458382086e+01
6.177710226163793550e+01
4.397149536248351609e+01
2.066596705413136092e+01
-9.202851788722883619e-02
0.000000000000000000e+00
0.000000000000000000e+00
0.000000000000000000e+00
0.000000000000000000e+00
0.000000000000000000e+00
0.000000000000000000e+00
0.000000000000000000e+00
0.000000000000000000e+00
0.000000000000000000e+00
0.000000000000000000e+00
