0.000000000000000000e+00
0.000000000000000000e+00
0.000000000000000000e+00
0.000000000000000000e+00
0.000000000000000000e+00
0.000000000000000000e+00
0.000000000000000000e+00
0.000000000000000000e+00
0.000000000000000000e+00
0.000000000000000000e+00
0.000000000000000000e+00
0.000000000000000000e+00
0.000000000000000000e+00
0.000000000000000000e+00
0.000000000000000000e+00
0.000000000000000000e+00
0.000000000000000000e+00
0.000000000000000000e+00
0.000000000000000000e+00
0.000000000000000000e+00
0.000000000000000000e+00
0.000000000000000000e+00
0.000000000000000000e+00
0.000000000000000000e+00
0.000000000000000000e+00
0.000000000000000000e+00
0.000000000000000000e+00
0.000000000000000000e+00
0.000000000000000000e+00
0.000000000000000000e+00
0.000000000000000000e+00
0.000000000000000000e+00
0.000000000000000000e+00
0.000000000000000000e+00
0.000000000000000000e+00
0.000000000000000000e+00
0.000000000000000000e+00
0.000000000000000000e+00
0.000000000000000000e+00
0.000000000000000000e+00
0.000000000000000000e+00
0.000000000000000000e+00
0.000000000000000000e+00
0.000000000000000000e+00
0.000000000000000000e+00
0.000000000000000000e+00
0.000000000000000000e+00
0.000000000000000000e+00
0.000000000000000000e+00
0.000000000000000000e+00
0.000000000000000000e+00
0.000000000000000000e+00
0.000000000000000000e+00
0.000000000000000000e+00
0.000000000000000000e+00
0.000000000000000000e+00
0.000000000000000000e+00
0.000000000000000000e+00
0.000000000000000000e+00
0.000000000000000000e+00
0.000000000000000000e+00
0.000000000000000000e+00
0.000000000000000000e+00
0.000000000000000000e+00
0.000000000000000000e+00
0.000000000000000000e+00
0.000000000000000000e+00
0.000000000000000000e+00
0.000000000000000000e+00
0.000000000000000000e+00
0.000000000000000000e+00
0.000000000000000000e+00
0.000000000000000000e+00
0.000000000000000000e+00
0.000000000000000000e+00
0.000000000000000000e+00
0.000000000000000000e+00
0.000000000000000000e+00
0.000000000000000000e+00
0.000000000000000000e+00
0.000000000000000000e+00
0.000000000000000000e+00
0.000000000000000000e+00
0.000000000000000000e+00
0.000000000000000000e+00
0.000000000000000000e+00
0.000000000000000000e+00
0.000000000000000000e+00
0.000000000000000000e+00
0.000000000000000000e+00
0.000000000000000000e+00
0.000000000000000000e+00
0.000000000000000000e+00
0.000000000000000000e+00
0.000000000000000000e+00
0.000000000000000000e+00
0.000000000000000000e+00
0.000000000000000000e+00
0.000000000000000000e+00
0.000000000000000000e+00
0.000000000000000000e+00
0.000000000000000000e+00
0.000000000000000000e+00
3.224808680470693262e-04
3.922432579673887885e-03
1.218203924688490876e-02
2.314033149433851466e-02
3.736847658539212136e-02
5.497810682838324275e-02
8.004733326903223922e-02
1.105507951453875565e-01
1.398450308890312743e-01
1.759207058640869792e-01
2.218104525248258130e-01
2.786685490318024372e-01
3.395882131843209195e-01
4.214080388705656044e-01
5.068548831482945216e-01
6.082074552098867271e-01
7.044165372595105890e-01
8.110524470272633124e-01
9.526951261335984134e-01
1.065318691128459117e+00
1.222784331315872386e+00
1.417841280248914648e+00
1.652827545077445448e+00
1.849354197993970939e+00
2.125974768583217323e+00
2.372631019098714766e+00
2.621397338095895702e+00
2.881172849875100361e+00
3.163316718611608458e+00
3.430229298391041404e+00
3.714504845382138765e+00
4.040201206838252013e+00
4.232788646845183855e+00
4.509493083694522397e+00
4.800303846682439257e+00
5.038978606453933473e+00
5.389213381673939374e+00
5.668246861954904681e+00
5.976913291357167424e+00
6.386830448076012523e+00
6.627406343456432758e+00
6.961509611385536367e+00
7.321260473691604709e+00
7.655879349058785976e+00
8.059255195758924017e+00
8.386026636756296782e+00
8.681684384854394310e+00
9.064911831603239989e+00
9.425464162902029486e+00
9.803638580587842100e+00
1.018899182216001442e+01
1.058981056111331576e+01
1.105603969949105547e+01
1.155053340543447327e+01
1.195893740165280583e+01
1.239683329170375892e+01
1.284112899847785094e+01
1.321318394595645529e+01
1.360024047402706948e+01
1.394997970604486071e+01
1.415380714530895823e+01
1.453319011383399761e+01
1.479418505121637395e+01
1.496826773722788495e+01
1.509506279438959453e+01
1.492847485249942352e+01
1.485301595398054353e+01
1.440546652942474459e+01
1.409861283342144311e+01
1.362387373589128892e+01
1.299393339090079280e+01
1.242444270067584000e+01
1.171669540812689370e+01
1.082983835361707925e+01
1.001140537275628972e+01
8.804545446913436990e+00
7.723137688107662768e+00
6.355243967564929264e+00
4.849379632620878233e+00
3.905800721949836074e+00
3.563697005678963858e+00
3.211558675409254437e+00
2.553161528174913819e+00
1.965751001835945866e+00
1.439031000279689554e+00
7.370086194822506043e-01
1.450861909171865305e+00
6.920952965633604403e-01
0.000000000000000000e+00
0.000000000000000000e+00
0.000000000000000000e+00
0.000000000000000000e+00
0.000000000000000000e+00
0.000000000000000000e+00
0.000000000000000000e+00
0.000000000000000000e+00
0.000000000000000000e+00
0.000000000000000000e+00
