0.000000000000000000e+00
0.000000000000000000e+00
0.000000000000000000e+00
0.000000000000000000e+00
0.000000000000000000e+00
0.000000000000000000e+00
0.000000000000000000e+00
0.000000000000000000e+00
0.000000000000000000e+00
0.000000000000000000e+00
0.000000000000000000e+00
0.000000000000000000e+00
0.000000000000000000e+00
0.000000000000000000e+00
0.000000000000000000e+00
0.000000000000000000e+00
0.000000000000000000e+00
0.000000000000000000e+00
0.000000000000000000e+00
0.000000000000000000e+00
0.000000000000000000e+00
0.000000000000000000e+00
0.000000000000000000e+00
0.000000000000000000e+00
0.000000000000000000e+00
0.000000000000000000e+00
0.000000000000000000e+00
0.000000000000000000e+00
0.000000000000000000e+00
0.000000000000000000e+00
0.000000000000000000e+00
0.000000000000000000e+00
0.000000000000000000e+00
0.000000000000000000e+00
0.000000000000000000e+00
0.000000000000000000e+00
0.000000000000000000e+00
0.000000000000000000e+00
0.000000000000000000e+00
0.000000000000000000e+00
0.000000000000000000e+00
0.000000000000000000e+00
0.000000000000000000e+00
0.000000000000000000e+00
0.000000000000000000e+00
0.000000000000000000e+00
0.000000000000000000e+00
0.000000000000000000e+00
0.000000000000000000e+00
0.000000000000000000e+00
0.000000000000000000e+00
0.000000000000000000e+00
0.000000000000000000e+00
0.000000000000000000e+00
0.000000000000000000e+00
0.000000000000000000e+00
0.000000000000000000e+00
0.000000000000000000e+00
0.000000000000000000e+00
0.000000000000000000e+00
0.000000000000000000e+00
0.000000000000000000e+00
0.000000000000000000e+00
0.000000000000000000e+00
0.000000000000000000e+00
0.000000000000000000e+00
0.000000000000000000e+00
0.000000000000000000e+00
0.000000000000000000e+00
0.000000000000000000e+00
0.000000000000000000e+00
0.000000000000000000e+00
0.000000000000000000e+00
0.000000000000000000e+00
0.000000000000000000e+00
0.000000000000000000e+00
0.000000000000000000e+00
0.000000000000000000e+00
0.000000000000000000e+00
0.000000000000000000e+00
0.000000000000000000e+00
0.000000000000000000e+00
0.000000000000000000e+00
0.000000000000000000e+00
0.000000000000000000e+00
0.000000000000000000e+00
0.000000000000000000e+00
0.000000000000000000e+00
0.000000000000000000e+00
0.000000000000000000e+00
0.000000000000000000e+00
0.000000000000000000e+00
0.000000000000000000e+00
0.000000000000000000e+00
0.000000000000000000e+00
0.000000000000000000e+00
0.000000000000000000e+00
0.000000000000000000e+00
0.000000000000000000e+00
0.000000000000000000e+00
7.797611925883412596e+02
8.193325438482133904e+02
8.534304597667482994e+02
8.846527205929439788e+02
9.051765523057150631e+02
9.364384877290223130e+02
9.803730269010128495e+02
1.027013529763357155e+03
1.051381691796624636e+03
1.068916656144169337e+03
1.110524603411505723e+03
1.135047198987928596e+03
1.192867799306186953e+03
1.191063201921628661e+03
1.256598429163179162e+03
1.279399974560945566e+03
1.292550421458144456e+03
1.326242134858425743e+03
1.371179227491812526e+03
1.383398675137278133e+03
1.409548759252020091e+03
1.440351740550798695e+03
1.460912170663397774e+03
1.495953871888448703e+03
1.499857037519946061e+03
1.490918849758640363e+03
1.518890432152164067e+03
1.528017995029123995e+03
1.529214988842484217e+03
1.539753685949428700e+03
1.539649533848401916e+03
1.533970377126743415e+03
1.539729105307042346e+03
1.522927377370203203e+03
1.516180704873690956e+03
1.486971624419399632e+03
1.468428845721276048e+03
1.447535434701905388e+03
1.410138902366903949e+03
1.401851428259348950e+03
1.372016607905243063e+03
1.337120083142498288e+03
1.292170279444560038e+03
1.254664145539124547e+03
1.225976062695547171e+03
1.168916944638066070e+03
1.138155389740508781e+03
1.090814683556114687e+03
1.046207022751259501e+03
9.936833787245222993e+02
9.423817524542622550e+02
8.875778905926174502e+02
8.413351942580119385e+02
7.866207450468023126e+02
7.403571707860570541e+02
6.851395469278593282e+02
6.385703031301558212e+02
5.992346914420370467e+02
5.554246850101125119e+02
5.187388622866548076e+02
4.854349386695106432e+02
4.463891406993050168e+02
4.157483342402254038e+02
3.781319218977413357e+02
3.450756184117985299e+02
3.108593763110265513e+02
2.812804720263987406e+02
2.523578898663747339e+02
2.235114155352281671e+02
1.945085543448799115e+02
1.701578543756222643e+02
1.454069855609075717e+02
1.255445144712730894e+02
1.077133393658591416e+02
9.597335953967363764e+01
8.371348111404596182e+01
7.073280500784977676e+01
5.951888198421238485e+01
4.896558924821674452e+01
3.957817523379325308e+01
3.223744275338984977e+01
2.615284695893453915e+01
2.109817429460229476e+01
1.660339108538929764e+01
1.236691253514147348e+01
8.822823600438672642e+00
6.110096180406936917e+00
4.302028492707841600e+00
3.141987375583039643e+00
1.237568021863580947e+00
2.258265232032731148e-02
0.000000000000000000e+00
0.000000000000000000e+00
0.000000000000000000e+00
0.000000000000000000e+00
0.000000000000000000e+00
0.000000000000000000e+00
0.000000000000000000e+00
0.000000000000000000e+00
0.000000000000000000e+00
0.000000000000000000e+00
