0.000000000000000000e+00
0.000000000000000000e+00
0.000000000000000000e+00
0.000000000000000000e+00
0.000000000000000000e+00
0.000000000000000000e+00
0.000000000000000000e+00
0.000000000000000000e+00
0.000000000000000000e+00
0.000000000000000000e+00
0.000000000000000000e+00
0.000000000000000000e+00
0.000000000000000000e+00
0.000000000000000000e+00
0.000000000000000000e+00
0.000000000000000000e+00
0.000000000000000000e+00
0.000000000000000000e+00
0.000000000000000000e+00
0.000000000000000000e+00
0.000000000000000000e+00
0.000000000000000000e+00
0.000000000000000000e+00
0.000000000000000000e+00
0.000000000000000000e+00
0.000000000000000000e+00
0.000000000000000000e+00
0.000000000000000000e+00
0.000000000000000000e+00
0.000000000000000000e+00
0.000000000000000000e+00
0.000000000000000000e+00
0.000000000000000000e+00
0.000000000000000000e+00
0.000000000000000000e+00
0.000000000000000000e+00
0.000000000000000000e+00
0.000000000000000000e+00
0.000000000000000000e+00
0.000000000000000000e+00
0.000000000000000000e+00
0.000000000000000000e+00
0.000000000000000000e+00
0.000000000000000000e+00
0.000000000000000000e+00
0.000000000000000000e+00
0.000000000000000000e+00
0.000000000000000000e+00
0.000000000000000000e+00
0.000000000000000000e+00
0.000000000000000000e+00
0.000000000000000000e+00
0.000000000000000000e+00
0.000000000000000000e+00
0.000000000000000000e+00
0.000000000000000000e+00
0.000000000000000000e+00
0.000000000000000000e+00
0.000000000000000000e+00
0.000000000000000000e+00
0.000000000000000000e+00
0.000000000000000000e+00
0.000000000000000000e+00
0.000000000000000000e+00
0.000000000000000000e+00
0.000000000000000000e+00
0.000000000000000000e+00
0.000000000000000000e+00
0.000000000000000000e+00
0.000000000000000000e+00
0.000000000000000000e+00
0.000000000000000000e+00
0.000000000000000000e+00
0.000000000000000000e+00
0.000000000000000000e+00
0.000000000000000000e+00
0.000000000000000000e+00
0.000000000000000000e+00
0.000000000000000000e+00
0.000000000000000000e+00
0.000000000000000000e+00
0.000000000000000000e+00
0.000000000000000000e+00
0.000000000000000000e+00
0.000000000000000000e+00
0.000000000000000000e+00
0.000000000000000000e+00
0.000000000000000000e+00
0.000000000000000000e+00
0.000000000000000000e+00
0.000000000000000000e+00
0.000000000000000000e+00
0.000000000000000000e+00
0.000000000000000000e+00
0.000000000000000000e+00
0.000000000000000000e+00
0.000000000000000000e+00
0.000000000000000000e+00
0.000000000000000000e+00
0.000000000000000000e+00
0.000000000000000000e+00
0.000000000000000000e+00
0.000000000000000000e+00
5.196256119305867928e-03
6.255626990074192317e-02
1.918587101494223790e-01
3.587551178353808878e-01
5.692591993355241575e-01
8.256965212644828966e-01
1.181350687255684706e+00
1.610318370879555427e+00
2.010658152940739019e+00
2.497066396417651379e+00
3.118042038929727866e+00
3.868963842450874768e+00
4.668323610662247880e+00
5.723037684182560980e+00
6.803164599140195001e+00
8.072572392005669784e+00
9.230837867288851584e+00
1.048604754465714528e+01
1.215559567939018137e+01
1.340562677788962809e+01
1.517133842877731098e+01
1.735110380494878868e+01
1.990813352197048403e+01
2.193146079718213670e+01
2.477155100816263200e+01
2.714897021865158422e+01
2.943314246342094620e+01
3.171392368315593657e+01
3.419276160349657090e+01
3.634487143749996818e+01
3.856508411651481083e+01
4.120666319783716602e+01
4.227070440676585861e+01
4.405531073397929021e+01
4.587258775061721394e+01
4.688868865442003653e+01
4.888454318494567019e+01
4.998624880090426359e+01
5.114444017401543618e+01
5.299673013029315172e+01
5.302465463767887854e+01
5.369499114019395591e+01
5.423004896579350032e+01
5.429655086744455872e+01
5.516841205100134005e+01
5.528034223851859963e+01
5.494076477282870030e+01
5.475976066184318114e+01
5.409413107959970546e+01
5.320664235650360752e+01
5.207239753251838721e+01
5.088099194495130462e+01
4.984860041420203913e+01
4.855533044841696722e+01
4.621192955597489771e+01
4.357027366193119633e+01
4.051746787250323223e+01
3.745265703927134382e+01
3.562414311630722352e+01
3.518049033420244598e+01
3.441514343013044197e+01
3.324416912032205573e+01
3.176702348500233342e+01
2.987933631673054080e+01
2.790529233663299991e+01
2.599026326134223908e+01
2.498188840968148483e+01
2.330960341491731569e+01
2.142098024506660181e+01
1.926483820057013574e+01
1.664545275366705823e+01
1.411932485832087991e+01
1.225073693530179675e+01
1.123092696760383724e+01
1.028225457654052910e+01
8.534553413329588167e+00
7.009913077815201454e+00
5.127812456215042225e+00
3.107978889856957139e+00
1.996755229971613144e+00
1.920353979519168419e+00
1.843731716373882668e+00
1.381718842909584133e+00
1.038187754043312427e+00
7.319033854933996164e-01
3.308870738409468437e-01
7.112296063917988853e-01
3.454554661709676733e-01
0.000000000000000000e+00
0.000000000000000000e+00
0.000000000000000000e+00
0.000000000000000000e+00
0.000000000000000000e+00
0.000000000000000000e+00
0.000000000000000000e+00
0.000000000000000000e+00
0.000000000000000000e+00
0.000000000000000000e+00
