8.790185372791627927e+00
6.955437650164863328e+01
1.254731041598900561e+02
1.600681045439833952e+02
1.790008317435019762e+02
1.873855859308862364e+02
1.898703592118498591e+02
1.866393327128392343e+02
1.805213950732769774e+02
1.726597456089120612e+02
1.645407821213377701e+02
1.560294245384697547e+02
1.478416705836618519e+02
1.388250157694997711e+02
1.304286867137638239e+02
1.227493975951991274e+02
1.149686063744133122e+02
1.080143502311102139e+02
1.006285212930261252e+02
9.487973658510153996e+01
8.882878426136613825e+01
8.303301763775577626e+01
7.793869893868247800e+01
7.315695227870513406e+01
6.878871499894577823e+01
6.455148918484456999e+01
6.044745772309783405e+01
5.726679103566740991e+01
5.388109791440221841e+01
5.050129092700215239e+01
4.759189891223321212e+01
4.488137299148973369e+01
4.164714916423106672e+01
3.956609262234475466e+01
3.750180411000765446e+01
3.517118907469366462e+01
3.299820324972009189e+01
3.148291415484457190e+01
2.940870796935838527e+01
2.769159477378270395e+01
2.580515205292000758e+01
2.448361829531672029e+01
2.326758829465498479e+01
2.204036318986841181e+01
2.056310922831518440e+01
1.944277724078484226e+01
1.825133039201505625e+01
1.698862247976540729e+01
1.611531891494571411e+01
1.515097817470084784e+01
1.417602942339487448e+01
1.321453873303141613e+01
1.264711951086338715e+01
1.165660233223679221e+01
1.080149145407985145e+01
1.024977674605315059e+01
9.528031164077111370e+00
8.931544743595399183e+00
8.382002486793259877e+00
7.720137450235887044e+00
7.225714819605270733e+00
6.800336719245660966e+00
6.186769183435443686e+00
5.880564510775623255e+00
5.586528930494795375e+00
4.941188537498194755e+00
4.689516546384419726e+00
4.412842021694717509e+00
3.954497201362619840e+00
3.718850151289823547e+00
3.398073467505356327e+00
3.165241107939662513e+00
2.887467193008324440e+00
2.650095176102839734e+00
2.368920892529912336e+00
2.260449970504593509e+00
2.001801079275455919e+00
1.851571475394251154e+00
1.667885092725362561e+00
1.534519493254556055e+00
1.376000965468606063e+00
1.195538651966766786e+00
1.061607318259733423e+00
9.367543732107215249e-01
9.466836080667573317e-01
7.682579999526125691e-01
7.310069779708058268e-01
6.495442407912286331e-01
5.017695790183611670e-01
4.834059131192716130e-01
4.483690665031758726e-01
3.487923263996255963e-01
3.326243844063262456e-01
2.638290577694024641e-01
2.684041432407480166e-01
2.400172252728161315e-01
2.027380289700956018e-01
1.564929797410948287e-01
1.598274324193103002e-01
1.315273596941436418e-01
