0.000000000000000000e+00
0.000000000000000000e+00
0.000000000000000000e+00
0.000000000000000000e+00
0.000000000000000000e+00
0.000000000000000000e+00
0.000000000000000000e+00
0.000000000000000000e+00
0.000000000000000000e+00
0.000000000000000000e+00
0.000000000000000000e+00
0.000000000000000000e+00
0.000000000000000000e+00
0.000000000000000000e+00
0.000000000000000000e+00
0.000000000000000000e+00
0.000000000000000000e+00
0.000000000000000000e+00
0.000000000000000000e+00
0.000000000000000000e+00
2.442778291866515872e+01
2.993803556367824470e+01
3.625756473524955936e+01
4.304022468105294763e+01
5.046464032873337402e+01
5.801947009423186330e+01
6.503812866407153592e+01
7.059556836942360292e+01
7.436903186480397210e+01
7.456794913944986547e+01
7.069458044609916669e+01
6.232359482689986407e+01
5.007121433216635609e+01
3.541821425621596120e+01
2.090830581264353683e+01
9.583366622923314537e+00
3.149038154878148976e+00
4.679537718070369001e-01
4.207666744299322359e-03
0.000000000000000000e+00
0.000000000000000000e+00
